True Label: 0.0
4.0	0.19564639521780736
4.0	0.1664500757152958
4.0	0.16116459280507603
4.0	0.16116459280507603
4.0	0.14673479641335552
3.0	0.13636363636363635
4.0	0.13636363636363635
1.0	0.13246937574625312
4.0	0.1317841678479201
3.0	0.13124359177794212
4.0	0.12454138185726053
4.0	0.11971005425242183
4.0	0.11306675421666135
3.0	0.11113855611859676
4.0	0.11009637651263604
3.0	0.10956204283050468
4.0	0.10744306187005068
4.0	0.10660035817780521
3.0	0.10660035817780521
4.0	0.10448925095464309
4.0	0.10418645221412463
4.0	0.10050378152592121
4.0	0.09988907373180403
3.0	0.09642365197998373
4.0	0.09357471159486555
4.0	0.09318547873829049
4.0	0.09304842103984708
3.0	0.09231861823449955
3.0	0.09140905301589132
4.0	0.0909090909090909
4.0	0.0909090909090909
4.0	0.08547043234472845
4.0	0.08528028654224418
3.0	0.08471737420873574
3.0	0.08471737420873574
0.0	0.08453219939888222
0.0	0.0832250378576479
4.0	0.08257228238447703
4.0	0.08257228238447703
4.0	0.08257228238447703
4.0	0.08128201109529437
4.0	0.07784989441615228
4.0	0.07756315349925286
4.0	0.07756315349925286
4.0	0.07537783614444091
0.0	0.0753778361444409
0.0	0.074019565682974
0.0	0.074019565682974
0.0	0.074019565682974
0.0	0.07352551778277434
