True Label: 0.0
4.0	0.5000000000000001
2.0	0.16510016510024766
4.0	0.14433756729740643
1.0	0.1439165525922309
4.0	0.13801311186847084
4.0	0.1375
4.0	0.13649512803842256
3.0	0.13607784178001997
4.0	0.1332784974957958
4.0	0.13135265938214025
2.0	0.1285058810634358
4.0	0.128086884574495
4.0	0.12695834376925205
4.0	0.12403473458920847
4.0	0.12240769277577576
3.0	0.12112034878123863
3.0	0.12042474265726208
4.0	0.12010762771366398
2.0	0.11961651377587032
4.0	0.11928641587313162
4.0	0.11414351433835285
0.0	0.11180339887498951
3.0	0.11172584819014515
4.0	0.11170680844756323
4.0	0.11134424539960097
4.0	0.1098967455659645
4.0	0.1098967455659645
4.0	0.10895886025398807
4.0	0.10840342283956415
4.0	0.1069557417155366
4.0	0.1069557417155366
4.0	0.10540925533894598
4.0	0.10490679092703531
4.0	0.10490679092703531
4.0	0.10476454436543672
4.0	0.10357099185877257
4.0	0.10350983390135313
4.0	0.10350983390135313
4.0	0.10164463907684076
4.0	0.10164463907684076
4.0	0.10112997936948631
4.0	0.10077822185373189
4.0	0.09960238411119945
4.0	0.09960238411119945
4.0	0.09682458365518543
4.0	0.0958706236059213
4.0	0.09534625892455924
2.0	0.09439751632913289
4.0	0.09428090415820634
4.0	0.09354143466934854
