True Label: 0.0
4.0	0.24355400840103245
4.0	0.23775851718273705
4.0	0.23754227473946876
4.0	0.22509674204523866
4.0	0.22145461294330657
0.0	0.214422506967559
3.0	0.2060104810498419
4.0	0.1916276672008068
4.0	0.18716330835829234
4.0	0.17507524381296344
4.0	0.16427570345801806
4.0	0.16208817969462155
3.0	0.15488061853247326
4.0	0.15488061853247326
4.0	0.15460079785490546
4.0	0.15450786078738143
3.0	0.1516196087157807
4.0	0.14567140814584595
3.0	0.14536113855365226
0.0	0.14532958974404492
4.0	0.14294833797837264
4.0	0.14037248126871926
0.0	0.13793103448275862
4.0	0.1371450962647483
0.0	0.13689641954834839
4.0	0.13561270072416207
4.0	0.13561270072416207
4.0	0.13543224462197162
3.0	0.13511320473331348
4.0	0.13511320473331348
4.0	0.13511320473331348
4.0	0.13230245041622202
0.0	0.13171358556668114
4.0	0.13157744745736571
4.0	0.12780429685269148
4.0	0.12780429685269148
3.0	0.12679236473197256
1.0	0.12576875281166858
4.0	0.12379689211803457
4.0	0.12258294179974948
4.0	0.1204950466257556
3.0	0.11986149018172561
4.0	0.11744404390294069
4.0	0.11744404390294069
4.0	0.11600295811314831
4.0	0.11600295811314831
4.0	0.11461365101225056
4.0	0.11278640768932102
4.0	0.11254837102261933
4.0	0.11197850219117086
