True Label: 0.0
3.0	0.23845524161913303
4.0	0.2341211383969555
4.0	0.19765307741717472
4.0	0.15389675281277312
3.0	0.14163034155084242
3.0	0.14048787173725413
3.0	0.1404878717372541
0.0	0.1321815364753605
0.0	0.12389865694583803
0.0	0.12053746699201456
4.0	0.11707322644771176
3.0	0.1168746288043832
4.0	0.116543309349613
4.0	0.11587244366483038
4.0	0.11543924106058495
3.0	0.1139194873735864
4.0	0.10838874619051501
4.0	0.10650358071057624
0.0	0.10319657713717412
3.0	0.10012523486435176
4.0	0.09997729275555572
3.0	0.09975298439012659
4.0	0.09933992677987831
4.0	0.09875728288769915
4.0	0.09824128045351205
3.0	0.0968498082442952
3.0	0.09567297464698798
4.0	0.09498713802919553
3.0	0.09489315647058533
4.0	0.09431035367836321
4.0	0.09304036594559835
4.0	0.09202524119391002
4.0	0.09178896028774497
4.0	0.09177137797593996
3.0	0.09049671360007386
4.0	0.09003838000521158
4.0	0.09003838000521158
4.0	0.08985634468097306
3.0	0.0891313035643173
4.0	0.08885233166386385
4.0	0.08849904067559859
4.0	0.08663463322385839
3.0	0.08603090020146067
4.0	0.08597718124511362
0.0	0.08594700851870801
3.0	0.08410788878156113
4.0	0.0837707816583391
4.0	0.0837707816583391
4.0	0.0837707816583391
4.0	0.08371385281611449
