True Label: 0.0
4.0	0.17706982279088618
4.0	0.15250469677264264
4.0	0.1483903665726761
4.0	0.1409964925382872
4.0	0.1376527139097502
3.0	0.13450689671224259
4.0	0.13227165501677987
4.0	0.12977713690461004
4.0	0.12725695259515557
4.0	0.12673548525840822
1.0	0.12599260193161546
3.0	0.12387717473380905
4.0	0.12182154970173543
4.0	0.1186762707134614
4.0	0.11616504716057313
3.0	0.11462991390763318
4.0	0.11294006873798047
3.0	0.11264386484984408
4.0	0.11240360037823713
3.0	0.11240360037823713
4.0	0.11005109731001665
4.0	0.1092593525152622
4.0	0.108388746190515
4.0	0.10814761408717502
4.0	0.10761825401153485
3.0	0.10619884881071831
4.0	0.10583946081282426
2.0	0.10541738971063219
4.0	0.10526315789473685
4.0	0.10471347707292387
3.0	0.10470968989857687
3.0	0.10402229145290723
4.0	0.10301070542879116
4.0	0.10282659320757782
4.0	0.10277580209891835
4.0	0.1013883882067266
3.0	0.10138838820672656
0.0	0.10036938356837077
3.0	0.10003705762587828
3.0	0.0996795514518881
4.0	0.09933992677987831
4.0	0.09868421052631579
4.0	0.09843269383345661
4.0	0.0975498715714635
4.0	0.09654105571515412
4.0	0.09607126676804019
4.0	0.0958618223490881
4.0	0.09560827001649261
4.0	0.09560827001649261
4.0	0.09558988911273408
