True Label: 0.0
4.0	0.5000000000000001
4.0	0.2687936011143122
0.0	0.253546276418555
4.0	0.22666666666666668
0.0	0.20442313928657
4.0	0.20283702113484398
2.0	0.19091722868594455
0.0	0.1901865930367863
0.0	0.1846265325508204
4.0	0.17205830672683486
1.0	0.1617472168606377
4.0	0.16064386578049977
4.0	0.1575452722886752
4.0	0.15511334686589623
2.0	0.1514456332038457
3.0	0.14884168150705016
4.0	0.14849242404917498
4.0	0.14533024159093355
2.0	0.14491376746189438
4.0	0.14270121360253513
4.0	0.1408357580439061
4.0	0.13973827576682674
4.0	0.13828214353094254
4.0	0.13662601021279464
2.0	0.1355544171172596
4.0	0.13483997249264842
4.0	0.1341640786499874
4.0	0.13403325065334257
3.0	0.13350742100998658
4.0	0.13155870289605442
4.0	0.12851509262439983
4.0	0.12701705922171766
4.0	0.1264911064067352
0.0	0.12649110640673517
4.0	0.125971633549051
1.0	0.12455983106584367
4.0	0.12271677122787275
4.0	0.12264447262990155
3.0	0.12122064363978788
4.0	0.12089913477983964
3.0	0.12001218630339684
4.0	0.11925695879998878
2.0	0.11887150534341145
0.0	0.11832159566199232
4.0	0.11644450194791642
4.0	0.11626367179523597
4.0	0.11537513392559247
4.0	0.11441551070947106
4.0	0.11385089071437121
4.0	0.10787197799411874
