True Label: 0.0
4.0	0.3589559789465982
3.0	0.31801237790476505
4.0	0.2710952541885742
0.0	0.25913041820945987
4.0	0.24794685084408571
3.0	0.24203811553801172
4.0	0.21838043617304562
4.0	0.21339479988815996
3.0	0.20575027394636503
3.0	0.19887901802830263
3.0	0.19887901802830263
3.0	0.19572119665161733
3.0	0.1883965105615665
4.0	0.18396881992730957
0.0	0.17996401079640126
3.0	0.17919908023023154
4.0	0.1774341043905996
4.0	0.17372057320849116
0.0	0.17352684658149387
4.0	0.17332274971262548
4.0	0.1725703392872762
4.0	0.1725703392872762
4.0	0.17079427586224763
3.0	0.1700045491330817
4.0	0.168137814078963
2.0	0.16598220107795064
4.0	0.16401847362094593
4.0	0.16289919622476898
4.0	0.1601646087068241
4.0	0.16004609991611995
4.0	0.15874683642404497
4.0	0.15681251204679503
4.0	0.15673157655131484
4.0	0.15607664448522338
4.0	0.15441828729643658
4.0	0.15398682993655988
4.0	0.15231726031777135
4.0	0.15013654986896885
3.0	0.14962557452436726
4.0	0.14876541110413943
4.0	0.14734393379094005
4.0	0.14724241192283039
3.0	0.14723278345872085
4.0	0.14718275532834055
4.0	0.14686837386151166
3.0	0.14683644248297112
3.0	0.14443257688520592
4.0	0.14285259242124787
3.0	0.1427279344045941
4.0	0.14184225406153775
