True Label: 0.0
4.0	0.29268470350248177
4.0	0.2567762955065478
4.0	0.20695933859617893
4.0	0.2002453486917181
4.0	0.19611613513818404
4.0	0.19037490262714743
4.0	0.19026059766179765
4.0	0.1879523528890281
4.0	0.17722938923964165
4.0	0.17722938923964165
3.0	0.17562856325646706
4.0	0.1647705109143269
4.0	0.16268128799957748
4.0	0.16178755723235855
3.0	0.16012815380508716
4.0	0.15850573957717806
4.0	0.15724272550828777
4.0	0.15724272550828777
4.0	0.15191090506254998
4.0	0.15191090506254998
4.0	0.15191090506254998
3.0	0.1513513786491703
4.0	0.14782809899727067
3.0	0.14708710135363803
4.0	0.14708710135363803
3.0	0.14634235175124088
3.0	0.1449292274040584
4.0	0.14316407166955
4.0	0.1416322057217663
4.0	0.14011213457945126
4.0	0.13867504905630731
4.0	0.13867504905630731
4.0	0.13867504905630731
4.0	0.13497638119975425
4.0	0.1315587028960544
4.0	0.1315587028960544
3.0	0.1283881477532739
4.0	0.1254363015010636
4.0	0.1254363015010636
4.0	0.12453387034667948
3.0	0.12267912301642961
4.0	0.12136700910941023
4.0	0.12009611535381537
3.0	0.12009611535381537
4.0	0.11891287353862352
4.0	0.11891287353862352
4.0	0.11766968108291043
4.0	0.11720180773462385
4.0	0.11476828720122217
4.0	0.11429089766391891
