True Label: 0.0
4.0	0.4550157551932901
0.0	0.4045773899393389
4.0	0.37721676807715887
3.0	0.35391919864828275
4.0	0.3457820374040623
4.0	0.30306406267810193
4.0	0.2978777343672496
4.0	0.27086816944298076
4.0	0.25408390302421974
4.0	0.25021729686848976
0.0	0.24450482346091287
4.0	0.23576048004822425
4.0	0.22795136315904266
4.0	0.22750787759664504
4.0	0.21535276082326615
4.0	0.20004940101347415
3.0	0.19504737440137349
4.0	0.1919898387329863
4.0	0.19153271942071845
0.0	0.19113821288565186
4.0	0.18843366572035788
4.0	0.18148850216015694
4.0	0.1787996349630379
0.0	0.1784558783851703
4.0	0.17732484140379762
4.0	0.17700260809846075
4.0	0.17695959932414138
4.0	0.17201561551404665
4.0	0.16553054799293268
4.0	0.16484511834894675
4.0	0.16333965194414127
3.0	0.15916375083304185
4.0	0.15899075018722333
2.0	0.15736018639055294
4.0	0.15717365336548286
4.0	0.15717365336548286
0.0	0.15364383729099873
4.0	0.153348903770537
4.0	0.15048231635721154
4.0	0.15048231635721152
4.0	0.14896989288278104
4.0	0.14744195615489714
4.0	0.14565471487897186
1.0	0.14335365966423888
4.0	0.1419033697000128
4.0	0.14130434782608695
4.0	0.1393195531438382
4.0	0.1393195531438382
4.0	0.1393195531438382
0.0	0.13621716625008515
