True Label: 0.0
0.0	0.5000000000000003
4.0	0.2505574142928979
4.0	0.2461829819586655
4.0	0.2402469130602362
1.0	0.214422506967559
4.0	0.20412414523193154
4.0	0.20273567259956696
4.0	0.19364916731037085
4.0	0.18711379979593726
3.0	0.17677669529663692
4.0	0.17129003992578723
1.0	0.16618815098872722
4.0	0.16366341767699427
4.0	0.158113883008419
3.0	0.1506487154309419
4.0	0.15021044203152745
4.0	0.14907119849998599
4.0	0.14907119849998599
4.0	0.14907119849998599
4.0	0.14777011582226218
3.0	0.14433756729740646
4.0	0.13638618139749525
3.0	0.1363703616087395
4.0	0.13636363636363638
4.0	0.13608276348795437
4.0	0.13525044520011487
4.0	0.13525044520011487
4.0	0.1305582419667734
4.0	0.12842529172852038
2.0	0.12831622564368414
3.0	0.12826726866912702
4.0	0.12598815766974242
3.0	0.12325102535131585
4.0	0.12252450735245088
4.0	0.12252450735245088
3.0	0.12038585308576923
4.0	0.12038585308576923
3.0	0.12009611535381537
4.0	0.11589658124319133
4.0	0.11572751247156896
4.0	0.11548372135928898
4.0	0.11547005383792518
2.0	0.11509684013340965
4.0	0.11481983169296146
4.0	0.1134303138500981
4.0	0.11340808859081936
4.0	0.11340808859081936
4.0	0.11322770341445959
3.0	0.11056724533396292
4.0	0.11023963796102462
