True Label: 0.0
1.0	0.3439854600945522
2.0	0.3186350900282772
4.0	0.2956033306881437
0.0	0.2704894766197482
0.0	0.2622471143038004
0.0	0.2556936214605542
3.0	0.21700604014337957
0.0	0.20689660295542445
1.0	0.20682379049392077
3.0	0.1990365919423376
4.0	0.17856841468222132
3.0	0.16760328696029791
3.0	0.16160421627602378
4.0	0.1501820912404141
0.0	0.1501511005915958
4.0	0.14774635277549272
4.0	0.1419620765529085
0.0	0.12991396049232617
1.0	0.12975604343283517
0.0	0.1277593507296723
4.0	0.12649335519748367
0.0	0.1258576207402672
1.0	0.12430582565245779
0.0	0.11713977334481106
3.0	0.11475597782756289
4.0	0.11430904504318622
3.0	0.11329833514827256
3.0	0.1132097862209912
1.0	0.11217739382018509
4.0	0.11154798009955186
0.0	0.10732519282743155
4.0	0.10713273548045271
0.0	0.10556866999093231
3.0	0.10434358092980021
0.0	0.10341189524696039
4.0	0.10334592273929069
3.0	0.1029091810106501
0.0	0.10176802973291374
1.0	0.1014140529048232
0.0	0.10103279571720915
0.0	0.09835037748707916
4.0	0.09401561020861532
4.0	0.08931584783847425
4.0	0.08931584783847425
1.0	0.08912024165877491
4.0	0.08805205594965983
4.0	0.0875113012593303
1.0	0.08729334002110962
1.0	0.08529269365463138
4.0	0.08077660376319444
