True Label: 0.0
1.0	0.538528251147414
0.0	0.3937813043138233
3.0	0.38846348614837245
4.0	0.351382110749967
0.0	0.3470463269505222
4.0	0.2942449431682499
4.0	0.277572601235535
4.0	0.26549712202679576
4.0	0.2351585405008862
4.0	0.23289712627804457
4.0	0.2182178902359924
0.0	0.21700604014337957
3.0	0.21372106056568996
3.0	0.21122766482982444
0.0	0.20261022461827696
3.0	0.20006703232686213
0.0	0.1926260650503149
4.0	0.1863617487505633
1.0	0.18234920215644926
4.0	0.16617502351099794
1.0	0.1527830828380352
1.0	0.15237206797127917
3.0	0.1519944414477816
0.0	0.1251565435804397
0.0	0.11631052629980886
3.0	0.1094331923264895
1.0	0.10910894511799621
4.0	0.10652258608887295
2.0	0.10369516947304253
4.0	0.10350983390135314
4.0	0.10012523486435176
4.0	0.0979534722672509
0.0	0.08968700041677191
4.0	0.08661685839794792
4.0	0.08625819491779428
1.0	0.0828416869579514
1.0	0.08188394740675291
0.0	0.08132500607904444
0.0	0.07637626158259735
1.0	0.07626753491768648
1.0	0.074535599249993
4.0	0.07273929674533079
1.0	0.07225916412701
4.0	0.07142857142857144
4.0	0.0708683386892301
4.0	0.06978631577988531
4.0	0.0675164347192825
4.0	0.06681531047810611
4.0	0.0668153104781061
4.0	0.06655583256397218
