True Label: 0.0
3.0	0.19051586888313604
2.0	0.17503798979747345
4.0	0.12185435916898847
3.0	0.11712781225591089
0.0	0.11547005383792514
3.0	0.1
3.0	0.09491579957524988
3.0	0.09014213146323033
4.0	0.08877781494414838
4.0	0.08819171036881968
3.0	0.08804509063256237
0.0	0.08403658068160179
4.0	0.0816496580927726
3.0	0.08041806928957862
0.0	0.08013366759530131
4.0	0.08006407690254355
3.0	0.07777777777777778
4.0	0.07385489458759963
1.0	0.07126966450997983
4.0	0.07035264706814484
4.0	0.06963106238227913
0.0	0.06826561487862891
4.0	0.06793662204867573
4.0	0.06432675209026767
4.0	0.06405126152203484
4.0	0.06348110542727384
1.0	0.06262242910851494
4.0	0.06221710168382551
3.0	0.061237243569579436
3.0	0.06030226891555272
4.0	0.06030226891555272
4.0	0.05962847939999438
4.0	0.059628479399994376
4.0	0.059473800853066285
4.0	0.057735026918962574
4.0	0.05773502691896257
4.0	0.05773502691896257
4.0	0.05773502691896257
3.0	0.05773502691896257
2.0	0.05739968026673402
0.0	0.057228569528738664
0.0	0.05717933519134905
0.0	0.05701240736627577
4.0	0.05659164584181102
1.0	0.05618006477335896
0.0	0.05613413993878115
1.0	0.0560570203040462
4.0	0.05601120336112038
4.0	0.05581455721859474
4.0	0.055205244747388325
