True Label: 0.0
4.0	0.1732050807568877
4.0	0.16269784336399212
4.0	0.158113883008419
3.0	0.11952286093343936
4.0	0.11656310103003922
4.0	0.08964214570007953
4.0	0.0816496580927726
4.0	0.0816496580927726
3.0	0.08057502986242654
0.0	0.07905694150420947
4.0	0.07694837640638655
4.0	0.07453559924999298
2.0	0.06973768028438389
4.0	0.0657793514480272
4.0	0.06249999999999999
4.0	0.05976143046671968
3.0	0.05923488777590924
3.0	0.056694670951384085
4.0	0.05590169943749474
4.0	0.05541888731518407
4.0	0.05423261445466404
4.0	0.05423261445466404
3.0	0.052704627669472995
4.0	0.0512989176042577
4.0	0.0512989176042577
2.0	0.0512989176042577
4.0	0.049999999999999996
3.0	0.04938647983247947
4.0	0.04879500364742666
4.0	0.04879500364742666
4.0	0.04879500364742666
4.0	0.048629876257963736
4.0	0.04767312946227961
4.0	0.0469668218313862
4.0	0.045643546458763846
0.0	0.044721359549995794
4.0	0.044721359549995794
4.0	0.043852900965351466
0.0	0.043651893485598635
4.0	0.043301270189221926
1.0	0.04303314829119352
4.0	0.0408248290463863
1.0	0.03866801405560912
4.0	0.038348249442368525
4.0	0.038348249442368525
0.0	0.03834824944236852
4.0	0.03822353935782191
4.0	0.03726779962499649
4.0	0.03659625273556999
4.0	0.03627381250550058
