True Label: 0.0
4.0	0.6426342871943739
3.0	0.5590509778991232
4.0	0.46432174405022647
4.0	0.4636065483804322
4.0	0.4500914853571891
3.0	0.44571242241930276
4.0	0.4170288281141495
4.0	0.40228729653794937
4.0	0.38859504437909387
2.0	0.37133874062352606
0.0	0.37012867015149564
4.0	0.36595401847911674
3.0	0.3582320028359548
4.0	0.35145097319720825
4.0	0.3407465184230485
4.0	0.33013632401062826
2.0	0.32943323504519584
3.0	0.3180971089950177
4.0	0.3058851676054783
3.0	0.3032936931739269
4.0	0.29990483046161776
3.0	0.2954774578113821
3.0	0.2889602459083516
2.0	0.2840870424208419
0.0	0.27609440361293197
3.0	0.27438482430479083
0.0	0.2725144219686994
4.0	0.2710005262402481
4.0	0.27099545114233314
0.0	0.26736505284735973
4.0	0.26138665108696657
4.0	0.26137437682004494
4.0	0.25500628839015294
4.0	0.25408390302421974
4.0	0.2506820503168927
4.0	0.2482040475187017
4.0	0.24519089925015328
4.0	0.24288838077706526
4.0	0.23798351961093292
4.0	0.23580581424344155
4.0	0.2318032741902161
2.0	0.2316979394783658
4.0	0.2298854360695321
4.0	0.22872126154944794
4.0	0.2274702698804452
0.0	0.2268606277001962
4.0	0.22667906654450065
4.0	0.2228066836757921
3.0	0.22253732790634398
4.0	0.2224535799662346
