True Label: 0.0
4.0	0.30117351663461456
4.0	0.29346959282671103
3.0	0.27305934063637505
4.0	0.23693955110363693
4.0	0.23693955110363693
4.0	0.22941573387056174
3.0	0.22329687826943603
4.0	0.21629522817435004
4.0	0.21629522817435004
4.0	0.2051956704170308
4.0	0.19960610498447506
4.0	0.19564639521780736
4.0	0.19007487139298024
4.0	0.18925832465255626
4.0	0.18421052631578944
4.0	0.17914359097500465
0.0	0.179109465135858
3.0	0.17534604868295828
0.0	0.172977628156128
4.0	0.17206180040292132
4.0	0.16692446522239715
4.0	0.16692446522239715
4.0	0.16481712868606582
4.0	0.16222142113076252
4.0	0.16062314155080887
4.0	0.16059101370939322
4.0	0.15974461276617435
4.0	0.15511334686589623
4.0	0.1538967528127731
4.0	0.1538967528127731
4.0	0.15058675831730728
4.0	0.15058675831730728
4.0	0.14808721943977307
4.0	0.14673479641335552
4.0	0.14667970544223286
4.0	0.14567913668701624
4.0	0.14509525002200233
3.0	0.14350946197048195
4.0	0.1433848336691011
4.0	0.1433848336691011
3.0	0.1433848336691011
4.0	0.1433848336691011
0.0	0.1433148727800037
4.0	0.14194374348941718
4.0	0.13834289277321493
4.0	0.13572417850765922
4.0	0.13157894736842102
0.0	0.12695834376925202
3.0	0.12540051368250324
4.0	0.1251565435804397
