True Label: 0.0
3.0	0.5
4.0	0.09682458365518541
4.0	0.09128709291752768
3.0	0.09095085938862486
4.0	0.08451542547285165
4.0	0.08333333333333333
3.0	0.0799502686333539
4.0	0.07624928516630233
4.0	0.07372097807744857
1.0	0.07216878364870323
4.0	0.07216878364870323
4.0	0.06933752452815364
4.0	0.06735198826004059
1.0	0.06735198826004057
4.0	0.0668153104781061
3.0	0.06431196942844081
3.0	0.06350006350009525
4.0	0.0625
4.0	0.0625
4.0	0.0625
4.0	0.06158307988526832
3.0	0.060833032924035954
4.0	0.06063390625908324
3.0	0.06004805767690767
4.0	0.05892556509887897
2.0	0.05590169943749474
4.0	0.05590169943749474
4.0	0.0546875
4.0	0.0545544725589981
3.0	0.0545544725589981
2.0	0.0545544725589981
4.0	0.05360562674188974
3.0	0.053300179088902604
3.0	0.052822140920532286
3.0	0.05251050315105037
4.0	0.05212860351426869
4.0	0.05212860351426869
0.0	0.05103103630798288
4.0	0.05
2.0	0.0485094078566458
2.0	0.0468292905790847
4.0	0.04570452650794567
4.0	0.04564354645876384
4.0	0.04564354645876384
2.0	0.04564354645876384
4.0	0.04547542969431243
4.0	0.044821072850039764
0.0	0.04389043019854896
3.0	0.043425520861228195
4.0	0.04273521617236423
