True Label: 0.0
4.0	0.34199278402838473
4.0	0.26490647141300877
1.0	0.20519567041703082
4.0	0.19564639521780736
4.0	0.19134594929397594
2.0	0.18963594226171937
3.0	0.18830046126314018
4.0	0.17910946513585801
3.0	0.17206180040292132
4.0	0.1720618004029213
1.0	0.16943474841747147
4.0	0.16754156331667816
1.0	0.15442305355564984
0.0	0.1510898895497637
2.0	0.14908270223874598
4.0	0.14518118147757905
4.0	0.14483836829201557
4.0	0.1391037210186643
4.0	0.13518451760896877
4.0	0.12339191184909339
4.0	0.12244949999473091
0.0	0.12128174734297756
4.0	0.12105003117656306
0.0	0.11851078984266182
4.0	0.11846977555181845
4.0	0.11688150762660181
4.0	0.11314714296070713
4.0	0.11128297681493143
4.0	0.10814761408717502
4.0	0.10288402219457808
3.0	0.1025978352085154
0.0	0.10012523486435176
4.0	0.09883693657685835
4.0	0.09782319760890368
2.0	0.097327093849196
4.0	0.09544271444636665
0.0	0.094140119453897
4.0	0.0936585811581694
4.0	0.09197090092274487
4.0	0.09197090092274487
4.0	0.08977310580745097
4.0	0.08830215713766958
2.0	0.08830215713766958
3.0	0.08740748201220974
0.0	0.08671099695241198
4.0	0.08603090020146065
4.0	0.08603090020146065
4.0	0.08346223261119858
4.0	0.08346223261119858
4.0	0.08346223261119858
