True Label: 0.0
4.0	0.3375699755192885
4.0	0.1978141420187361
4.0	0.19146654018046283
4.0	0.15
3.0	0.14509525002200233
4.0	0.14509525002200233
4.0	0.14509525002200233
4.0	0.14301938838683886
0.0	0.14220306796348067
3.0	0.13801311186847084
0.0	0.13801311186847084
4.0	0.1328422328310143
4.0	0.1328422328310143
4.0	0.12695834376925202
3.0	0.1267731382092775
4.0	0.12613124477737828
0.0	0.12344267996967355
4.0	0.1224744871391589
4.0	0.1224744871391589
4.0	0.12171612389003693
4.0	0.11858541225631422
4.0	0.11744404390294069
4.0	0.11547005383792515
4.0	0.11547005383792515
4.0	0.11547005383792515
4.0	0.11504474832710557
4.0	0.11504474832710557
3.0	0.11504474832710557
3.0	0.11359236684941297
4.0	0.11180339887498951
3.0	0.11180339887498948
3.0	0.11180339887498948
4.0	0.11118251046325314
4.0	0.11009637651263607
0.0	0.10978875820671
2.0	0.10859306069076735
2.0	0.10859306069076735
4.0	0.10540925533894598
4.0	0.10350983390135314
4.0	0.10350983390135314
0.0	0.10112997936948633
4.0	0.1011299793694863
4.0	0.1011299793694863
4.0	0.1
4.0	0.09890707100936805
0.0	0.09534625892455924
4.0	0.09534625892455924
2.0	0.09486832980505139
4.0	0.09486832980505137
4.0	0.0943975163291329
