True Label: 0.0
4.0	0.25717224993681986
4.0	0.23570226039551587
4.0	0.1767766952966369
4.0	0.16552117772047362
0.0	0.15075567228888181
4.0	0.1421338109037403
4.0	0.1388888888888889
4.0	0.1388888888888889
4.0	0.1347039765200812
1.0	0.13187609467915742
4.0	0.13176156917368248
4.0	0.13130643285972257
4.0	0.12909944487358058
4.0	0.12858612496840993
4.0	0.12858612496840993
4.0	0.1270001270001905
4.0	0.1256297269074015
1.0	0.12487810821089254
4.0	0.12171612389003691
4.0	0.11551721334727869
2.0	0.1143323900950059
4.0	0.11111111111111113
0.0	0.11043152607484656
3.0	0.10959932487023821
4.0	0.10814761408717502
4.0	0.10783277320343843
3.0	0.10570328451633801
4.0	0.10540925533894599
4.0	0.1025762424827773
4.0	0.10206207261596578
2.0	0.10206207261596577
4.0	0.10101525445522108
4.0	0.09829463743659811
3.0	0.09712858623572643
4.0	0.09449111825230681
4.0	0.09435641951204965
2.0	0.09266412029162778
4.0	0.09245003270420488
4.0	0.09245003270420488
0.0	0.09147787074926965
4.0	0.09128709291752768
4.0	0.09128709291752768
4.0	0.0907218423253029
1.0	0.08980265101338747
4.0	0.0890870806374748
4.0	0.08606629658238704
4.0	0.08595177052156613
0.0	0.08574929257125442
4.0	0.08574929257125442
4.0	0.08574929257125442
