True Label: 0.0
4.0	0.29346959282671103
4.0	0.27311549679956754
4.0	0.26089089729624443
3.0	0.258731808559231
4.0	0.25854384499750954
4.0	0.24618298195866542
3.0	0.24450482346091287
4.0	0.23836564731139806
4.0	0.23647338483139116
4.0	0.2302830932359191
4.0	0.22613350843332272
4.0	0.21320071635561041
3.0	0.2075143391598224
4.0	0.20684657673898782
0.0	0.1945940840619183
4.0	0.19145989526687088
3.0	0.1846372364689991
4.0	0.17739371879672478
4.0	0.1752499093081954
4.0	0.1709408646894569
4.0	0.17063023229633048
4.0	0.16854996561581048
4.0	0.16245910832216467
1.0	0.15836151649297914
4.0	0.15627967832118694
2.0	0.15569978883230456
4.0	0.1554926033927807
4.0	0.15441828729643656
4.0	0.15441828729643656
0.0	0.15075567228888181
2.0	0.15075567228888181
3.0	0.14908345109512441
3.0	0.14901158744297227
0.0	0.148039131365948
0.0	0.148039131365948
0.0	0.148039131365948
0.0	0.14673479641335552
4.0	0.1443375672974064
4.0	0.14427623839415024
4.0	0.14414999403128942
2.0	0.14414999403128942
3.0	0.14333327361114842
4.0	0.14245072057454744
4.0	0.14101901870444153
4.0	0.1367092988608169
3.0	0.13655774839978377
4.0	0.13636363636363635
4.0	0.13636363636363635
4.0	0.1362373152282665
4.0	0.1362373152282665
