True Label: 0.0
4.0	0.5000000000000001
4.0	0.5000000000000001
4.0	0.28867513459481287
4.0	0.280056016805602
3.0	0.2254174086668581
4.0	0.17588161767036214
4.0	0.17320508075688776
3.0	0.1666666666666667
4.0	0.15430334996209194
3.0	0.14048787173725413
4.0	0.140028008402801
0.0	0.140028008402801
4.0	0.140028008402801
4.0	0.140028008402801
4.0	0.13525044520011487
4.0	0.1305582419667734
3.0	0.12961896184130317
4.0	0.1275775907699572
1.0	0.12629537138523067
4.0	0.12309149097933274
4.0	0.12309149097933274
3.0	0.12038585308576923
4.0	0.11745230966245428
3.0	0.11547005383792518
3.0	0.1147078669352809
3.0	0.1147078669352809
4.0	0.1118033988749895
4.0	0.1118033988749895
4.0	0.10825317547305485
4.0	0.10825317547305485
4.0	0.10502100630210075
4.0	0.10502100630210075
1.0	0.1042109834806974
4.0	0.10206207261596575
0.0	0.10206207261596575
0.0	0.10022296571715916
0.0	0.10022296571715916
0.0	0.10022296571715916
4.0	0.0993399267798783
4.0	0.09913144821476803
4.0	0.09759000729485334
4.0	0.09744805811819832
3.0	0.09682458365518543
3.0	0.09449111825230681
4.0	0.09231861823449955
3.0	0.0912870929175277
3.0	0.09095085938862488
4.0	0.09028938981432692
4.0	0.08908708063747481
4.0	0.08703882797784893
