True Label: 0.0
4.0	0.25
4.0	0.16000000000000003
4.0	0.1386750490563073
1.0	0.12344267996967352
3.0	0.103209369308428
4.0	0.09701425001453319
4.0	0.09615239476408233
4.0	0.09428090415820635
0.0	0.08944271909999159
4.0	0.08944271909999159
4.0	0.0886796350347864
4.0	0.08781140799175227
4.0	0.08628403050799638
2.0	0.08574929257125441
4.0	0.08109307588519342
4.0	0.07844645405527362
3.0	0.0762000762001143
4.0	0.07592841730972762
4.0	0.07559289460184544
3.0	0.07500000000000001
4.0	0.07453559924999299
4.0	0.07071067811865477
4.0	0.07071067811865475
4.0	0.06933752452815364
4.0	0.06804138174397717
0.0	0.06666666666666667
1.0	0.06585527740981746
4.0	0.0632455532033676
1.0	0.06257681363874318
4.0	0.06246950475544243
1.0	0.06221710168382552
4.0	0.061237243569579464
3.0	0.06099942813304187
2.0	0.05874077998483538
4.0	0.05850179393017046
4.0	0.05773502691896259
4.0	0.05773502691896259
4.0	0.05773502691896259
4.0	0.05773502691896258
4.0	0.05758526005989556
3.0	0.05601120336112039
4.0	0.05570860145311556
4.0	0.05570860145311556
4.0	0.05542788683854176
3.0	0.05468687416197306
4.0	0.05388159060803248
4.0	0.053452248382484885
0.0	0.05240002587656239
4.0	0.05
4.0	0.05
