True Label: 0.0
4.0	0.3142936330963102
4.0	0.2651439066774996
3.0	0.25334729596907
4.0	0.25043516133890464
4.0	0.2272662057235711
4.0	0.2254174086668581
4.0	0.21688321172034597
3.0	0.21166912293339676
4.0	0.2030258904551879
4.0	0.20245779780388534
4.0	0.19754591932991794
4.0	0.1840525434580776
4.0	0.18224227560060588
3.0	0.17548721464277556
4.0	0.17128260594622832
4.0	0.16829781403596433
4.0	0.16695677422593644
4.0	0.1648085632718039
4.0	0.1648085632718039
3.0	0.16282240225645905
4.0	0.16070147520167408
4.0	0.1571468165481551
4.0	0.15617376188860607
4.0	0.15617376188860607
4.0	0.15617376188860607
4.0	0.1537996468490741
4.0	0.15217433858276572
4.0	0.152008377581442
4.0	0.1516018286384735
3.0	0.15151080381571405
3.0	0.15040889243658906
4.0	0.15027827244457206
4.0	0.1433148727800037
4.0	0.142146555473226
4.0	0.14113362174546457
4.0	0.14113362174546457
4.0	0.1388386131576534
4.0	0.1381593897175512
4.0	0.13803940759355818
4.0	0.1366520416525303
4.0	0.1366520416525303
4.0	0.1361612328996745
4.0	0.13318543164240537
4.0	0.13318543164240537
4.0	0.1325719533387498
4.0	0.13199091933711365
4.0	0.13066434376564756
4.0	0.12883678042065433
4.0	0.12883678042065433
2.0	0.12727506476094613
