True Label: 0.0
4.0	0.14085904245475278
4.0	0.1393195531438382
4.0	0.12262786789699316
0.0	0.10290273286496182
4.0	0.09737896014323137
4.0	0.09643959372630746
4.0	0.09377616887699258
4.0	0.09170315391816251
4.0	0.09041685697649211
3.0	0.0900426002272451
4.0	0.08838834764831843
4.0	0.08559209850218259
3.0	0.08272518325910407
4.0	0.08197365466736134
4.0	0.07881104062391008
4.0	0.07812217445161665
4.0	0.07521774144446014
4.0	0.0739509972887452
4.0	0.07319250547113999
3.0	0.07278923790929545
4.0	0.0727392967453308
4.0	0.07229440390678198
3.0	0.06991615089823366
4.0	0.0696597765719191
4.0	0.06926356448094152
0.0	0.06909874910284776
4.0	0.06875238727711586
2.0	0.06566952261166638
1.0	0.06520506636966264
3.0	0.06482037235521644
4.0	0.06419407387663695
4.0	0.06399746063114223
3.0	0.0639436083336636
4.0	0.063865239475201
1.0	0.06338656910463875
4.0	0.06299407883487121
3.0	0.06157112548742974
4.0	0.06005149274362198
4.0	0.05955919154334868
2.0	0.05939887041393644
4.0	0.05910828046793255
3.0	0.05905694890769175
4.0	0.05905694890769175
0.0	0.058470947639852305
4.0	0.058321184351980436
4.0	0.058104355012585505
4.0	0.058104355012585505
3.0	0.058015034288023466
3.0	0.056876969399161245
4.0	0.0555936987495826
