True Label: 0.0
3.0	0.22221822308203704
4.0	0.16809380790358772
4.0	0.15356246163750753
4.0	0.1474419561548971
4.0	0.13515512647532235
4.0	0.11571345678287054
2.0	0.11566298639324805
2.0	0.11235088294097073
3.0	0.11110911154101852
4.0	0.10727978097782273
4.0	0.10727978097782273
3.0	0.10508346582822128
4.0	0.10425720702853739
4.0	0.10425720702853739
4.0	0.10223260251369135
4.0	0.10147651372376074
4.0	0.10114434748483471
1.0	0.10065215795821898
4.0	0.09833979922967084
4.0	0.09241413674761806
3.0	0.09210625981170081
4.0	0.09113719611210548
0.0	0.09055770954349483
3.0	0.09028938981432692
2.0	0.09015612126963722
2.0	0.09015612126963722
2.0	0.08993875008265759
3.0	0.0878090570444541
2.0	0.0871203479245162
3.0	0.08695652173913043
3.0	0.08587172915538824
4.0	0.08457680368440795
2.0	0.08383651054170102
4.0	0.0834057656228299
4.0	0.08258401390153339
4.0	0.08178608201095307
1.0	0.0814112011282295
3.0	0.08099727777037435
4.0	0.08075728530872482
4.0	0.08043618151097337
3.0	0.07969440200184975
4.0	0.07952427724875442
4.0	0.07944407119985641
4.0	0.07944407119985641
4.0	0.07913873867198119
4.0	0.07839563546716546
0.0	0.07819290527140303
4.0	0.07814408047409083
4.0	0.07779698928301773
4.0	0.07765549061944835
