True Label: 0.0
4.0	0.472455591261534
4.0	0.4375
4.0	0.28867513459481287
3.0	0.279327777685801
3.0	0.26940795304016235
0.0	0.26516504294495535
4.0	0.23570226039551587
4.0	0.23385358667337133
4.0	0.233251955661992
4.0	0.22941573387056174
4.0	0.22941573387056174
3.0	0.22800233089396643
3.0	0.20851441405707477
4.0	0.2004459314343183
3.0	0.19364916731037082
4.0	0.1936491673103708
4.0	0.1936491673103708
4.0	0.1901597073139162
4.0	0.18190171877724973
4.0	0.17677669529663687
4.0	0.17677669529663687
4.0	0.1690308509457033
4.0	0.16666666666666666
4.0	0.16666666666666666
4.0	0.16666666666666666
4.0	0.16413304107465318
3.0	0.1636634176769943
3.0	0.16222142113076254
4.0	0.16137430609197567
4.0	0.15811388300841897
4.0	0.15811388300841897
0.0	0.15811388300841897
4.0	0.15625
4.0	0.15625
4.0	0.1523179489612356
4.0	0.15158476564770812
3.0	0.15075567228888181
4.0	0.15000000000000002
4.0	0.1493377451099937
4.0	0.1479019945774904
3.0	0.14744195615489714
4.0	0.1473139127471974
4.0	0.1473139127471974
4.0	0.14708710135363803
4.0	0.14433756729740646
4.0	0.14433756729740646
4.0	0.14384911389218763
4.0	0.1433848336691011
4.0	0.14173667737846019
4.0	0.14173667737846019
