True Label: 0.0
4.0	0.49999999999999944
3.0	0.4392634433383775
4.0	0.43496812691749437
4.0	0.4229344193766309
4.0	0.32646431254950525
3.0	0.3191491861301212
4.0	0.2949630864050079
3.0	0.29115219955309957
4.0	0.27723070136732647
4.0	0.27627330712889325
3.0	0.2753397150688651
4.0	0.2687244645316794
2.0	0.2636098093374891
4.0	0.26289984357392865
3.0	0.2583428053091674
4.0	0.25802665423375176
4.0	0.25131234497501725
3.0	0.24635189690799358
3.0	0.24360848855033748
4.0	0.24283093212859136
3.0	0.240984901830419
4.0	0.23878346647045962
4.0	0.2361531085880084
4.0	0.23549813611682102
4.0	0.23414645289542352
4.0	0.23345363155480015
3.0	0.23179316248638265
2.0	0.2303696495604325
4.0	0.22944288848199262
4.0	0.22531902433715884
4.0	0.22500749725101
4.0	0.2236842105263157
4.0	0.22351483525472615
4.0	0.22256595362986287
4.0	0.2217540166251436
3.0	0.22133854385266802
3.0	0.2212437538711597
2.0	0.22030256079226748
3.0	0.21963172166918876
0.0	0.21629522817435004
3.0	0.21605198244750462
4.0	0.2158224199943226
4.0	0.2152365080230696
4.0	0.21453067465054168
0.0	0.21239769762143657
4.0	0.21029953677611485
4.0	0.21029953677611485
4.0	0.20947058021738563
0.0	0.20711794950273218
4.0	0.20602141085758227
