True Label: 0.0
3.0	0.3214121732666125
3.0	0.21328133678441574
4.0	0.20683507599800763
2.0	0.19462473604038072
4.0	0.1846372364689991
4.0	0.18183970258310517
4.0	0.1722921969015792
3.0	0.17007533576245187
4.0	0.16116459280507603
3.0	0.16070608663330624
4.0	0.16070608663330624
4.0	0.16070608663330624
4.0	0.15836151649297914
4.0	0.15512630699850571
4.0	0.15386436372416593
4.0	0.1531679162134967
4.0	0.14976057446828844
4.0	0.149270358506633
4.0	0.1474419561548971
4.0	0.14673479641335552
0.0	0.14564381625088382
4.0	0.1446354779699756
4.0	0.13957263155977062
4.0	0.13957263155977062
4.0	0.1348399724926484
4.0	0.13121597027036946
4.0	0.1305582419667734
3.0	0.12927192249875477
4.0	0.12927192249875477
4.0	0.12797267422224784
4.0	0.12651134984231435
4.0	0.12435810344649607
4.0	0.12309149097933271
4.0	0.12309149097933271
3.0	0.12309149097933271
4.0	0.1222789970111296
4.0	0.11918282365569903
4.0	0.11677484162422844
4.0	0.11396057645963795
4.0	0.11396057645963795
4.0	0.11363636363636362
4.0	0.11249426064331436
4.0	0.11134044285378082
3.0	0.11009637651263605
4.0	0.11009637651263604
4.0	0.11009637651263604
4.0	0.11009637651263604
4.0	0.11009637651263604
4.0	0.10919021808652281
4.0	0.1088448223749465
