True Label: 0.0
2.0	0.37133923623046133
2.0	0.3090847785445296
2.0	0.28206376947068423
1.0	0.27586862953412267
4.0	0.26845242850985906
0.0	0.23052383304200436
1.0	0.22759161936565117
3.0	0.2270931823214638
3.0	0.21173540197217566
0.0	0.20733335283674914
3.0	0.20432377769551877
3.0	0.20307285509118606
4.0	0.19407093960249946
4.0	0.1850583025494013
3.0	0.1845185105316546
3.0	0.18091110908340674
3.0	0.17870778982847463
2.0	0.16893434459987153
4.0	0.168434480870758
4.0	0.16620941843426232
4.0	0.16223989289427526
0.0	0.16145369671519777
3.0	0.15962795132462404
4.0	0.15906380797375408
3.0	0.15640281177246362
3.0	0.15638078165589933
0.0	0.15605486292817408
3.0	0.15531098123889672
2.0	0.15419152487578394
3.0	0.15393156857680895
1.0	0.1535242712190619
3.0	0.15299949816246902
3.0	0.15299949816246902
4.0	0.15240742685842076
3.0	0.15102501972443297
4.0	0.14858267118384044
4.0	0.14688547397803986
3.0	0.1467362089031251
1.0	0.14642859736901404
4.0	0.14469154185655814
3.0	0.14447872876615397
4.0	0.14223021588416068
4.0	0.14115693464811713
4.0	0.14076253059521726
4.0	0.13811763500253396
4.0	0.13796083804675405
4.0	0.1376527139097502
4.0	0.13448595689788478
4.0	0.13425540338526365
0.0	0.1331879211139045
