True Label: 0.0
4.0	0.1912592130593624
4.0	0.18064892093237817
3.0	0.17111773060814794
4.0	0.17024276904224694
0.0	0.16448792373994225
2.0	0.15476258713813196
0.0	0.15289415743128765
4.0	0.14767041564679745
3.0	0.14371073452136324
4.0	0.14301938838683884
4.0	0.14067598969066597
4.0	0.13957263155977065
1.0	0.13752500030627962
4.0	0.13680854337396825
4.0	0.1294079266631437
0.0	0.12744971239613592
0.0	0.12744971239613592
0.0	0.12744971239613592
4.0	0.12406456138646278
3.0	0.12353269759889379
4.0	0.1234572911646078
3.0	0.12302056530880599
4.0	0.12012499502607454
4.0	0.11922883130985648
4.0	0.11712187015042265
4.0	0.11712187015042265
4.0	0.11281521496355325
4.0	0.11166429180655175
4.0	0.11055799856455639
0.0	0.10989055587179372
0.0	0.10965227699510599
4.0	0.10810677357723826
3.0	0.107682623063487
4.0	0.1074430618700507
3.0	0.10671065345632838
4.0	0.10594569267279517
3.0	0.10550699226799948
4.0	0.10446386175466814
4.0	0.10308121991160743
4.0	0.10308121991160743
4.0	0.10252351760523437
3.0	0.10155400629994434
4.0	0.10080245612650102
4.0	0.10072787050317253
4.0	0.10072787050317253
3.0	0.10042420607280685
4.0	0.09923559562859086
4.0	0.09898604687939055
3.0	0.09779143167281401
4.0	0.09772038812426304
