True Label: 0.0
2.0	0.2020437615923358
3.0	0.19438456259103418
3.0	0.16626364139651229
4.0	0.16436428567176642
4.0	0.16145369671519777
3.0	0.13797369644231547
3.0	0.13167016328743084
3.0	0.13075098860631254
4.0	0.12463539056995117
1.0	0.12195474624713909
0.0	0.12192827750103306
3.0	0.12067769800636949
4.0	0.12019786430485742
0.0	0.11943994530713445
0.0	0.11644206543719877
3.0	0.11242265094133695
1.0	0.11224051547567639
0.0	0.10948103090714369
1.0	0.10931246878883936
1.0	0.10771780604893169
3.0	0.10750823813438268
2.0	0.10628143342964282
1.0	0.10604867176786317
4.0	0.1016952133604653
3.0	0.10056474833864124
0.0	0.09853292781642932
4.0	0.09733369943028708
4.0	0.09564841019023444
0.0	0.09481335399809573
4.0	0.09474176972666139
4.0	0.0945566233681481
4.0	0.0945566233681481
3.0	0.09385270759790347
0.0	0.09377839597442532
0.0	0.09289773523888237
0.0	0.09281728338760949
0.0	0.0922592552658273
0.0	0.09216911430120157
3.0	0.0911434270761925
3.0	0.09092119784343294
3.0	0.09092119784343294
4.0	0.09073090535589715
2.0	0.08965855681125565
4.0	0.08912638665334599
4.0	0.08904382398008727
3.0	0.0888559780310583
3.0	0.08848518130026099
1.0	0.08848518130026098
1.0	0.08769674281773854
4.0	0.08722689732117317
