True Label: 0.0
4.0	0.20454545454545453
0.0	0.2045158132836087
4.0	0.19564639521780736
4.0	0.19266865889711307
4.0	0.19266865889711307
3.0	0.17782168978975482
1.0	0.1766258343283375
3.0	0.17292861596651865
1.0	0.17058076135148031
4.0	0.17056057308448835
4.0	0.1621687432852006
2.0	0.15009105918204332
4.0	0.14630761997152988
4.0	0.13636363636363635
4.0	0.13430382733756335
4.0	0.1332504477222565
1.0	0.1332504477222565
4.0	0.12989718332941097
4.0	0.12927192249875477
4.0	0.12927192249875477
4.0	0.1256297269074015
4.0	0.12483755678647185
0.0	0.12336594280495668
0.0	0.12336594280495668
0.0	0.12336594280495668
4.0	0.12309149097933274
3.0	0.12309149097933274
3.0	0.11918282365569903
4.0	0.11826247919781652
0.0	0.11700909430022724
3.0	0.1165372526871047
4.0	0.11306675421666135
0.0	0.11306675421666135
4.0	0.11306675421666133
0.0	0.11270959919850963
4.0	0.11249426064331436
4.0	0.11099160922852375
4.0	0.110021557355838
3.0	0.10896715305663911
4.0	0.10660035817780522
4.0	0.10660035817780521
4.0	0.10660035817780521
4.0	0.10660035817780521
4.0	0.10418645221412462
4.0	0.1037571695799112
3.0	0.10375716957991118
4.0	0.10341753799900381
3.0	0.10341753799900381
4.0	0.10257624248277727
4.0	0.10072787050317251
