True Label: 0.0
4.0	0.3928371006591931
4.0	0.3849001794597506
4.0	0.29462782549439487
4.0	0.28306925853614895
4.0	0.24873416908154558
4.0	0.2475368857441686
4.0	0.24114048639167834
4.0	0.23570226039551587
2.0	0.22330925031578017
4.0	0.2231518495721684
4.0	0.22271770159368703
4.0	0.22180348768356728
4.0	0.2132007163556105
4.0	0.2084219669613948
4.0	0.20412414523193156
4.0	0.2041241452319315
4.0	0.2031111159255969
0.0	0.19802950859533489
4.0	0.1924500897298753
3.0	0.19050019050028577
4.0	0.1894841822399668
3.0	0.1889822365046136
4.0	0.18463723646899913
4.0	0.17817416127494962
4.0	0.17769912933948764
4.0	0.17677669529663692
3.0	0.17519611040921224
4.0	0.1749635530559413
4.0	0.16754156331667824
4.0	0.16222142113076257
0.0	0.16222142113076254
4.0	0.15858376185413667
4.0	0.1583881484062351
4.0	0.157485197087178
4.0	0.1559023911155809
4.0	0.15529100683443642
4.0	0.1543033499620919
3.0	0.153190838336343
1.0	0.1516196087157807
4.0	0.14896989288278104
4.0	0.14731391274719743
4.0	0.14583333333333337
4.0	0.14523687548277814
4.0	0.14433756729740646
4.0	0.14433756729740646
4.0	0.14374480270956214
3.0	0.14301938838683886
4.0	0.140028008402801
4.0	0.13847792735174935
4.0	0.13801311186847084
