True Label: 0.0
2.0	0.39608103943301703
4.0	0.31033014448841273
2.0	0.29914286103388393
4.0	0.2952298582323935
1.0	0.2846490728897069
4.0	0.2670858973124749
0.0	0.2557560402989132
2.0	0.24594503898772155
4.0	0.2432668163999206
1.0	0.23515858610648435
0.0	0.21952851997938064
4.0	0.20431735317412666
3.0	0.19698694087498148
4.0	0.19423174307418617
4.0	0.18637781470661902
3.0	0.177334490789073
4.0	0.17317708333333337
1.0	0.1727794226904797
4.0	0.17206180040292132
4.0	0.17156089162418026
0.0	0.17129717745688294
0.0	0.17097802801349354
4.0	0.16376789481350582
1.0	0.16331864497962195
3.0	0.16207538509876027
4.0	0.1583881484062351
4.0	0.15715463927342804
4.0	0.1450587630877393
3.0	0.14107202341170866
4.0	0.13832350199334784
1.0	0.13664859862498716
2.0	0.133103984125501
0.0	0.12941030925578842
4.0	0.12541131235020286
0.0	0.12250734115847171
4.0	0.11539827279312445
4.0	0.11530762304056312
4.0	0.11458333333333334
4.0	0.1138550085106622
2.0	0.11226255234242723
4.0	0.1103160605961728
2.0	0.1075828707279838
1.0	0.10726427759932392
4.0	0.10138838820672656
0.0	0.09310566246776637
4.0	0.09291626628143498
4.0	0.09061536888686388
4.0	0.08883363181483768
1.0	0.08646430798325933
4.0	0.08381232888892406
