True Label: 0.0
4.0	0.5823043991061991
4.0	0.4562140322843057
4.0	0.4472772920670805
4.0	0.44292620191210974
4.0	0.42110341323154393
4.0	0.4009629815638518
4.0	0.397064053244206
4.0	0.3943294115103731
4.0	0.3544203207682074
4.0	0.34063937335442646
4.0	0.30346567322324675
3.0	0.29927510359204024
3.0	0.2942847571110839
4.0	0.29115219955309957
4.0	0.290180459757367
2.0	0.27748928908476467
3.0	0.2743797335915367
3.0	0.2743797335915367
4.0	0.2720491210561965
4.0	0.27173621546624194
3.0	0.26393323484873327
4.0	0.26346456169617877
4.0	0.2632162886569593
3.0	0.26288893416935083
4.0	0.2627309568073458
3.0	0.2615269910655523
2.0	0.26011343419135435
4.0	0.2570985864405924
4.0	0.2550993043152475
4.0	0.25485807560473184
2.0	0.25227586030946314
4.0	0.24423898912120134
4.0	0.24110397902231126
0.0	0.2336199026376709
4.0	0.2326711695678082
4.0	0.23128899185572466
4.0	0.23085595677881998
3.0	0.23031425257483937
3.0	0.23026672634810721
4.0	0.22683621507798668
4.0	0.2264679652889434
4.0	0.2264679652889434
3.0	0.22627463800011421
3.0	0.2259600228619341
4.0	0.22526484187532467
3.0	0.22390180917763924
4.0	0.2237580367241517
4.0	0.22372085629186025
4.0	0.22152805242522267
4.0	0.22101990187085882
