True Label: 0.0
3.0	0.5000000000000001
0.0	0.17407765595569785
3.0	0.16070608663330624
3.0	0.12939090266429837
4.0	0.1266600992762247
2.0	0.12060453783110546
4.0	0.12060453783110546
4.0	0.11918282365569904
4.0	0.11607348488012051
3.0	0.1160517706371319
1.0	0.11565903932254226
4.0	0.11009637651263605
4.0	0.10244701655871857
2.0	0.10210462507669137
0.0	0.09928550884822429
4.0	0.09869275424396536
2.0	0.09813358399735746
4.0	0.09774712387657256
1.0	0.09534625892455924
2.0	0.09403426891247432
4.0	0.09328736058850429
4.0	0.09090909090909091
3.0	0.08733041615802098
3.0	0.08481041912882634
4.0	0.08283153665625823
4.0	0.08257228238447704
2.0	0.08257228238447704
4.0	0.08257228238447704
4.0	0.08190636601015908
4.0	0.08155908717405552
3.0	0.08081352297940447
3.0	0.0799502686333539
4.0	0.0778498944161523
3.0	0.07779698928301773
4.0	0.07756315349925288
0.0	0.07663517260559365
4.0	0.07653459686532839
3.0	0.07336739820667779
4.0	0.07312724241271307
3.0	0.07312724241271307
2.0	0.071121804575895
2.0	0.07106690545187015
4.0	0.07106690545187015
4.0	0.07039144092114434
4.0	0.06917144638660747
3.0	0.06917144638660747
4.0	0.06872081327440495
4.0	0.06784535315527584
0.0	0.06741998624632421
4.0	0.06741998624632421
