True Label: 0.0
4.0	0.3068257242957404
4.0	0.2601764659124166
3.0	0.25624504693100186
0.0	0.23782784893050513
4.0	0.23384445970266834
1.0	0.2179815832718196
4.0	0.198610177999641
4.0	0.18244941182965668
2.0	0.17776503522120632
4.0	0.16962722969195404
2.0	0.16706443970656848
4.0	0.15091541881358142
0.0	0.1371132322261533
3.0	0.1258355571772461
3.0	0.1254544289201939
0.0	0.12366370553604485
4.0	0.12127088520946692
0.0	0.12000384018432983
4.0	0.11774899561264954
2.0	0.1169996636264506
3.0	0.10726427759932392
4.0	0.10317012726658906
0.0	0.10108457471827904
4.0	0.10047676074803644
4.0	0.10040241611281234
3.0	0.09917043796975239
1.0	0.09877787655570372
4.0	0.09544588188068084
2.0	0.09504123403044992
4.0	0.09503819266229827
2.0	0.09485100628592798
0.0	0.09005106822658956
2.0	0.08996292715556702
2.0	0.08987169525951404
4.0	0.08980265101338746
4.0	0.08980265101338746
4.0	0.08912687192674314
4.0	0.08812394876805908
0.0	0.0875883774655052
2.0	0.08742102185281239
2.0	0.08727248968144045
4.0	0.08727248968144045
4.0	0.08701542729777069
4.0	0.08701542729777069
1.0	0.08684780351309747
3.0	0.08614446762173704
3.0	0.08612021182296765
0.0	0.08553567525691895
2.0	0.08501879755603083
4.0	0.08478426249526377
