True Label: 0.0
3.0	0.16891598117304402
4.0	0.1636634176769943
4.0	0.157485197087178
4.0	0.157485197087178
4.0	0.1567723603339241
4.0	0.1527525231651947
4.0	0.13722155123693863
4.0	0.13638618139749525
4.0	0.1336306209562122
4.0	0.13311166512794437
4.0	0.13231403100624078
3.0	0.13231403100624078
4.0	0.12598815766974242
2.0	0.12598815766974242
4.0	0.12222646627042817
4.0	0.12156613477096616
4.0	0.12104550653376049
4.0	0.11811389781538352
4.0	0.1126872339638022
4.0	0.11084422084202172
3.0	0.10910894511799618
4.0	0.10482848367219183
4.0	0.10434358092980023
1.0	0.10350983390135313
4.0	0.10286889997472795
4.0	0.10286889997472795
4.0	0.10079052613579392
4.0	0.09960238411119947
4.0	0.09869275424396534
4.0	0.09869275424396534
3.0	0.09869275424396534
4.0	0.09759000729485331
4.0	0.0951367943771708
4.0	0.09401267913629437
4.0	0.09356014857063996
4.0	0.09251161269684806
4.0	0.09212254307176114
4.0	0.09128709291752769
4.0	0.09100315103865803
4.0	0.09064478349446804
2.0	0.0899235973995271
2.0	0.0899235973995271
4.0	0.08964214570007953
4.0	0.08939165274178948
4.0	0.08908708063747481
3.0	0.08878560065057217
2.0	0.08867748269482187
3.0	0.08728715609439697
1.0	0.08707154319342922
4.0	0.08638907336402306
