True Label: 0.0
4.0	0.4999999999999995
4.0	0.3748008602695318
4.0	0.29250896965085227
4.0	0.28465712643707936
4.0	0.2763032760629309
4.0	0.26133117736001343
3.0	0.2610377970139438
4.0	0.24956709924231088
3.0	0.24504901470490173
3.0	0.22184171137074776
0.0	0.21693045781865616
2.0	0.209731987324365
4.0	0.20960938184084413
4.0	0.20797258270192573
4.0	0.2052645124581854
3.0	0.19910239546159966
3.0	0.19451755422100384
3.0	0.1914224894982477
4.0	0.19134344336587555
4.0	0.19060418711818275
4.0	0.1905906249656219
3.0	0.18638358390293236
3.0	0.18638358390293236
4.0	0.18547162802488576
0.0	0.18410202992625907
4.0	0.18360754425174786
4.0	0.18360754425174786
4.0	0.17895849739771977
4.0	0.1766716274149649
4.0	0.17568463133871187
2.0	0.17516461808179606
4.0	0.17461532967482135
3.0	0.17198504593283404
4.0	0.17149858514250885
4.0	0.17106275575905752
3.0	0.17022072666229754
2.0	0.16336600980326782
4.0	0.1633319858500084
3.0	0.16183451298246762
4.0	0.16169041669088868
4.0	0.15832512409528088
4.0	0.1580699863173141
4.0	0.15787724448766816
4.0	0.1572070363806331
4.0	0.15506806546951526
4.0	0.15474101073850327
4.0	0.15471866087321479
4.0	0.15373501156702268
4.0	0.15246239465416123
4.0	0.15234842169315221
