True Label: 0.0
1.0	0.2781106573963628
4.0	0.21903427127735742
2.0	0.20867549126460905
3.0	0.2073655655673971
3.0	0.19836592591349234
2.0	0.19034674690672027
4.0	0.187545793137818
2.0	0.18393465855776436
2.0	0.1780224292965212
4.0	0.1776950532548046
4.0	0.16912752287293456
4.0	0.16685273453917338
3.0	0.16505696157895863
4.0	0.16091967146673408
4.0	0.15560969751122544
4.0	0.15531098123889672
3.0	0.15371886547533642
3.0	0.15365978493749338
1.0	0.15123936635587903
4.0	0.14792274641837488
3.0	0.14744195615489714
4.0	0.14744195615489714
4.0	0.14448012295417578
2.0	0.1439648077851633
4.0	0.14158506027956907
4.0	0.14132524929026843
4.0	0.1404386036762134
4.0	0.13947286911425905
4.0	0.13907347779164775
2.0	0.13900960937138318
4.0	0.13791932109184263
4.0	0.136504726557987
4.0	0.13485912997977964
4.0	0.13324272283470417
4.0	0.1315578274808975
4.0	0.13131005525603923
4.0	0.13118744195820053
4.0	0.1306568750266557
4.0	0.12926355124290062
4.0	0.12830053095616922
2.0	0.1276884796138123
4.0	0.1276884796138123
3.0	0.1259865578505939
0.0	0.125951140434429
4.0	0.1257389226923863
4.0	0.1257389226923863
3.0	0.12557077922417173
4.0	0.12515974447412653
4.0	0.12441387071905505
4.0	0.12360701723221303
