True Label: 0.0
4.0	0.3418817293789138
4.0	0.2955402316445243
4.0	0.2842676218074806
4.0	0.23576048004822425
4.0	0.2321035412742638
4.0	0.22395700438234173
4.0	0.2193817272381392
4.0	0.21320071635561044
4.0	0.17407765595569785
4.0	0.16898159235484367
4.0	0.16448792373994225
4.0	0.16116459280507606
0.0	0.16070608663330627
4.0	0.15717365336548286
4.0	0.14920941939059815
4.0	0.14301938838683886
4.0	0.14245072057454744
4.0	0.1421338109037403
4.0	0.13834289277321493
4.0	0.13834289277321493
4.0	0.13834289277321493
4.0	0.13794014696151086
4.0	0.13636363636363635
3.0	0.1353825902684706
4.0	0.13483997249264842
4.0	0.13402192668680962
4.0	0.1315903389919538
4.0	0.13121597027036952
4.0	0.1305582419667734
4.0	0.1305582419667734
4.0	0.12856486930664499
0.0	0.12472624374000643
4.0	0.12087344460380704
3.0	0.11980845957463077
4.0	0.11877113736973437
4.0	0.11826247919781653
0.0	0.11769797726729996
4.0	0.11677484162422844
4.0	0.11677484162422844
4.0	0.11631052629980887
4.0	0.11396057645963795
4.0	0.11363636363636365
4.0	0.11363636363636365
4.0	0.11306675421666136
4.0	0.11197850219117086
4.0	0.11113855611859677
4.0	0.11113855611859677
3.0	0.11011719458534035
4.0	0.11009637651263605
4.0	0.1096908636190696
