True Label: 0.0
4.0	0.17948717948717946
3.0	0.16694514082354445
4.0	0.15534712747612348
3.0	0.15114173098063566
4.0	0.14694367167412897
2.0	0.13533299049019168
4.0	0.1235415527768502
1.0	0.11894020669001051
4.0	0.11694106924093722
4.0	0.11556254088025608
4.0	0.11503946170861017
3.0	0.11149893466761211
4.0	0.10810891391986426
4.0	0.10675210253672475
4.0	0.10373649052249012
4.0	0.10241831129983783
4.0	0.10131897737624085
4.0	0.10127393670836667
0.0	0.10127393670836665
3.0	0.10090091909944687
4.0	0.09805806756909204
3.0	0.09688768211978745
3.0	0.09638582199437337
4.0	0.09302605094190633
4.0	0.09245003270420486
3.0	0.09245003270420485
4.0	0.09245003270420485
4.0	0.0888231183368655
4.0	0.0888231183368655
4.0	0.0888231183368655
2.0	0.08627959628145762
4.0	0.08534859274986487
4.0	0.08401478790412123
4.0	0.0835467353046005
3.0	0.08290216270779274
3.0	0.08243262236469151
3.0	0.08238525545716345
4.0	0.08238525545716344
4.0	0.07986061005035909
4.0	0.07973527026935093
4.0	0.07973527026935093
4.0	0.0782510703046739
4.0	0.07806382557688103
4.0	0.07806382557688103
4.0	0.07767356373806174
4.0	0.07767356373806174
3.0	0.07692307692307693
4.0	0.075955452531275
4.0	0.07548513560963972
2.0	0.07548513560963972
