True Label: 0.0
0.0	0.2617175631864631
0.0	0.16844709274806177
0.0	0.14534743223799243
4.0	0.13794926124656237
0.0	0.1275341371376559
4.0	0.1157548679884317
0.0	0.11026356928399426
0.0	0.11026356928399426
4.0	0.10471054161767748
0.0	0.10386746019187446
2.0	0.10170469499881718
0.0	0.10107493851032806
0.0	0.09945847731781222
4.0	0.09901658938249142
4.0	0.09808255254005653
3.0	0.09498225625414264
0.0	0.09230801704148839
3.0	0.09151225827388938
1.0	0.09147039602885079
4.0	0.09059076625181611
4.0	0.08827894254679092
0.0	0.08743706104251829
2.0	0.08564306030556577
1.0	0.08563846806124999
4.0	0.08311429258190127
3.0	0.08227895185745919
4.0	0.08225844158044522
3.0	0.07914773247219188
3.0	0.07770426530418702
4.0	0.0749093443218469
1.0	0.07455177977753626
2.0	0.07455177977753624
3.0	0.07432799369747199
3.0	0.07426470623925754
4.0	0.07253066075845754
4.0	0.07197908879349901
0.0	0.07197908879349901
4.0	0.07117482792171624
3.0	0.07110802505492154
2.0	0.07045948486252364
4.0	0.06973680437544068
0.0	0.06888110565738534
4.0	0.06860502220231326
4.0	0.06851644413415987
4.0	0.06843621877542007
0.0	0.06790370195651035
2.0	0.0678051456399212
2.0	0.0678051456399212
4.0	0.06772193687278677
4.0	0.06752237049095157
