True Label: 0.0
3.0	0.3708385395436481
4.0	0.36842105263157887
4.0	0.2913582733740325
4.0	0.27668578554642986
4.0	0.27036903521793754
4.0	0.2503130871608794
4.0	0.24210006235312612
0.0	0.22388683141982252
4.0	0.21369911937178465
4.0	0.20991342856239584
4.0	0.20942695414584772
4.0	0.19968076595771794
4.0	0.1986798535597566
4.0	0.19564639521780736
4.0	0.19134594929397594
4.0	0.18367958959266126
3.0	0.1835325870964494
4.0	0.18067900652188357
2.0	0.17954621161490195
3.0	0.17770466332772766
4.0	0.1752191610126156
4.0	0.17342199390482396
3.0	0.17000813329969358
4.0	0.16692446522239718
4.0	0.16692446522239715
4.0	0.16556654463313047
4.0	0.16222142113076252
4.0	0.16115064097257747
4.0	0.15974461276617435
4.0	0.1538967528127731
4.0	0.15174424466672098
4.0	0.15086285728094284
4.0	0.15058675831730728
4.0	0.15018785229652765
0.0	0.14673479641335554
3.0	0.14673479641335552
4.0	0.14673479641335552
4.0	0.14509525002200233
4.0	0.1442149876003076
4.0	0.14159846508095772
4.0	0.1399422857082639
4.0	0.1391037210186643
4.0	0.13834289277321493
4.0	0.1361331925293325
4.0	0.13497638119975425
4.0	0.13497638119975425
4.0	0.13347869541883972
3.0	0.1333015620451587
4.0	0.13245323570650439
4.0	0.13245323570650439
