True Label: 0.0
4.0	0.24175915408619975
2.0	0.2049756213774136
0.0	0.20161945963637795
0.0	0.18926408936295352
4.0	0.18815402647836413
0.0	0.1848708067539962
3.0	0.1573591584938886
2.0	0.14170505031628391
2.0	0.1348399724926484
1.0	0.12344267996967351
0.0	0.12297746456210362
2.0	0.12171612389003691
4.0	0.11475506210984937
2.0	0.11165930370121277
3.0	0.11065666703449761
4.0	0.10767638041163309
2.0	0.10639903531978628
0.0	0.10259783520851541
1.0	0.10206207261596575
1.0	0.10127393670836665
2.0	0.10084389681792215
4.0	0.10055140236798019
4.0	0.09999999999999998
1.0	0.09960238411119947
0.0	0.09615911471340485
4.0	0.0939336436627724
1.0	0.09365858115816939
4.0	0.09258200997725513
4.0	0.0907979890149573
3.0	0.09004503377814962
2.0	0.08736397573186007
0.0	0.08502303018977035
0.0	0.08411910241920596
3.0	0.08304547985373996
4.0	0.0816496580927726
0.0	0.0816496580927726
0.0	0.0816496580927726
0.0	0.08064778385455118
4.0	0.07905694150420949
3.0	0.07874992309581577
4.0	0.07726674092862557
2.0	0.07715167498104594
4.0	0.07676708932663294
4.0	0.0761386987626881
2.0	0.07453559924999299
0.0	0.07352146220938076
4.0	0.07308816827558576
1.0	0.07223151185146152
0.0	0.0719194952228076
0.0	0.0719194952228076
