True Label: 0.0
4.0	0.2808548591821677
3.0	0.23716893382394474
1.0	0.23315775949284193
1.0	0.22659149542547125
4.0	0.22495568564953097
2.0	0.22342222751815655
3.0	0.2129183029944709
0.0	0.20005210368721976
4.0	0.1928308024456601
4.0	0.18777083440657566
2.0	0.17509367638290266
4.0	0.17413150828674812
4.0	0.17352316706988624
3.0	0.16945491717422237
4.0	0.16482521312417467
4.0	0.16378490482796315
3.0	0.1633380379398829
4.0	0.15765126012249736
3.0	0.1558555126350732
3.0	0.15560969751122544
4.0	0.15314693840471172
4.0	0.15296674232468224
4.0	0.15296674232468224
4.0	0.15165307992119567
4.0	0.1507411014396454
3.0	0.1504384582448385
4.0	0.14849984922727044
4.0	0.1482403273186481
4.0	0.14527471236644277
4.0	0.1387658809456363
2.0	0.13846007118544917
2.0	0.1381955524555803
3.0	0.13798683116522042
3.0	0.13511738040645224
4.0	0.13425550944331377
4.0	0.1335840330426708
4.0	0.13304434815980365
4.0	0.13254035826145377
4.0	0.13208889603203808
4.0	0.132022225351638
4.0	0.13196078872878397
4.0	0.13159595994953885
4.0	0.13091878811995777
4.0	0.1305079193158618
4.0	0.1298857345965359
4.0	0.12956761742976544
2.0	0.12947509461603793
1.0	0.12860464188897514
1.0	0.12860464188897514
4.0	0.12859659076417373
