True Label: 0.0
1.0	0.20711214923139912
0.0	0.1899853476308383
4.0	0.1579190414273092
1.0	0.15386436372416593
4.0	0.14603771505337065
0.0	0.14433756729740646
4.0	0.14363106492851746
4.0	0.140625
4.0	0.1332504477222565
3.0	0.1312762578776259
2.0	0.13053506663296752
4.0	0.12629537138523067
4.0	0.12629537138523067
4.0	0.12629537138523067
3.0	0.12577882373436317
4.0	0.1239050883952413
3.0	0.11978935593748874
4.0	0.11967838846954226
0.0	0.11724207635210986
3.0	0.11542256460957984
2.0	0.1141088661469096
4.0	0.11296201426438299
0.0	0.11126078045567374
4.0	0.11048543456039804
1.0	0.10958850741499677
4.0	0.109375
4.0	0.1091089451179962
0.0	0.10496116283237814
4.0	0.10416666666666666
0.0	0.10277830647412975
0.0	0.10227272727272727
3.0	0.10102798239006089
4.0	0.10022296571715913
4.0	0.10022296571715913
4.0	0.0970427962120068
4.0	0.09682458365518541
4.0	0.09682458365518541
4.0	0.09682458365518541
4.0	0.09675878372665125
1.0	0.09669671413696992
1.0	0.09511073878158526
4.0	0.09507985365695812
2.0	0.09471503116876497
4.0	0.09449111825230679
4.0	0.09443538771472372
0.0	0.09320014188491571
4.0	0.09128709291752768
3.0	0.09095085938862488
4.0	0.08976656233969145
3.0	0.08972561493581281
