True Label: 0.0
4.0	0.23428296506296908
4.0	0.23320381162846937
4.0	0.21500329089188291
0.0	0.2119519516996487
4.0	0.21148042285817178
4.0	0.17571222379722679
4.0	0.1717007049358613
4.0	0.15861031714362886
3.0	0.15752911628470634
4.0	0.15103137396672062
1.0	0.14836636618975407
3.0	0.14346842995764314
4.0	0.14186538042638172
0.0	0.1407526935966662
4.0	0.1401930385230111
0.0	0.13962234271385676
4.0	0.13568877066014834
4.0	0.13469311461009134
4.0	0.13253938416160022
4.0	0.1317841678479201
4.0	0.12979353291279125
4.0	0.12413220787308402
4.0	0.1221136634641091
4.0	0.12141073279465803
4.0	0.12019049345510291
3.0	0.12019049345510291
2.0	0.11714148253148454
4.0	0.11660190581423469
3.0	0.11609086505314302
4.0	0.11429089766391891
4.0	0.11285321907949183
3.0	0.11215443081840888
3.0	0.10988845115895124
4.0	0.10988845115895124
4.0	0.10988845115895123
4.0	0.10760132246823234
0.0	0.10750164544594146
4.0	0.10726058003503604
4.0	0.10724014750222184
0.0	0.10597597584982435
0.0	0.10597597584982435
4.0	0.10574021142908588
4.0	0.10522263508870364
4.0	0.10476665619192566
4.0	0.10476665619192566
4.0	0.10383482633023301
4.0	0.10302042296151677
4.0	0.10249879721504898
4.0	0.10031397251510382
4.0	0.09994449069791544
