True Label: 0.0
4.0	0.19641855032959654
0.0	0.17677669529663687
4.0	0.1617875572323585
3.0	0.15309310892394862
4.0	0.14315928173122222
3.0	0.14213381090374028
4.0	0.14213381090374028
4.0	0.13819269959814168
4.0	0.13749298523071757
4.0	0.13702976700452157
4.0	0.13515512647532235
4.0	0.12909944487358055
4.0	0.1256297269074015
4.0	0.12379689211803457
4.0	0.12126781251816647
4.0	0.12033247873019254
4.0	0.11785113019775793
4.0	0.1144671366239075
4.0	0.11135885079684349
4.0	0.1091089451179962
4.0	0.10758287072798378
3.0	0.10286889997472792
4.0	0.10206207261596575
2.0	0.10166571355506977
3.0	0.10050378152592121
4.0	0.10050378152592121
4.0	0.09999999999999999
4.0	0.09833979922967083
4.0	0.09829463743659808
4.0	0.09820927516479827
2.0	0.09805806756909202
3.0	0.09706840055890031
4.0	0.09682458365518541
3.0	0.09525009525014287
4.0	0.0944911182523068
4.0	0.09335200560186731
4.0	0.09245003270420485
3.0	0.09202627172903877
4.0	0.09128709291752768
4.0	0.08980265101338744
3.0	0.08952813387365419
4.0	0.0890870806374748
4.0	0.0890870806374748
4.0	0.0890870806374748
3.0	0.08838834764831843
4.0	0.08688100585711449
1.0	0.08641264122753542
4.0	0.08606629658238703
4.0	0.08606629658238703
4.0	0.08606629658238703
