True Label: 0.0
4.0	0.3370166864022911
3.0	0.2627982753655819
3.0	0.2424270174111351
0.0	0.23726840560069573
4.0	0.19346033336266977
4.0	0.1928308024456601
4.0	0.19021278748447237
4.0	0.1754515382054318
4.0	0.17446223701200578
1.0	0.16919441502151086
4.0	0.16850834320114555
3.0	0.16496718065249089
4.0	0.15480153666731
1.0	0.15430334996209194
4.0	0.1538554437923503
4.0	0.15214515486254612
4.0	0.1509463816279883
4.0	0.15063547216992282
1.0	0.1489399160451935
4.0	0.14815943949743846
1.0	0.14760248092334918
4.0	0.14453789711941886
2.0	0.14085904245475278
4.0	0.13471506281091267
4.0	0.1285980859121099
0.0	0.12804555422442265
4.0	0.12499999999999999
4.0	0.12256789162172903
3.0	0.12222530175967618
4.0	0.12089647736852929
0.0	0.11913335507826431
4.0	0.11846977555181848
4.0	0.11694106924093724
4.0	0.11609539092457231
4.0	0.11522033948052686
3.0	0.1151473882529608
3.0	0.11419538298755914
3.0	0.11221992290808852
2.0	0.11157311356586717
4.0	0.11009637651263605
4.0	0.10989674556596452
0.0	0.10886621079036346
3.0	0.10886621079036346
3.0	0.10767638041163306
4.0	0.10702688317798921
4.0	0.10540925533894596
4.0	0.10350983390135314
4.0	0.10336227882434039
2.0	0.10332173664634443
4.0	0.10102135422603399
