True Label: 0.0
4.0	0.30492478930832245
4.0	0.28138742976632514
4.0	0.2525896903156109
4.0	0.24195539543709924
3.0	0.22349042678308095
4.0	0.21649069101690427
0.0	0.21410373063141294
3.0	0.21224998378646015
4.0	0.20377359689625746
4.0	0.2026982669791056
4.0	0.19897095972842185
4.0	0.19658535058309246
4.0	0.1914598952668709
4.0	0.19145989526687088
4.0	0.19050019050028577
4.0	0.1903144272279226
3.0	0.1872514715682846
4.0	0.18481233109010922
4.0	0.18146654657782443
4.0	0.18102512888056815
4.0	0.16933350266692068
4.0	0.16728089950527125
3.0	0.16256148347147797
2.0	0.15718875511867383
4.0	0.15632634987018063
4.0	0.15554275420956382
4.0	0.15554275420956382
3.0	0.15215882184121893
4.0	0.1508293374153346
4.0	0.14947466619093905
4.0	0.1494406444160154
4.0	0.14896113628355506
4.0	0.14664711502135333
3.0	0.14530784390894486
4.0	0.1429834109286539
4.0	0.1411461074167959
4.0	0.1408939907352694
4.0	0.13900730646562548
3.0	0.13856849886842332
4.0	0.13758347091687306
4.0	0.1371758152921836
4.0	0.1371758152921836
4.0	0.13388009125916575
4.0	0.13287118395543585
4.0	0.13208811631431505
4.0	0.13107603009779922
3.0	0.13102922118781463
4.0	0.13068205256070964
4.0	0.12903225806451615
4.0	0.12851509262439983
