True Label: 0.0
4.0	0.20254787341673333
4.0	0.19518001458970663
4.0	0.1651445647689541
4.0	0.1632993161855452
2.0	0.14907119849998599
3.0	0.14907119849998599
4.0	0.1463271169273828
4.0	0.14617633655117152
4.0	0.14054567378526128
3.0	0.1395036897765771
4.0	0.13801311186847084
1.0	0.13561270072416207
3.0	0.13324272283470417
3.0	0.13324272283470417
4.0	0.1328422328310143
4.0	0.1328422328310143
4.0	0.1328422328310143
4.0	0.13116516715679058
4.0	0.12659242088545833
4.0	0.12659242088545833
4.0	0.12565617248750863
1.0	0.12297746456210362
4.0	0.12198750911856665
4.0	0.12198750911856665
3.0	0.11846977555181847
4.0	0.11827779717977285
4.0	0.1178511301977579
4.0	0.11694106924093722
4.0	0.11677484162422844
4.0	0.11677484162422844
4.0	0.11677484162422842
4.0	0.11480778669894406
4.0	0.1141088661469096
4.0	0.1141088661469096
4.0	0.1140531897024402
3.0	0.1140531897024402
4.0	0.1126872339638022
3.0	0.11231347759765449
3.0	0.11231347759765449
4.0	0.1118033988749895
3.0	0.11009637651263605
4.0	0.1075828707279838
4.0	0.10606601717798211
4.0	0.10540925533894599
2.0	0.10434125154603785
4.0	0.10406297715753676
4.0	0.10366105360784116
4.0	0.10127393670836667
4.0	0.09759000729485331
4.0	0.09731236802019036
