True Label: 0.0
4.0	0.16116459280507603
3.0	0.1553424415003
4.0	0.1364442057274538
4.0	0.1336306209562122
4.0	0.13006649542861798
4.0	0.11396057645963795
4.0	0.11396057645963795
4.0	0.11396057645963795
4.0	0.11396057645963795
4.0	0.10527936095153945
4.0	0.10482848367219183
4.0	0.10101525445522107
3.0	0.09310486534048233
4.0	0.09197090092274487
1.0	0.09194621406122841
4.0	0.09078412990032035
2.0	0.08685104172245638
4.0	0.08671099695241198
4.0	0.08247860988423225
4.0	0.08183170883849715
4.0	0.08058229640253801
4.0	0.07715167498104596
1.0	0.0737851670126194
4.0	0.07335745865922598
4.0	0.07319250547113998
4.0	0.07319250547113998
4.0	0.07319250547113998
4.0	0.07300264132390327
3.0	0.07290148043997553
4.0	0.07142857142857141
4.0	0.07142857142857141
4.0	0.07122536028727372
4.0	0.07122536028727372
4.0	0.07114108506746179
4.0	0.07042952122737638
3.0	0.06976011479687813
4.0	0.06897817569205865
4.0	0.06891473080249641
4.0	0.06891473080249641
4.0	0.06891473080249641
4.0	0.06875238727711584
4.0	0.06875238727711584
4.0	0.0675799098030468
1.0	0.0668153104781061
4.0	0.0668153104781061
3.0	0.06681531047810609
4.0	0.06681531047810609
4.0	0.06635609328057132
3.0	0.06503324771430899
2.0	0.06482037235521643
