True Label: 0.0
3.0	0.1543033499620919
3.0	0.12499999999999997
4.0	0.10206207261596575
4.0	0.09999999999999999
4.0	0.09128709291752767
3.0	0.09128709291752767
4.0	0.08838834764831843
4.0	0.08838834764831843
2.0	0.08111071056538126
4.0	0.07715167498104596
2.0	0.07715167498104596
4.0	0.0753778361444409
4.0	0.07216878364870323
4.0	0.07071067811865475
4.0	0.06933752452815364
4.0	0.06933752452815364
4.0	0.06804138174397717
4.0	0.06681531047810609
0.0	0.061237243569579436
4.0	0.05590169943749474
3.0	0.05590169943749474
4.0	0.05270462766947299
1.0	0.05103103630798288
4.0	0.04950737714883371
4.0	0.04926646390821465
4.0	0.049029033784546004
4.0	0.049029033784546004
4.0	0.049029033784546004
3.0	0.04845015831115092
4.0	0.04682929057908469
3.0	0.044194173824159216
3.0	0.04273521617236423
3.0	0.041666666666666664
4.0	0.0413802944301184
4.0	0.040032038451271776
4.0	0.039528470752104736
4.0	0.039528470752104736
4.0	0.03857583749052298
4.0	0.03857583749052298
4.0	0.03768891807222045
4.0	0.036860489038724284
3.0	0.03627381250550058
3.0	0.036084391824351615
4.0	0.036084391824351615
4.0	0.035355339059327376
4.0	0.03466876226407682
4.0	0.03227486121839514
4.0	0.03227486121839514
2.0	0.03227486121839514
3.0	0.031750031750047626
