True Label: 0.0
0.0	0.49999999999999967
0.0	0.49999999999999967
4.0	0.24498947175305572
4.0	0.24325638628366392
4.0	0.2138343008619249
4.0	0.21207548843083443
4.0	0.2119519516996487
4.0	0.20412414523193148
4.0	0.20059435495071948
4.0	0.18519463316790533
4.0	0.17605367919808912
4.0	0.1743041721945991
0.0	0.17078251276599332
2.0	0.17014191122549496
3.0	0.16301266592415659
3.0	0.1621726547322066
4.0	0.16198789882296566
4.0	0.16198789882296566
3.0	0.1593537736986868
4.0	0.15929827321607742
4.0	0.15430334996209188
4.0	0.148039131365948
4.0	0.14663893136025025
4.0	0.14663893136025025
4.0	0.14465939058946115
4.0	0.14465939058946115
0.0	0.1430554179599981
0.0	0.14093238744407843
4.0	0.13801311186847084
0.0	0.13715659768077443
3.0	0.13693063937629155
4.0	0.13638618139749525
0.0	0.13617232109125663
3.0	0.13613719946057784
3.0	0.13344798279492454
4.0	0.1315903389919538
4.0	0.13122266479195596
0.0	0.12956687232762049
4.0	0.1285506559317558
2.0	0.12841737670020995
4.0	0.12838814775327387
3.0	0.12744971239613592
0.0	0.12552850403129348
0.0	0.12469593727770993
4.0	0.12389865694583799
4.0	0.12371791482634839
0.0	0.12364494642434977
4.0	0.12336594280495668
4.0	0.12249473587652786
4.0	0.12198750911856665
