True Label: 0.0
4.0	0.19061093405246793
3.0	0.16222142113076254
2.0	0.1336306209562122
4.0	0.1320989873168695
4.0	0.12379689211803457
3.0	0.11901518706979129
4.0	0.10660035817780522
4.0	0.10583343916682542
3.0	0.09813512696610777
4.0	0.09655402033694294
3.0	0.09428090415820635
4.0	0.09365858115816941
4.0	0.09245003270420488
4.0	0.08980265101338747
4.0	0.08606629658238704
4.0	0.08276058886023681
4.0	0.08111071056538127
4.0	0.07996801918720897
2.0	0.0790569415042095
4.0	0.07495316889958616
4.0	0.074535599249993
4.0	0.07106690545187015
3.0	0.07106690545187015
4.0	0.07106690545187015
4.0	0.06950480468569159
4.0	0.0687614164172529
4.0	0.0687614164172529
4.0	0.0687614164172529
4.0	0.0687614164172529
3.0	0.06711560552140244
4.0	0.06537204504606135
4.0	0.064018439966448
4.0	0.064018439966448
4.0	0.06085806194501846
4.0	0.06085806194501846
4.0	0.05986843400892498
3.0	0.05976143046671969
4.0	0.05892556509887897
4.0	0.05892556509887897
4.0	0.05892556509887897
0.0	0.05759122837209068
4.0	0.05735393346764045
4.0	0.05716619504750295
4.0	0.05716619504750295
4.0	0.055555555555555566
4.0	0.055555555555555566
4.0	0.055555555555555566
4.0	0.055555555555555566
4.0	0.055555555555555566
4.0	0.054554472558998104
