True Label: 0.0
4.0	0.23186944788008412
4.0	0.14638501094227996
4.0	0.14611900125320154
4.0	0.1439165525922309
4.0	0.12524485821702988
3.0	0.1209127083516686
3.0	0.11677484162422842
4.0	0.10767638041163309
4.0	0.10471347707292386
4.0	0.10127393670836667
4.0	0.09917694073609293
4.0	0.09428090415820632
3.0	0.0936585811581694
4.0	0.09221388919541469
4.0	0.09221388919541468
4.0	0.09128709291752768
3.0	0.09083405243909494
4.0	0.08856148855400953
1.0	0.08828340165371541
2.0	0.08475793795260128
4.0	0.08257228238447704
4.0	0.0816496580927726
4.0	0.0816496580927726
3.0	0.07849367876772545
4.0	0.07600114002565064
4.0	0.075955452531275
4.0	0.07479042255487044
4.0	0.07453559924999299
3.0	0.07319250547113998
4.0	0.07319250547113998
4.0	0.07319250547113998
4.0	0.07305950062660077
4.0	0.07254762501100116
4.0	0.07161148740394328
2.0	0.07144345083117602
0.0	0.07126966450997983
4.0	0.07042952122737638
2.0	0.07027283689263066
4.0	0.06956083436402524
4.0	0.06900655593423541
4.0	0.06846531968814576
4.0	0.06804138174397717
3.0	0.06454972243679027
4.0	0.06454972243679027
4.0	0.06454972243679027
4.0	0.06389635047247759
4.0	0.06282808624375433
4.0	0.06123724356957944
3.0	0.0604563541758343
0.0	0.060380736442455986
