True Label: 0.0
4.0	0.316227766016838
4.0	0.25584085962673253
4.0	0.25584085962673253
4.0	0.21821789023599242
4.0	0.158113883008419
0.0	0.158113883008419
4.0	0.15118578920369088
4.0	0.1455213750217998
4.0	0.1455213750217998
4.0	0.1414213562373095
4.0	0.140028008402801
4.0	0.14
4.0	0.13764944032233706
2.0	0.13170092157370364
4.0	0.12792042981336627
4.0	0.12792042981336627
3.0	0.12572371141874245
4.0	0.11832159566199232
4.0	0.11547005383792518
4.0	0.11470786693528087
0.0	0.11111677990074317
4.0	0.10776318121606496
4.0	0.10327955589886445
4.0	0.103209369308428
0.0	0.09931270663228416
4.0	0.09853292781642932
0.0	0.09759000729485334
3.0	0.09753428933010883
4.0	0.09733285267845754
4.0	0.09701425001453319
3.0	0.09701425001453319
4.0	0.09701425001453319
4.0	0.09622504486493764
4.0	0.0914991421995628
3.0	0.08980265101338746
4.0	0.08944271909999159
4.0	0.08846517369293828
4.0	0.08703882797784893
4.0	0.08528028654224418
4.0	0.08320502943378438
3.0	0.08017837257372733
4.0	0.08017837257372733
4.0	0.08017837257372733
3.0	0.07961621941231026
4.0	0.07947194142390264
3.0	0.07947194142390264
4.0	0.07745966692414834
4.0	0.07745966692414834
4.0	0.07698003589195011
2.0	0.07698003589195011
