True Label: 0.0
4.0	0.16222142113076252
4.0	0.1543033499620919
4.0	0.1414213562373095
3.0	0.12499999999999997
3.0	0.07715167498104596
2.0	0.07715167498104596
4.0	0.07654655446197431
3.0	0.0753778361444409
3.0	0.0712253602872737
4.0	0.06967330142916177
4.0	0.06933752452815364
4.0	0.06454972243679027
4.0	0.06454972243679027
3.0	0.062499999999999986
4.0	0.06063390625908324
4.0	0.060048057676907664
4.0	0.053300179088902604
1.0	0.049029033784546004
4.0	0.049029033784546004
4.0	0.04882084161780895
3.0	0.04845015831115092
3.0	0.0472455591261534
4.0	0.0472455591261534
4.0	0.0472455591261534
4.0	0.04564354645876383
4.0	0.044194173824159216
0.0	0.042874646285627205
4.0	0.042874646285627205
4.0	0.042874646285627205
4.0	0.041666666666666664
4.0	0.041666666666666664
4.0	0.04109974682633932
4.0	0.04055535528269063
4.0	0.04055535528269063
1.0	0.04022589933545648
4.0	0.04008918628686366
2.0	0.039528470752104736
2.0	0.039528470752104736
4.0	0.03768891807222045
4.0	0.03768891807222045
4.0	0.036961063547728636
4.0	0.03694984793116099
4.0	0.036860489038724284
4.0	0.034020690871988585
3.0	0.03377830118332838
0.0	0.031249999999999993
4.0	0.03031695312954162
4.0	0.030316953129541614
4.0	0.029462782549439476
4.0	0.029061909685954818
