True Label: 0.0
4.0	0.3344280270299693
2.0	0.296605820937579
4.0	0.2843982294972605
4.0	0.28439822949726046
4.0	0.2829582292090551
4.0	0.2829582292090551
4.0	0.27447679693191174
3.0	0.2722905743185855
4.0	0.25985959825321386
4.0	0.24253562503633297
0.0	0.2366905341655755
4.0	0.22058823529411764
4.0	0.21693045781865616
4.0	0.21221867190679133
4.0	0.20797258270192573
4.0	0.2061299565819959
4.0	0.20588235294117646
3.0	0.20567663600479225
3.0	0.19894948014357564
4.0	0.1919590113333718
4.0	0.18757443089289605
4.0	0.18333969940564224
3.0	0.1762058894644866
4.0	0.17387965127333038
4.0	0.17387965127333038
4.0	0.17323973216880925
0.0	0.17256712249065834
3.0	0.1716760281130387
4.0	0.17149858514250882
3.0	0.16893237680338338
4.0	0.16805349924838123
4.0	0.16692446522239715
4.0	0.16336600980326782
3.0	0.1630549169722281
4.0	0.15919855597737562
2.0	0.1572070363806331
4.0	0.15533534402501417
4.0	0.15498260496951666
4.0	0.15425234901871823
4.0	0.15328106861281335
3.0	0.15197968971858217
3.0	0.15147031884721152
3.0	0.15106472805352134
3.0	0.15106472805352134
2.0	0.14852213144650117
2.0	0.1483029104687895
4.0	0.14705882352941177
4.0	0.14705882352941174
4.0	0.14687955630690647
4.0	0.14563793200886574
