True Label: 0.0
4.0	0.14526668012536875
0.0	0.14254026011098886
4.0	0.13944333775567924
4.0	0.1346896040442087
3.0	0.13381609033201514
1.0	0.12871918058696763
1.0	0.12055293970758948
0.0	0.11420804814403215
2.0	0.10762864093670325
4.0	0.10540925533894598
3.0	0.10328201209958297
0.0	0.09958591954639384
1.0	0.09274777915203367
1.0	0.09017605242029351
3.0	0.08994784537014433
4.0	0.08586368740936988
3.0	0.08576161198695928
4.0	0.08257228238447704
0.0	0.07968190728895957
4.0	0.07968190728895957
3.0	0.07784989441615228
3.0	0.07723929758166558
4.0	0.07640452291995033
1.0	0.0757282445662753
4.0	0.07569125885243728
0.0	0.07468943965979537
0.0	0.07453559924999299
4.0	0.07396061818220799
0.0	0.07045948486252364
2.0	0.06780635036208103
4.0	0.06709241730104336
3.0	0.06706936200477749
4.0	0.06678286798506546
0.0	0.0667823071120628
4.0	0.06642111641550714
4.0	0.06588078458684124
4.0	0.06588078458684124
4.0	0.06588078458684124
0.0	0.06570988732209601
1.0	0.06558258357839529
3.0	0.06512019730174622
4.0	0.06462956133241043
3.0	0.06390096504226939
0.0	0.06356417261637282
0.0	0.06329621044272916
4.0	0.06329621044272916
0.0	0.06324555320336757
3.0	0.06321993432805541
0.0	0.06282808624375431
4.0	0.061721339984836754
