True Label: 0.0
1.0	0.24810842175291759
0.0	0.2464608932215215
3.0	0.16218615177038687
3.0	0.1417366773784602
1.0	0.1414213562373095
3.0	0.1296407447104329
0.0	0.12304527678923781
2.0	0.1220556395394707
0.0	0.12171612389003691
4.0	0.1215541595815788
4.0	0.11951813138192957
3.0	0.10942202738310215
4.0	0.10832228060328025
4.0	0.10660035817780522
4.0	0.09847982464479194
0.0	0.09810466204431316
4.0	0.09245003270420488
3.0	0.0920262717290388
0.0	0.09092412093166351
4.0	0.09072783590654193
3.0	0.08801481690109199
3.0	0.08681084936523605
4.0	0.0864271631402886
3.0	0.08603090020146067
0.0	0.08574929257125442
3.0	0.08463889584616803
3.0	0.08333333333333336
0.0	0.08333333333333333
2.0	0.08216876199681339
4.0	0.08168981796940708
0.0	0.0805496124440236
3.0	0.08040844011283463
3.0	0.07856742013183862
0.0	0.07647191129018727
4.0	0.07647191129018727
4.0	0.07634798978389314
4.0	0.07526402140026954
1.0	0.07509320598517207
0.0	0.07505866250408015
4.0	0.074535599249993
4.0	0.07435148468493283
4.0	0.07372097807744858
4.0	0.07254762501100118
2.0	0.07216878364870323
4.0	0.07216878364870323
4.0	0.07106690545187015
4.0	0.07106690545187015
1.0	0.07106690545187015
4.0	0.07106690545187015
4.0	0.07106690545187015
