True Label: 0.0
0.0	0.5877824732420058
2.0	0.2217343956805444
0.0	0.20044762303967917
4.0	0.17268264897345903
4.0	0.17010209189189648
0.0	0.16286035386336134
3.0	0.1601716807709362
2.0	0.15469371268775833
1.0	0.15431253550544988
4.0	0.15312867541397274
3.0	0.14969187827291863
4.0	0.1445140838942413
4.0	0.1445140838942413
4.0	0.1431435926114993
3.0	0.13911647481086484
4.0	0.13709809772353745
4.0	0.13709809772353745
4.0	0.1300780702702738
4.0	0.1300780702702738
4.0	0.12885860791431716
4.0	0.12872909831771523
3.0	0.12444812092499473
4.0	0.12417126158110486
0.0	0.12366340153230448
4.0	0.12345002840435991
0.0	0.12179599555023404
3.0	0.11864989471614122
4.0	0.11846310343274216
3.0	0.11843715272989971
0.0	0.11638751723492341
4.0	0.116070902341604
0.0	0.11417230184487746
4.0	0.11115678469990292
2.0	0.1108671978402722
4.0	0.11032101940140741
4.0	0.10956620740827358
0.0	0.10753546694919952
4.0	0.10612971412127406
0.0	0.10556635571758916
4.0	0.10463475634955459
4.0	0.1038711617742802
4.0	0.10300193174984489
4.0	0.10232401053832903
3.0	0.10115153383942016
4.0	0.10019957546143281
4.0	0.09754700662861286
4.0	0.09690312496082704
2.0	0.09669976036109969
2.0	0.09669976036109969
4.0	0.09658592893805039
