True Label: 0.0
4.0	0.5
3.0	0.33954987505086615
4.0	0.1878672873255448
4.0	0.17149858514250885
3.0	0.15533534402501417
4.0	0.1429154876187574
4.0	0.1377056581888109
3.0	0.13098420799889596
3.0	0.1264304343560434
4.0	0.12298800925361816
4.0	0.12126781251816648
4.0	0.12126781251816648
4.0	0.12126781251816648
4.0	0.11803342130469505
4.0	0.11764705882352941
4.0	0.11669000700233415
2.0	0.11438492048605915
4.0	0.1143323900950059
1.0	0.1143323900950059
4.0	0.1143323900950059
3.0	0.11363310286178555
4.0	0.1135465911607319
4.0	0.11259433727776123
4.0	0.11243619908556621
4.0	0.11128297681493143
4.0	0.1096908636190696
4.0	0.1096908636190696
4.0	0.1096908636190696
4.0	0.10434388121327737
3.0	0.10341753799900381
4.0	0.10341753799900381
4.0	0.10341753799900381
2.0	0.10285801610441501
4.0	0.10090091909944687
4.0	0.09994449069791544
3.0	0.09901475429766744
4.0	0.09723055853282467
4.0	0.09701425001453319
4.0	0.09701425001453319
4.0	0.09513029883089882
4.0	0.0939336436627724
4.0	0.0939336436627724
3.0	0.09378721544644802
4.0	0.09335200560186732
3.0	0.09268689378333354
4.0	0.09166984970282112
4.0	0.09140905301589133
4.0	0.09095085938862486
4.0	0.09095085938862486
4.0	0.09095085938862486
