True Label: 0.0
3.0	0.3716798119140013
4.0	0.29795545229260423
4.0	0.25505849425870813
4.0	0.24595131630098097
3.0	0.23188881333001754
0.0	0.23127173956922628
4.0	0.205599221401225
4.0	0.20369082014676002
4.0	0.20319526768396948
3.0	0.19572119665161733
4.0	0.1952395753681705
4.0	0.18015093964441803
0.0	0.17940585132446535
4.0	0.17534604868295828
2.0	0.17302367754452302
4.0	0.17022072666229754
4.0	0.17022072666229754
4.0	0.17013033276995718
0.0	0.1678265445578976
4.0	0.16765811805650357
0.0	0.1655564005255103
4.0	0.16226524613369792
3.0	0.161664972545054
4.0	0.1609524301404007
4.0	0.15864646506821395
4.0	0.15607900897212712
3.0	0.15574753189577678
3.0	0.15574753189577678
3.0	0.15463694262623962
3.0	0.15269153127951526
4.0	0.1517488413195004
4.0	0.14941367748699375
0.0	0.14608114156942106
4.0	0.1458639272055452
0.0	0.1449598744305495
3.0	0.14487998831976062
3.0	0.14371073452136324
3.0	0.14313931780699435
4.0	0.1420391306948831
4.0	0.13754162099530776
4.0	0.1363513452254031
4.0	0.13457597316342623
3.0	0.13441525425751283
3.0	0.13388433679678116
4.0	0.13317140656760718
3.0	0.1320209094569899
4.0	0.1300680546779168
4.0	0.12856525737252955
4.0	0.1275138414995743
4.0	0.12708607104599665
