True Label: 0.0
3.0	0.2648488767886923
4.0	0.2282177322938192
0.0	0.22537446792760438
2.0	0.21200662374236873
4.0	0.21156943183028867
2.0	0.2100914517040045
1.0	0.20353866194585815
4.0	0.1978141420187361
4.0	0.19565594803123162
4.0	0.17890661183303364
4.0	0.17767686700600355
0.0	0.17301141636195827
4.0	0.1687176333713419
4.0	0.16583123951777
0.0	0.16308201826336055
2.0	0.16137430609197573
4.0	0.15936381457791915
3.0	0.1583881484062351
0.0	0.1572995571669911
4.0	0.15339299776947407
2.0	0.15136233740515087
4.0	0.14907119849998596
3.0	0.14523687548277814
4.0	0.14396315014973893
4.0	0.14021481439119507
0.0	0.13406124660160215
1.0	0.13073944710875532
4.0	0.13052314094665607
2.0	0.1270735489106219
4.0	0.12514196483848397
4.0	0.12465421787147506
2.0	0.12327952679426823
1.0	0.11600404216682736
4.0	0.11377122679067211
2.0	0.10763269789930012
4.0	0.10141851056742199
1.0	0.10130680976663825
1.0	0.10040241611281234
0.0	0.09852326056141673
4.0	0.09695896898516745
0.0	0.09622504486493763
4.0	0.09263103407916956
4.0	0.09229379806514804
0.0	0.09204013006384049
0.0	0.09147550817044595
4.0	0.09024119295756203
4.0	0.08977310580745097
3.0	0.08928571428571427
3.0	0.08628356124532917
2.0	0.08567058737562386
