True Label: 0.0
4.0	0.44431385991262784
4.0	0.4365435823213433
4.0	0.42246718961904395
4.0	0.39752579268877986
4.0	0.3940552031195504
4.0	0.3878495435599877
4.0	0.3715188083835686
3.0	0.3617728102969233
2.0	0.35427864137471066
4.0	0.33554860040275747
4.0	0.31427437276538633
3.0	0.3086066999241838
3.0	0.3007960800652654
3.0	0.29525320977737063
3.0	0.2942102396975455
2.0	0.29196844291569446
4.0	0.2879270764972656
4.0	0.2877772315344771
4.0	0.2799381301421692
2.0	0.2784582198353058
4.0	0.27508035095754685
3.0	0.2730094531159741
4.0	0.2675252036971711
3.0	0.26679973018505193
0.0	0.2665686746899175
3.0	0.26393323484873327
4.0	0.25765419598497924
4.0	0.2548822395667593
4.0	0.2548822395667593
4.0	0.24635189690799358
4.0	0.24635189690799358
4.0	0.23888327147647725
3.0	0.23652216414889426
3.0	0.23652216414889426
4.0	0.2360593987402628
4.0	0.23605877231354383
4.0	0.23529524530959342
0.0	0.23409554595865587
1.0	0.23245340814854037
3.0	0.2324010799238473
4.0	0.23022178522758166
4.0	0.23020789106908404
2.0	0.2261577834061191
3.0	0.2251788457762563
4.0	0.2238381550780319
4.0	0.22312227540868657
4.0	0.22233304466564952
3.0	0.22071506117436734
0.0	0.2203192052107212
4.0	0.21985889612999382
