True Label: 0.0
4.0	0.29277002188455997
4.0	0.22360679774997896
4.0	0.20942695414584778
4.0	0.14433756729740643
4.0	0.14433756729740643
4.0	0.13834964763236657
4.0	0.1315587028960544
4.0	0.12909944487358055
4.0	0.11858541225631423
2.0	0.10963225241337866
4.0	0.10846522890932808
4.0	0.10846522890932808
2.0	0.10776318121606493
4.0	0.10614897848685505
4.0	0.10543529195916249
3.0	0.1037388744334355
4.0	0.10040241611281236
4.0	0.09999999999999999
4.0	0.09999999999999999
4.0	0.09975866194776681
3.0	0.09882117688026185
3.0	0.09759000729485331
0.0	0.09759000729485331
4.0	0.09759000729485331
4.0	0.09682458365518543
4.0	0.0958706236059213
2.0	0.0948840144095737
3.0	0.09325048082403138
3.0	0.09325048082403138
4.0	0.09325048082403138
4.0	0.09325048082403138
3.0	0.09171267607736146
4.0	0.09128709291752769
2.0	0.08969511004484829
2.0	0.0894924509465365
4.0	0.08944271909999159
2.0	0.08944271909999159
4.0	0.08730378697119727
4.0	0.08730378697119727
2.0	0.08686763852018528
0.0	0.08451542547285165
3.0	0.08385254915624211
3.0	0.08344042538845636
0.0	0.0826898230594723
4.0	0.0816496580927726
3.0	0.08134892168199606
4.0	0.08134892168199606
4.0	0.08032193289024989
4.0	0.08029550685469662
4.0	0.08012162078166143
