True Label: 0.0
4.0	0.41286141192238524
3.0	0.22592402852876595
4.0	0.2227384185558818
4.0	0.21957751641341997
3.0	0.21908902300206642
4.0	0.21081851067789198
4.0	0.20942695414584772
4.0	0.20541200750444025
4.0	0.20254787341673333
3.0	0.19674775073518586
4.0	0.1870732067159941
4.0	0.1854955583040673
3.0	0.1803950467206789
4.0	0.1796292478040997
0.0	0.1781741612749496
4.0	0.17131207221604822
4.0	0.1651445647689541
4.0	0.15936381457791915
4.0	0.15811388300841897
4.0	0.15569978883230456
4.0	0.15569978883230456
4.0	0.15430334996209188
4.0	0.15175048453532844
4.0	0.14142135623730948
4.0	0.14142135623730948
4.0	0.1405456737852613
4.0	0.13912166872805048
4.0	0.13801311186847082
4.0	0.13801311186847082
4.0	0.13762047064079508
4.0	0.1362373152282665
4.0	0.1333333333333333
3.0	0.13190899586628718
4.0	0.13176156917368248
4.0	0.12909944487358055
2.0	0.12909944487358055
4.0	0.12909944487358055
4.0	0.12909944487358055
3.0	0.12565617248750865
4.0	0.12297746456210365
4.0	0.1224744871391589
4.0	0.11969747440993464
4.0	0.11952286093343936
4.0	0.1188456721353821
2.0	0.11858541225631423
3.0	0.11856488687108799
3.0	0.11793237883215743
4.0	0.1178511301977579
4.0	0.1178511301977579
4.0	0.1178511301977579
