True Label: 0.0
4.0	0.3970278121088659
4.0	0.3695727962447154
4.0	0.34404410871358243
3.0	0.33809390284417673
4.0	0.30435933327360964
1.0	0.29869165757017957
4.0	0.2940176187803321
4.0	0.2844077137061403
4.0	0.28040441322914816
4.0	0.2785430072655778
4.0	0.2702264094666269
3.0	0.2555547983572747
4.0	0.25143267648537193
4.0	0.24922748156665644
4.0	0.24620201500844136
0.0	0.2434874666188877
4.0	0.24171135041708458
4.0	0.22829088812319243
4.0	0.22548719635784864
4.0	0.22292541435446867
4.0	0.21911414731929843
4.0	0.21907230536851188
0.0	0.2173163289000546
4.0	0.21714640241918487
4.0	0.21505972236036822
4.0	0.21479444568068928
4.0	0.21224998378646015
3.0	0.21104556352848894
4.0	0.21015082473096455
4.0	0.21011515974645165
4.0	0.20890725544918332
3.0	0.20361159164149692
4.0	0.20063357500085705
4.0	0.1960601617480448
4.0	0.19290104654745227
4.0	0.1910789265895446
3.0	0.19025782226860105
4.0	0.18952451089472586
4.0	0.18944271871023777
3.0	0.18937416826592313
0.0	0.1881589021883843
2.0	0.18793317701254203
2.0	0.18674186419884736
4.0	0.18569533817705183
4.0	0.18569533817705183
4.0	0.1790838297066415
4.0	0.1790838297066415
4.0	0.17531017257762138
4.0	0.17515568270708254
3.0	0.174672493696319
