True Label: 0.0
4.0	0.16637806616154058
4.0	0.15339299776947407
4.0	0.15171652122725207
2.0	0.137750978465894
4.0	0.1355815361366601
4.0	0.1284985132406471
3.0	0.12797267422224784
4.0	0.12004900959975617
4.0	0.11433239009500587
4.0	0.11357771260606365
1.0	0.11219645683669581
0.0	0.11093321279583497
4.0	0.1107018606925119
4.0	0.10448270954223775
4.0	0.10403496162164441
3.0	0.10090091909944686
4.0	0.10051279329742785
4.0	0.09952383094015751
4.0	0.09901475429766743
4.0	0.09855951163663952
4.0	0.09703821302589395
3.0	0.09686062481915658
4.0	0.09356014857063996
4.0	0.09356014857063996
4.0	0.09356014857063996
4.0	0.09240616554505461
4.0	0.09166984970282112
4.0	0.09166984970282112
4.0	0.09158911886399686
4.0	0.09140905301589132
4.0	0.09140905301589132
4.0	0.09049034574912834
3.0	0.08850494724012815
1.0	0.08727248968144045
4.0	0.08696565534786725
4.0	0.0868279424263957
4.0	0.08574929257125441
4.0	0.08318903308077029
3.0	0.08206381351564204
4.0	0.0815179209594981
4.0	0.08134892168199606
4.0	0.08134892168199606
4.0	0.08111071056538127
4.0	0.08084520834544433
3.0	0.08029410984014526
4.0	0.07988690403561803
3.0	0.07987485426596524
4.0	0.07950439882424457
4.0	0.07921180343813393
4.0	0.07868894753646336
