True Label: 0.0
4.0	0.5000000000000001
3.0	0.2465677595229481
4.0	0.19166296949998196
3.0	0.17928429140015906
4.0	0.1538967528127731
4.0	0.1538967528127731
4.0	0.15
4.0	0.1414213562373095
4.0	0.13834964763236657
4.0	0.1257886513566569
4.0	0.12565617248750865
4.0	0.12403473458920845
4.0	0.1234661995811987
3.0	0.11952286093343936
4.0	0.11918282365569903
4.0	0.11410886614690961
4.0	0.11180339887498948
4.0	0.10564428184106456
4.0	0.10564428184106456
4.0	0.10476454436543672
4.0	0.10062305898749054
4.0	0.10062305898749054
4.0	0.09999999999999999
4.0	0.09907548092361398
4.0	0.09860132971832691
4.0	0.09860132971832691
4.0	0.09682458365518543
4.0	0.09682458365518543
4.0	0.0958706236059213
4.0	0.09583148474999098
4.0	0.09535754450889473
4.0	0.09534625892455922
3.0	0.09409239458698271
3.0	0.09325048082403138
4.0	0.09302605094190634
4.0	0.09128709291752769
4.0	0.09036961141150637
4.0	0.08964214570007953
4.0	0.08885233166386386
4.0	0.08885233166386386
3.0	0.08852245814780159
4.0	0.08770580193070293
4.0	0.08730378697119727
1.0	0.08728715609439695
4.0	0.08660254037844385
4.0	0.08660254037844385
4.0	0.08606629658238704
0.0	0.08451542547285165
4.0	0.08451542547285165
4.0	0.08451542547285165
