True Label: 0.0
4.0	0.1748785986673174
1.0	0.1301200097264711
4.0	0.09354143466934853
4.0	0.09258200997725513
4.0	0.08728715609439695
4.0	0.08728715609439694
4.0	0.08728715609439694
0.0	0.08365153132187089
3.0	0.076924423603812
3.0	0.07513428837969108
4.0	0.07396705090823069
4.0	0.07223569954963308
4.0	0.07174300539794393
4.0	0.07033709399434332
4.0	0.06943650748294136
4.0	0.06900655593423544
4.0	0.06868851064156381
3.0	0.06830738333087809
3.0	0.06830738333087809
1.0	0.06830738333087807
3.0	0.0659976892072365
4.0	0.06537825410197562
2.0	0.06440081861116377
0.0	0.06386067121621357
4.0	0.06230559828490334
4.0	0.06149400462680908
4.0	0.060745462058612136
4.0	0.05976143046671968
2.0	0.0593669612682472
3.0	0.05921342819190755
4.0	0.05878205083374635
0.0	0.058600903867311926
3.0	0.057888800061339535
0.0	0.057462046539022864
4.0	0.056694670951384085
3.0	0.0563436169819011
0.0	0.056096140718273305
4.0	0.055328333517248814
3.0	0.05440480294211399
4.0	0.054056247761733525
4.0	0.05345224838248488
4.0	0.053396847868325395
2.0	0.05338112094128718
3.0	0.052822140920532286
3.0	0.052822140920532286
4.0	0.05224088927391436
4.0	0.0516923083701396
4.0	0.05162601284777506
4.0	0.05124500385567424
3.0	0.05110754215774343
