True Label: 0.0
4.0	0.23717082451262844
4.0	0.17541160386140586
4.0	0.14301938838683886
4.0	0.13987572123604708
2.0	0.12374368670764581
4.0	0.12346619958119871
4.0	0.12314981436141584
4.0	0.1224744871391589
4.0	0.11359236684941297
4.0	0.11359236684941297
4.0	0.10846522890932808
4.0	0.10606601717798213
3.0	0.10606601717798213
4.0	0.1029233711990773
4.0	0.10127393670836667
2.0	0.10040241611281236
0.0	0.1
0.0	0.1
4.0	0.09890707100936805
4.0	0.09733285267845752
4.0	0.09682458365518543
4.0	0.09534625892455924
4.0	0.09486832980505139
1.0	0.0944911182523068
0.0	0.0915991864532874
3.0	0.09035079029052512
1.0	0.09005509186628803
4.0	0.08964214570007953
4.0	0.08856148855400953
3.0	0.08770580193070293
0.0	0.08606629658238704
0.0	0.08539125638299666
2.0	0.08528028654224418
0.0	0.08385254915624211
4.0	0.08385254915624211
1.0	0.08257228238447706
1.0	0.08257228238447706
1.0	0.08257228238447706
4.0	0.0816496580927726
4.0	0.0816496580927726
4.0	0.08134892168199606
0.0	0.07968190728895956
4.0	0.07798128673650545
0.0	0.0778498944161523
4.0	0.07726674092862558
4.0	0.07694837640638656
4.0	0.07694837640638656
4.0	0.07669649888473705
4.0	0.07669649888473705
4.0	0.07669649888473705
