True Label: 0.0
4.0	0.32364535762509394
3.0	0.31581870585526906
4.0	0.2875744685030437
4.0	0.2760905863826474
0.0	0.24441385845777913
2.0	0.23110341016343408
4.0	0.22911173837759038
1.0	0.2179815832718196
2.0	0.21312227105339138
4.0	0.20839396207194538
4.0	0.20353866194585815
4.0	0.19266415408272605
2.0	0.19178464231191433
4.0	0.187893186975487
2.0	0.18685673434682068
0.0	0.18530658857867627
4.0	0.18039552446369625
3.0	0.1727794226904797
2.0	0.15784463545095392
2.0	0.15776639576886084
4.0	0.14939246106979562
0.0	0.1405590228543692
4.0	0.13531708112782673
4.0	0.13485223234378915
1.0	0.1315237278315267
4.0	0.12992686923449073
4.0	0.12232644703665149
4.0	0.12111702530309268
1.0	0.12044612257417607
2.0	0.11773953506431087
4.0	0.11740424241687158
4.0	0.11603248232846379
3.0	0.11208827614937963
4.0	0.10829595388429651
4.0	0.10829595388429651
4.0	0.10772074933262525
4.0	0.10770214549157026
0.0	0.10736753541456398
4.0	0.10713236153930182
2.0	0.10703564115707007
4.0	0.10524682808779344
3.0	0.10510691307008665
4.0	0.10462383118835324
4.0	0.10437561297106605
4.0	0.10427889550060047
0.0	0.10141895120797835
3.0	0.10141437300342551
3.0	0.10141437300342551
4.0	0.09992826906683895
3.0	0.09886133758502016
