True Label: 0.0
2.0	0.3079719062324201
4.0	0.3001901806907392
4.0	0.29946958373671273
4.0	0.2830461078999932
0.0	0.26911537256123036
0.0	0.24819046456878194
1.0	0.23770076808846147
1.0	0.22350338472142203
0.0	0.22186486769517041
4.0	0.2065921691896022
4.0	0.2045158132836087
3.0	0.1969879541901093
0.0	0.19363279686320767
2.0	0.18879322184087424
3.0	0.17129717745688294
3.0	0.15906448270039059
4.0	0.15870780079516086
1.0	0.15494412689220163
2.0	0.14310584622959022
4.0	0.13845786012261624
4.0	0.13406124660160215
4.0	0.13329579051030743
1.0	0.13278447282444406
4.0	0.1250977708401336
0.0	0.12121508508729953
4.0	0.1208559284901898
4.0	0.12016384345525156
4.0	0.11541796720296375
4.0	0.11303746816875376
4.0	0.11086899214250115
2.0	0.10614897848685505
0.0	0.104907249045568
1.0	0.10277830647412975
0.0	0.10178907934921709
4.0	0.10102556371222146
3.0	0.1005233972359106
2.0	0.09744641920011009
2.0	0.0952785838522357
3.0	0.09181443068997998
0.0	0.09064194636764236
4.0	0.08858025448687273
4.0	0.08822801999436632
4.0	0.08790975245880395
4.0	0.08564858872844144
4.0	0.08354387915242614
4.0	0.08349323114585987
3.0	0.08182820199069984
4.0	0.08171352173811941
0.0	0.079956036266757
2.0	0.07831714785047389
