True Label: 0.0
4.0	0.20695933859617893
3.0	0.1009705711206358
0.0	0.09983432268063623
4.0	0.09949497592492688
4.0	0.09185117918925867
2.0	0.08890225571986875
0.0	0.08827348295047496
3.0	0.08362420100070908
1.0	0.08166982597207062
4.0	0.0807627720964683
4.0	0.08054825952819908
4.0	0.08006123366751
4.0	0.07872958216222171
4.0	0.07865665062071159
4.0	0.07858682668274143
0.0	0.0778498944161523
4.0	0.0778498944161523
0.0	0.07681373347487837
3.0	0.07651033654915335
4.0	0.07642480067970067
0.0	0.07537783614444091
4.0	0.07537783614444091
3.0	0.07462025072446365
2.0	0.07386363636363637
4.0	0.07385725805767361
4.0	0.07360480182240926
4.0	0.07336739820667779
4.0	0.07312724241271307
4.0	0.07273217068146404
0.0	0.07259540086406277
3.0	0.07201558009561172
3.0	0.07122536028727372
4.0	0.07079098555864043
4.0	0.0699865638694818
0.0	0.0699865638694818
0.0	0.06978631577988532
4.0	0.06794195522151034
3.0	0.06741998624632421
2.0	0.06741998624632421
1.0	0.0668762678035098
4.0	0.06598396520540799
0.0	0.06589208392396005
3.0	0.0657951694959769
4.0	0.0652791209833867
4.0	0.0648215828535938
3.0	0.06468295213980776
3.0	0.06428243465332249
3.0	0.06428243465332249
1.0	0.06410058864642096
1.0	0.06397078946489489
