True Label: 0.0
4.0	0.49999999999999983
4.0	0.49999999999999983
4.0	0.28347335475692037
3.0	0.1636634176769943
4.0	0.14547859349066158
4.0	0.14285714285714282
4.0	0.12104550653376048
3.0	0.11821656093586509
4.0	0.09869275424396534
4.0	0.0975900072948533
4.0	0.0975900072948533
4.0	0.0944911182523068
4.0	0.09320546490018
2.0	0.0890870806374748
4.0	0.0890870806374748
4.0	0.08671099695241198
2.0	0.08451542547285165
4.0	0.08183170883849715
4.0	0.07938841860374446
4.0	0.07412493166611012
4.0	0.07273929674533079
4.0	0.07273929674533079
1.0	0.07273929674533079
0.0	0.07018624063435963
0.0	0.06784066926615714
4.0	0.06681531047810609
3.0	0.06681531047810609
4.0	0.06388765649999398
4.0	0.0629940788348712
4.0	0.0629940788348712
4.0	0.060138477932426354
4.0	0.05976143046671968
4.0	0.05976143046671968
4.0	0.059108280467932546
4.0	0.059028133610095526
4.0	0.05832118435198043
4.0	0.05763904177042349
4.0	0.05698028822981897
0.0	0.05698028822981897
4.0	0.05698028822981897
4.0	0.055131784641997125
4.0	0.0545544725589981
4.0	0.0545544725589981
4.0	0.05399492471560388
3.0	0.052925612402496304
4.0	0.052414241836095915
4.0	0.052414241836095915
3.0	0.050964719143762556
4.0	0.0507346289431841
1.0	0.05062074635525538
