True Label: 0.0
4.0	0.3464293548074995
4.0	0.325203315628269
4.0	0.32007659211928485
4.0	0.3146712622298427
4.0	0.3052305678477801
4.0	0.3042044941532085
3.0	0.2844077137061403
4.0	0.2785054955817143
3.0	0.278078842415146
0.0	0.2732301628868249
4.0	0.2679711003789362
4.0	0.2595686547424837
4.0	0.2580462448093459
3.0	0.25672262924343003
4.0	0.2555555786016278
4.0	0.24338965022470896
4.0	0.23110492696808135
4.0	0.23063280200722125
4.0	0.22995346974509806
4.0	0.2298361405524275
3.0	0.2235591087867179
4.0	0.22082305800873298
3.0	0.21506619680967012
4.0	0.21497084491103086
3.0	0.21019155654679117
3.0	0.2084219669613948
4.0	0.20377359689625746
4.0	0.20313468644761024
4.0	0.20101918433725968
4.0	0.1996249358883489
3.0	0.19903314642197084
4.0	0.1979097737100941
4.0	0.19750213213679885
4.0	0.19750213213679885
2.0	0.19558272671117272
4.0	0.19499747477204468
4.0	0.1944866553305261
4.0	0.1944866553305261
4.0	0.19219400167268438
1.0	0.1915301171270229
4.0	0.1894841822399668
3.0	0.18840894735144714
3.0	0.18684223792583896
4.0	0.1837143027269808
2.0	0.18136519066387635
4.0	0.18005965464253748
4.0	0.17881649390169782
4.0	0.17542826450672633
4.0	0.17542826450672633
0.0	0.17476787073942127
