True Label: 0.0
3.0	0.39752579268877986
4.0	0.3202563076101743
4.0	0.29565619799454135
4.0	0.29246552879969556
4.0	0.29017164609862245
4.0	0.28306925853614895
4.0	0.28263343185959744
3.0	0.2567762955065478
2.0	0.2511009804759127
4.0	0.21926450482675733
1.0	0.21197648541978326
3.0	0.2092132108308056
4.0	0.20906050250177272
4.0	0.19859348978538272
4.0	0.1905906249656219
4.0	0.1905906249656219
4.0	0.19037490262714746
4.0	0.18752289237539818
3.0	0.1851100598717808
3.0	0.18490006540840975
2.0	0.1844905409512274
3.0	0.18129022354854318
3.0	0.1809660416912438
3.0	0.1809660416912438
3.0	0.18065140011297026
3.0	0.179968508266339
4.0	0.1773937187967248
4.0	0.17541160386140586
4.0	0.17063336153582365
4.0	0.16984155512168936
4.0	0.16984155512168936
4.0	0.16940097965810927
4.0	0.16921690587373406
4.0	0.1681681984990781
4.0	0.1681681984990781
4.0	0.16678109624874776
4.0	0.16630614998521273
4.0	0.16309646061636973
4.0	0.16309646061636973
2.0	0.1617875572323585
4.0	0.15689290811054724
4.0	0.15504341823651058
3.0	0.15164195665734442
3.0	0.1513513786491703
4.0	0.15097027121927944
4.0	0.15066058828554763
4.0	0.15023130314433292
4.0	0.1485804097031864
4.0	0.14731461440741137
4.0	0.14708710135363803
