True Label: 0.0
1.0	0.3192455499075899
4.0	0.2464608932215215
1.0	0.2218034876835673
2.0	0.1880121371476375
0.0	0.183348327765268
3.0	0.17791105832074877
2.0	0.17446515301534246
0.0	0.1737934116503431
4.0	0.17075568473789848
3.0	0.16980072339185348
4.0	0.16493198671259576
3.0	0.15381749185758184
4.0	0.15222500936813435
4.0	0.15211722896920712
4.0	0.15002528492077016
4.0	0.14706095846285727
3.0	0.14415755778987352
3.0	0.14195742481017454
0.0	0.13908286320758118
3.0	0.13742443945714378
3.0	0.12914457179670916
3.0	0.12714591702118
3.0	0.12710250082029856
4.0	0.12684636782249648
4.0	0.12678653563475314
0.0	0.12631593229238927
4.0	0.12508364002274114
1.0	0.12438508099832637
3.0	0.12336437823012986
4.0	0.12062162998744523
3.0	0.12052919659201355
4.0	0.12024072240843037
4.0	0.11909148393715432
3.0	0.11903022210329932
3.0	0.1188974795214549
3.0	0.11885138426766251
4.0	0.1164831998331669
3.0	0.11551900579003094
4.0	0.11536088808075046
0.0	0.1137028975429269
3.0	0.11169883911918392
3.0	0.11162093398988136
4.0	0.11126565538201805
4.0	0.11126565538201805
4.0	0.11050939708828779
4.0	0.10986815424862326
4.0	0.10986815424862326
4.0	0.1098521769120669
0.0	0.10648512837953227
4.0	0.10627878773721297
