True Label: 0.0
4.0	0.20044593143431827
4.0	0.1824501122999404
4.0	0.1767766952966369
3.0	0.16666666666666666
4.0	0.15975241260567344
2.0	0.15875015875023812
4.0	0.15811388300841897
4.0	0.15158476564770812
4.0	0.14433756729740646
4.0	0.14433756729740646
4.0	0.13638618139749525
4.0	0.13258252147247765
3.0	0.13258252147247765
4.0	0.12909944487358055
4.0	0.12909944487358055
4.0	0.1275775907699572
4.0	0.1259881576697424
3.0	0.125
4.0	0.12252450735245085
4.0	0.12028130608117205
0.0	0.11858541225631422
4.0	0.11572751247156893
4.0	0.1143739277494535
4.0	0.11306675421666137
4.0	0.11306675421666136
0.0	0.11306675421666136
0.0	0.11306675421666136
4.0	0.11225331376673432
4.0	0.1118033988749895
3.0	0.10825317547305485
4.0	0.10825317547305485
4.0	0.1074513914601275
4.0	0.10458250331675945
4.0	0.10400628679223047
4.0	0.10400628679223047
0.0	0.10345073607529601
4.0	0.10206207261596577
4.0	0.10206207261596577
1.0	0.10022296571715915
4.0	0.10008009612817946
4.0	0.09882117688026185
3.0	0.09805806756909202
4.0	0.09509593209685609
4.0	0.0944911182523068
4.0	0.0944911182523068
4.0	0.0944911182523068
0.0	0.0944911182523068
4.0	0.0944911182523068
4.0	0.09375
4.0	0.09375
