True Label: 0.0
3.0	0.22454435656953592
3.0	0.20646003475383345
3.0	0.20451111078350387
3.0	0.19567393359435561
2.0	0.15534712747612348
0.0	0.13797369644231547
3.0	0.13750477455423168
4.0	0.13584712216226488
3.0	0.13584712216226488
4.0	0.12654276706088277
3.0	0.11679143249475676
4.0	0.11679143249475675
3.0	0.11551721334727869
4.0	0.11540595721692304
4.0	0.11472327120137266
3.0	0.1143323900950059
0.0	0.11202240672224079
4.0	0.10502100630210073
4.0	0.09901475429766744
1.0	0.09901475429766741
4.0	0.09709195467257717
4.0	0.09605842128561481
4.0	0.09565734053059191
3.0	0.09208185110322617
4.0	0.09205101496312952
2.0	0.09061915769440534
4.0	0.08856148855400953
3.0	0.08574929257125442
4.0	0.08490445135141556
4.0	0.08278421786538928
3.0	0.08194519371526618
3.0	0.08084520834544433
2.0	0.0800260868283276
4.0	0.07974522228289
4.0	0.07827803638564368
4.0	0.07827803638564368
4.0	0.07767356373806174
0.0	0.07767356373806174
0.0	0.07745108556180838
3.0	0.076924423603812
4.0	0.07679896586280786
2.0	0.07663319181750311
3.0	0.0765404529471217
4.0	0.0763915414190176
4.0	0.07484811885651198
4.0	0.0746351792533165
3.0	0.0746351792533165
4.0	0.07388505791113108
4.0	0.07231015260621872
4.0	0.0722139314689769
