True Label: 0.0
4.0	0.25928148942086576
4.0	0.1709408646894569
4.0	0.14400460822119582
3.0	0.13117959355765652
0.0	0.12371791482634838
4.0	0.12027695586485274
4.0	0.11952286093343936
4.0	0.1182165609358651
4.0	0.11572751247156896
4.0	0.11458731212852641
4.0	0.11454053224818188
4.0	0.11454053224818188
4.0	0.1142494503741919
3.0	0.11246192193114238
4.0	0.11145564251507058
4.0	0.11046717099558853
4.0	0.10984369379093671
4.0	0.10714285714285715
4.0	0.10690449676496977
3.0	0.10580457454685896
4.0	0.10482848367219184
4.0	0.10409569305544539
4.0	0.10286889997472795
4.0	0.10101525445522107
4.0	0.10081542190649245
4.0	0.10072787050317253
4.0	0.10072787050317253
4.0	0.09960238411119948
4.0	0.09959419951986215
4.0	0.09958077604410255
4.0	0.09723055853282467
4.0	0.09723055853282467
4.0	0.09723055853282467
4.0	0.09723055853282467
4.0	0.09666028640862787
4.0	0.09600307214746387
1.0	0.09519786795214515
1.0	0.09519786795214515
4.0	0.09449111825230681
4.0	0.09440948444160148
4.0	0.09258200997725513
4.0	0.09197090092274486
2.0	0.09177788727679405
0.0	0.09177788727679405
2.0	0.09177788727679405
4.0	0.09166984970282112
4.0	0.09078412990032037
4.0	0.09035079029052512
0.0	0.08964214570007953
3.0	0.08928571428571429
