True Label: 0.0
4.0	0.3651468350540827
4.0	0.3193104008381517
4.0	0.31580697039994465
3.0	0.2873844052576036
4.0	0.280717307022173
4.0	0.27737231509143956
4.0	0.2750456656690116
4.0	0.26661427596248843
4.0	0.26082391635267144
4.0	0.2553191489361702
3.0	0.24412697134002415
4.0	0.24188972342344836
4.0	0.23931213641523988
4.0	0.22448148540588733
4.0	0.22330925031578017
1.0	0.20314836693295743
4.0	0.20214987702065612
4.0	0.19558272671117272
0.0	0.19320290100197884
3.0	0.18674186419884736
3.0	0.18168918699398467
3.0	0.18005965464253748
4.0	0.17939022008969663
4.0	0.17806574371296155
4.0	0.17774285064165896
4.0	0.17506692887178837
4.0	0.17190354104313227
4.0	0.1684303842133038
4.0	0.16045149064768402
4.0	0.15718875511867383
4.0	0.14807184892549227
3.0	0.14737658618664085
4.0	0.1421131366799751
4.0	0.1418204213605841
4.0	0.141509827535445
4.0	0.13994334305350264
4.0	0.1346605446387265
4.0	0.13181762600207414
4.0	0.12507819831856498
3.0	0.12231889943549988
4.0	0.12188902015977446
3.0	0.11728776433417583
4.0	0.11695217633781757
4.0	0.11298653657320641
4.0	0.1129865365732064
4.0	0.11140622746386532
4.0	0.1114062274638653
3.0	0.10958850741499679
4.0	0.1083457956975773
3.0	0.10718959959104785
