True Label: 0.0
4.0	0.3667434323290369
4.0	0.3578352677779973
3.0	0.35427864137471066
4.0	0.35064343665913833
4.0	0.33264957192955785
4.0	0.32803694724189186
4.0	0.31362502409359005
4.0	0.3023213352690238
3.0	0.2793993781135563
4.0	0.27104779935001005
3.0	0.264363072950721
3.0	0.26203509329175206
4.0	0.2511009804759127
3.0	0.24142865611338277
4.0	0.23202921343386096
4.0	0.2290393337255473
4.0	0.22030256079226748
4.0	0.22030256079226748
2.0	0.21680453677608053
4.0	0.21661136660570582
3.0	0.21521995182674164
4.0	0.21424667872399397
3.0	0.21194607438176233
0.0	0.20908334939572668
2.0	0.1961607830921235
3.0	0.19582802495076498
3.0	0.19205531989934396
4.0	0.1910828816514149
3.0	0.19038721998972521
3.0	0.18845012412641154
4.0	0.1875383310880741
2.0	0.18700983288487377
3.0	0.18688274497832685
4.0	0.18632102821336105
4.0	0.18632102821336105
0.0	0.18546644325325382
4.0	0.18480531773864323
0.0	0.18147521943593523
3.0	0.18127713836606033
0.0	0.1810714920850371
4.0	0.17967467390805714
4.0	0.17967467390805714
4.0	0.17624204863381396
3.0	0.17566515003642352
4.0	0.17532171832956917
0.0	0.1752941064358111
3.0	0.17524982776751416
3.0	0.17524982776751416
4.0	0.17510962941959418
4.0	0.17426962822225506
