True Label: 0.0
4.0	0.3946394972704719
3.0	0.3695629825930893
4.0	0.3677594628353629
4.0	0.313259596525809
4.0	0.30744849388127005
4.0	0.2819336368732281
4.0	0.28113360692532063
3.0	0.2791703722075108
4.0	0.266515227762882
4.0	0.24957406705085594
3.0	0.24350659581611472
1.0	0.2254622288462647
4.0	0.22341361689512648
3.0	0.2209451108268966
0.0	0.21900792397170982
3.0	0.21851180770662854
4.0	0.2110081934782109
4.0	0.2088556307096591
4.0	0.20771101359928335
4.0	0.2011829549493909
4.0	0.19542113917233217
4.0	0.19421763665437305
4.0	0.1937278985339877
4.0	0.1937278985339877
4.0	0.19063334047838495
4.0	0.19049686707863878
4.0	0.19045917055503228
4.0	0.18874079085686274
0.0	0.18762774141763536
4.0	0.18530818721992978
3.0	0.18493501645850757
4.0	0.18142985878975204
4.0	0.18114965806842534
3.0	0.18114965806842534
4.0	0.18018916673356672
4.0	0.1800871875667329
4.0	0.1800871875667329
4.0	0.17930678554542542
4.0	0.17904277265428536
3.0	0.17904079111721613
4.0	0.1771488590833403
4.0	0.17570920456229616
4.0	0.17461733026493387
4.0	0.1741721902704722
1.0	0.1716968416197358
3.0	0.17168607466124008
4.0	0.17099353198969633
3.0	0.17031942212738446
3.0	0.1687970143329029
4.0	0.1685056611611554
