True Label: 0.0
0.0	0.3356725433186756
0.0	0.2956033306881437
1.0	0.2902319916636086
0.0	0.2834628204342888
3.0	0.2662540210094558
4.0	0.25584085962673253
3.0	0.23289712627804457
3.0	0.2282385731442616
0.0	0.22135943621178658
0.0	0.21830311495716223
0.0	0.21310864846981595
4.0	0.1843604188673475
0.0	0.17616606585441102
4.0	0.16973368495830113
3.0	0.16805378581857022
1.0	0.16148556036654346
3.0	0.15732919388188815
4.0	0.15377707260739973
1.0	0.15377707260739973
3.0	0.14912022701586514
1.0	0.1440884945194222
4.0	0.14107202341170869
0.0	0.13985773194637896
1.0	0.13719886811400706
0.0	0.1358128195393186
4.0	0.1355261854357877
1.0	0.1328422328310143
4.0	0.12843225981358716
3.0	0.1267731382092775
0.0	0.12675865233387065
4.0	0.125
4.0	0.12456821978060993
4.0	0.1193013826626216
2.0	0.11806816745380026
4.0	0.11359236684941297
4.0	0.112962014264383
0.0	0.10424239671423174
4.0	0.10402918855817377
3.0	0.10320566094311019
4.0	0.10127393670836667
0.0	0.1011299793694863
1.0	0.09388011803624877
1.0	0.09210179849961275
0.0	0.0875
0.0	0.0875
4.0	0.08327623614723059
1.0	0.08156233497712978
4.0	0.08100507469173428
4.0	0.08065519140755974
4.0	0.08005140753354226
