True Label: 0.0
4.0	0.2204155075111935
2.0	0.17596234808583347
4.0	0.17295817388759027
4.0	0.1601281538050871
4.0	0.15963620746952262
4.0	0.15286934299349844
4.0	0.14163943093313291
4.0	0.1386750490563073
4.0	0.1283881477532739
4.0	0.1207011373963169
4.0	0.11694106924093722
4.0	0.11651034560709261
3.0	0.1165103456070926
4.0	0.11262104468704094
2.0	0.1113181617146056
4.0	0.1109583809892804
4.0	0.1109583809892804
4.0	0.10840727259799847
4.0	0.10529962529853128
4.0	0.10390486669322622
3.0	0.10241831129983783
4.0	0.1019559237857732
4.0	0.10016708449412667
3.0	0.0985152172154385
4.0	0.09767725810110087
4.0	0.09639215774814305
3.0	0.09607689228305227
4.0	0.09544271444636666
4.0	0.09458308043295562
3.0	0.09259202588143084
2.0	0.09151333141298447
3.0	0.09091675835657295
4.0	0.09078412990032035
4.0	0.09078412990032035
3.0	0.0888231183368655
2.0	0.08798117404291673
4.0	0.08752735657406217
4.0	0.08735706972682653
4.0	0.08559209850218259
3.0	0.084103426706236
1.0	0.08362420100070907
4.0	0.08338763984501665
4.0	0.08321153058857286
0.0	0.08263362881372999
1.0	0.08148628537693219
4.0	0.08042230722341677
3.0	0.08006407690254358
4.0	0.08006407690254355
4.0	0.07966673411786343
3.0	0.07847849263290312
