True Label: 0.0
4.0	0.33501260508640407
4.0	0.3052305678477801
4.0	0.3015113445777637
4.0	0.293778996805978
4.0	0.2851124011492332
4.0	0.28138742976632514
2.0	0.26661427596248843
0.0	0.2536286367508941
3.0	0.25143267648537193
4.0	0.24618298195866553
4.0	0.2331420410519818
4.0	0.22968778911235974
4.0	0.22517786415864843
3.0	0.21661214442955296
3.0	0.21488612374010144
4.0	0.2132007163556105
4.0	0.20751433915982243
4.0	0.19645989725150062
4.0	0.1884445903611023
4.0	0.1846372364689991
4.0	0.17978662999019787
4.0	0.17912443020795962
3.0	0.1761750527727107
4.0	0.17407765595569785
3.0	0.17181890671301905
4.0	0.17141982574219333
4.0	0.16888013236829963
4.0	0.16888013236829963
4.0	0.16750630254320203
4.0	0.16412198797244368
4.0	0.16333965194414127
4.0	0.1631181743481111
4.0	0.1574591643244434
4.0	0.1556997888323046
4.0	0.15386436372416593
4.0	0.15362746694975676
4.0	0.1519474352795173
3.0	0.15075567228888184
4.0	0.149270358506633
4.0	0.1488302334678449
4.0	0.1484539238050411
4.0	0.1484539238050411
4.0	0.14777011582226218
1.0	0.1454643413629281
4.0	0.14519080172812557
3.0	0.14519080172812557
4.0	0.14512642983326202
4.0	0.14069371488316257
2.0	0.13834289277321493
4.0	0.1343038273375634
