True Label: 0.0
4.0	0.3808750313077561
2.0	0.28097574347450816
4.0	0.2525907427704613
4.0	0.2381448361039201
4.0	0.2105379802666297
3.0	0.20890725544918332
4.0	0.20833333333333331
4.0	0.2041241452319315
4.0	0.1986798535597566
4.0	0.1970601953420205
4.0	0.19695964928958382
4.0	0.19445436482630057
4.0	0.19445436482630055
3.0	0.18430244519362143
4.0	0.18257418583505533
4.0	0.18257418583505533
4.0	0.18257418583505533
4.0	0.17462517462526195
4.0	0.17149858514250882
4.0	0.17010345435994292
4.0	0.17010345435994292
4.0	0.17010345435994292
4.0	0.16666666666666666
3.0	0.16587220067425928
4.0	0.16409811543513134
4.0	0.16390251702679642
0.0	0.16390251702679642
4.0	0.1598405032727515
4.0	0.15773229404285616
3.0	0.15689401635784878
4.0	0.15638581054280606
4.0	0.1543033499620919
4.0	0.15386436372416593
4.0	0.15386436372416593
4.0	0.15309310892394862
4.0	0.1530931089239486
4.0	0.1523179489612356
4.0	0.15158476564770806
4.0	0.15158476564770806
4.0	0.15006126199969522
4.0	0.15006126199969522
4.0	0.15006126199969522
4.0	0.14959337540847759
4.0	0.14916699078294934
3.0	0.147087101353638
4.0	0.14657549249448215
4.0	0.14657549249448215
4.0	0.14569287935358963
4.0	0.14484040753471503
4.0	0.14433756729740646
