True Label: 0.0
4.0	0.28653412753062635
4.0	0.2575131013123024
2.0	0.2283750695977849
4.0	0.195962378834549
4.0	0.16081688022566923
4.0	0.14182715723279388
4.0	0.14037248126871926
0.0	0.1385663269313568
4.0	0.13511320473331348
3.0	0.13511320473331348
4.0	0.13401406685472436
4.0	0.13340746919301402
4.0	0.12697168670714545
4.0	0.11791665765914455
4.0	0.11371470653683552
4.0	0.11371470653683552
0.0	0.11259433727776123
4.0	0.11259433727776123
4.0	0.11197850219117086
0.0	0.1107273064716533
0.0	0.110423889479938
4.0	0.10942202738310215
4.0	0.10942202738310215
2.0	0.1072112534837795
2.0	0.1072112534837795
4.0	0.10650358071057624
4.0	0.10648042524107537
4.0	0.10527936095153945
4.0	0.10380684981717495
0.0	0.10253309789938272
4.0	0.10170952554312154
4.0	0.10130511230913847
3.0	0.10015661716722687
3.0	0.10005560189476052
4.0	0.09897594780811196
4.0	0.0969762275752854
4.0	0.09680038658279579
1.0	0.09614940148025171
4.0	0.09589266029707681
3.0	0.09589266029707681
4.0	0.09589266029707681
0.0	0.09589266029707681
3.0	0.09284766908852593
4.0	0.09284766908852593
3.0	0.09284766908852593
4.0	0.09261641675163669
1.0	0.09104463009115371
4.0	0.09104463009115371
3.0	0.09055831420506488
4.0	0.08877935232369505
