True Label: 0.0
4.0	0.2637521893583148
2.0	0.21693045781865616
3.0	0.21213203435596426
4.0	0.1850583025494013
2.0	0.1825741858350554
4.0	0.17954621161490197
4.0	0.1632993161855452
4.0	0.149071198499986
3.0	0.13801311186847084
4.0	0.13801311186847084
4.0	0.1328422328310143
4.0	0.1303116728289208
4.0	0.12954081178458093
4.0	0.1267731382092775
4.0	0.1267731382092775
0.0	0.12463539056995117
4.0	0.12456821978060995
2.0	0.11952286093343936
4.0	0.11180339887498951
2.0	0.10846522890932808
3.0	0.10350983390135313
4.0	0.10127393670836665
4.0	0.09682458365518543
0.0	0.095831484749991
4.0	0.095831484749991
4.0	0.095831484749991
4.0	0.09534625892455924
3.0	0.09534625892455924
4.0	0.09534625892455924
4.0	0.09486832980505139
4.0	0.09486832980505137
4.0	0.0944911182523068
3.0	0.0943975163291329
3.0	0.09416472308615167
2.0	0.09302605094190634
4.0	0.09258200997725516
4.0	0.0912870929175277
4.0	0.08964214570007953
4.0	0.08964214570007953
3.0	0.08856148855400953
2.0	0.08808303292720553
1.0	0.08770580193070293
4.0	0.08770580193070293
2.0	0.08660254037844387
4.0	0.08519427513705972
3.0	0.08451542547285167
4.0	0.08451542547285167
4.0	0.08377078165833911
4.0	0.08226758657639699
4.0	0.0816496580927726
