True Label: 0.0
4.0	0.3947710169758614
4.0	0.3457820374040623
4.0	0.3289758474798845
4.0	0.2842676218074806
4.0	0.2727272727272727
4.0	0.2611164839335468
2.0	0.24188972342344836
4.0	0.24120907566221092
4.0	0.2321035412742638
4.0	0.22792115291927587
4.0	0.22049739775464647
0.0	0.2193817272381392
4.0	0.215365246126974
4.0	0.20225995873897262
4.0	0.19738550848793068
3.0	0.18609684207969418
4.0	0.18463723646899913
4.0	0.18000900067505626
4.0	0.175919798853417
4.0	0.17407765595569785
4.0	0.1574591643244434
4.0	0.1574591643244434
4.0	0.1556997888323046
4.0	0.1556997888323046
4.0	0.15316791621349674
4.0	0.14625448482542613
4.0	0.14301938838683886
4.0	0.14126448280440335
3.0	0.14083575804390605
4.0	0.1404109131602727
4.0	0.13636363636363635
4.0	0.13636363636363635
4.0	0.1353825902684706
4.0	0.1305582419667734
0.0	0.128564869306645
4.0	0.12856486930664499
4.0	0.1254363015010636
3.0	0.12506107989614448
4.0	0.1237376449779492
4.0	0.11980845957463077
0.0	0.11980845957463077
4.0	0.11677484162422844
4.0	0.11677484162422844
4.0	0.1160517706371319
4.0	0.11396057645963795
4.0	0.11197850219117086
1.0	0.11197850219117086
4.0	0.11009637651263605
4.0	0.1096908636190696
3.0	0.10830607221477648
