True Label: 0.0
4.0	0.24293152103545468
4.0	0.2168566737391316
4.0	0.19966307552437576
2.0	0.17842016995433774
4.0	0.1700460603795407
3.0	0.13988640287297763
4.0	0.13799970147035648
0.0	0.13192022253539631
4.0	0.12947085767019723
4.0	0.12674485010489558
4.0	0.12508798343090685
0.0	0.12272017341845398
1.0	0.11428584350263792
0.0	0.11408922437619057
0.0	0.11245826219031184
0.0	0.1124309870177853
4.0	0.11207533995118209
4.0	0.11114499678164914
2.0	0.10976425998969036
4.0	0.10759049504114512
0.0	0.10562070842074632
4.0	0.10355778842507526
4.0	0.1034867367608444
4.0	0.101354179123862
4.0	0.09983153776218788
4.0	0.09928550884822429
3.0	0.09928550884822429
4.0	0.0981761387347632
0.0	0.09738770987948558
4.0	0.0970188157132916
4.0	0.09581010095306072
1.0	0.09553752543358543
2.0	0.09518191886494587
4.0	0.09412207643723192
4.0	0.09317610191137536
4.0	0.09132938483219746
4.0	0.09132938483219745
0.0	0.09062706788187228
4.0	0.09018054180632275
4.0	0.09018054180632275
4.0	0.08953346962966181
4.0	0.08946404694974391
0.0	0.08943830250274425
3.0	0.0890112146482606
4.0	0.08813576890402883
4.0	0.08800719732732863
3.0	0.08731693414196244
0.0	0.08297398136450224
3.0	0.0819185877902475
0.0	0.081813448945636
