True Label: 0.0
4.0	0.4999999999999999
4.0	0.4826698642407986
3.0	0.4715888550720011
4.0	0.4382299106011074
4.0	0.4170288281141495
4.0	0.38969154998823285
4.0	0.3523073396649038
4.0	0.35025831972707433
4.0	0.34090909090909094
4.0	0.33074754631582587
4.0	0.3290725908572088
3.0	0.3143473067309657
4.0	0.29250896965085227
3.0	0.29206345641622106
2.0	0.2899103782969038
4.0	0.2638796982801255
3.0	0.2631806779839076
3.0	0.2383656473113981
3.0	0.23212214907827608
4.0	0.2297132894421225
4.0	0.2279211529192759
3.0	0.2272727272727273
4.0	0.22498852128662877
4.0	0.22197628798862762
0.0	0.22068370737618742
4.0	0.2175970699446223
4.0	0.21661214442955296
0.0	0.21602918591849843
4.0	0.21138001080334737
4.0	0.21105794120443455
4.0	0.20751433915982237
4.0	0.2047336543377781
2.0	0.2038588765750502
4.0	0.20109991663496093
4.0	0.19870659301124743
4.0	0.195962378834549
0.0	0.19583736295016008
0.0	0.19482527677986858
4.0	0.1931818181818182
4.0	0.19102329436458526
4.0	0.18785977007818472
4.0	0.18655062681115914
2.0	0.18609684207969418
2.0	0.1849457366615228
4.0	0.18463723646899913
1.0	0.1837023583785173
1.0	0.1837023583785173
4.0	0.18312996850830737
4.0	0.1830604592079279
4.0	0.1830604592079279
