True Label: 0.0
4.0	0.2122381799890044
0.0	0.18195633571851272
2.0	0.17011891390920766
4.0	0.16979054399120352
4.0	0.15949044456578
4.0	0.1553424415003
4.0	0.1438803413133505
4.0	0.14384911389218763
4.0	0.14237369936287486
4.0	0.14019992744655632
4.0	0.13699915608779772
4.0	0.13678822577626598
4.0	0.1339558646789255
4.0	0.1321906612535348
4.0	0.12878185658223207
4.0	0.1286403046832755
4.0	0.1283740414907742
0.0	0.12834958696317053
4.0	0.1211965413909299
4.0	0.11961783342433499
4.0	0.11624763874381927
4.0	0.11510231387903269
0.0	0.11416955912824849
4.0	0.11277677488692017
0.0	0.11230588859277421
2.0	0.1115531208664017
4.0	0.10984369379093671
4.0	0.10959932487023819
4.0	0.10959932487023819
4.0	0.10959932487023819
2.0	0.10907688725183692
4.0	0.10807190513513065
4.0	0.10762440050012628
4.0	0.106676149412533
4.0	0.1061190899945022
4.0	0.10397504898200727
0.0	0.10356162766686665
4.0	0.10288067621471844
4.0	0.10274936706584831
4.0	0.09968152785361249
4.0	0.09968152785361249
3.0	0.09913631941932194
4.0	0.09900375009061874
4.0	0.09900375009061874
4.0	0.09863939238321437
4.0	0.09863939238321437
3.0	0.09727231431804843
4.0	0.09687303228651607
0.0	0.09687303228651607
4.0	0.09620723036050562
