True Label: 0.0
4.0	0.28284271247461895
4.0	0.2644718419629145
4.0	0.24424350364234304
4.0	0.24343224778007383
4.0	0.23094010767585027
2.0	0.2295390425243835
4.0	0.21081851067789195
3.0	0.21081851067789195
4.0	0.20701966780270625
4.0	0.19462473604038072
3.0	0.19364916731037082
4.0	0.18633899812498247
4.0	0.18257418583505536
4.0	0.18257418583505536
3.0	0.18257418583505533
4.0	0.17457431218879388
4.0	0.17251638983558856
3.0	0.17213259316477406
4.0	0.1690308509457033
4.0	0.16666666666666663
4.0	0.1651445647689541
4.0	0.16230861351605888
4.0	0.16151457061744964
4.0	0.16129556770910236
4.0	0.16122276447013772
4.0	0.16064386578049974
4.0	0.15936381457791915
4.0	0.15430334996209188
4.0	0.15214515486254615
3.0	0.15158734579197342
4.0	0.14907119849998599
0.0	0.14907119849998599
4.0	0.14638501094227996
4.0	0.1447071903540765
4.0	0.14433756729740643
4.0	0.14433756729740643
4.0	0.14383899044561524
4.0	0.1435444977386811
4.0	0.14142135623730948
4.0	0.14085904245475275
4.0	0.14022235687718174
1.0	0.1398994833565338
3.0	0.13734815267976958
4.0	0.1333333333333333
3.0	0.13315005718713652
4.0	0.13300397918683546
3.0	0.13237584555341397
2.0	0.13043729868748774
4.0	0.13012000972647106
4.0	0.12909944487358055
