True Label: 0.0
0.0	0.2884140397228008
4.0	0.23914335132647974
4.0	0.22697877425982205
4.0	0.19611882046506096
0.0	0.19603921176392136
4.0	0.19432769604337913
1.0	0.18985212481408903
4.0	0.1857901339043846
1.0	0.18015093964441797
3.0	0.17540788684448794
0.0	0.17149858514250885
4.0	0.1706122816116986
4.0	0.16674324221247894
4.0	0.1600320096032011
1.0	0.15753150945315114
0.0	0.1530809058942434
3.0	0.1527830828380352
4.0	0.14391241890026546
3.0	0.13806988104418777
4.0	0.1328422328310143
3.0	0.13236642223023262
4.0	0.1295133836965748
3.0	0.1264304343560434
4.0	0.12574886370696423
4.0	0.12099210814449717
3.0	0.11902380714238084
3.0	0.1188373493178968
4.0	0.11874351363878544
3.0	0.11745477765854818
2.0	0.11559323652980653
0.0	0.1151023138790327
4.0	0.112674641358491
0.0	0.11243619908556621
4.0	0.11227217828476796
1.0	0.11174339655868162
4.0	0.11129614873624348
1.0	0.11056822550916798
0.0	0.11054885182782605
4.0	0.1103194697029383
4.0	0.10996137170831333
4.0	0.10969086361906959
4.0	0.10883151921892988
0.0	0.10776276787341907
2.0	0.10696341593193885
3.0	0.10666634416875911
4.0	0.10572822645648766
4.0	0.10395559366514778
0.0	0.10368179204029988
3.0	0.10291616342770396
2.0	0.10026551656425871
