True Label: 0.0
0.0	0.16208817969462153
0.0	0.14078963666465347
4.0	0.1339486781868381
4.0	0.1332395442588113
4.0	0.13253938416160022
4.0	0.1321906612535348
0.0	0.1203215906100827
2.0	0.1189402066900105
4.0	0.11143562354005232
2.0	0.10981595511806358
4.0	0.10942202738310215
4.0	0.1072112534837795
0.0	0.10316407676502881
3.0	0.10264696034190662
0.0	0.10164939575628572
1.0	0.09697622757528539
4.0	0.09411096075057523
4.0	0.09193289141911525
0.0	0.09150392717293479
4.0	0.0906100470365937
4.0	0.08835958944106681
4.0	0.0875376219064817
3.0	0.086650693031805
4.0	0.08576900278702358
4.0	0.08398387664337814
0.0	0.08304547985373996
2.0	0.08273960227720373
4.0	0.08253126141202305
3.0	0.08081352297940449
4.0	0.08081352297940449
0.0	0.07847060257179307
4.0	0.07800764512385155
2.0	0.07701731749370377
4.0	0.0765954191681715
0.0	0.07658187868785532
4.0	0.07471653861319005
1.0	0.07391583808073378
2.0	0.07327961463890253
0.0	0.07091357861639692
3.0	0.07030798615627423
1.0	0.06997999205258673
3.0	0.06706527510148438
4.0	0.06548969633428166
0.0	0.06548969633428164
0.0	0.06548969633428164
2.0	0.06446793027062984
2.0	0.06435302399338068
3.0	0.064337387248163
3.0	0.0643267520902677
4.0	0.0632297477418679
