True Label: 0.0
3.0	0.2735807427550908
4.0	0.2669919352897064
4.0	0.23696594124431639
1.0	0.22502027241102535
0.0	0.21081154089491044
0.0	0.20357345237430668
4.0	0.19570708318711677
4.0	0.19021278748447237
3.0	0.18969134393230264
4.0	0.18813389678616552
4.0	0.18611935737775276
4.0	0.18087471255413523
4.0	0.16900849680278396
3.0	0.16711703099536285
4.0	0.16374616942499587
3.0	0.1625931440082249
1.0	0.16091470654023132
3.0	0.15364580545532908
4.0	0.15165307992119567
0.0	0.149456670099678
2.0	0.14739836651428306
4.0	0.14640418417425136
1.0	0.1450240349693287
4.0	0.1433659650247311
3.0	0.14321563060488154
4.0	0.14073088726205682
0.0	0.13746372963416634
3.0	0.1357588882245033
4.0	0.1327626983358066
3.0	0.132756746165005
4.0	0.13088586667755314
2.0	0.13022979303897736
3.0	0.1290653904438024
4.0	0.12362081837705452
4.0	0.12086905009415663
3.0	0.11831552835456777
4.0	0.1172303595929565
4.0	0.11596061378492489
3.0	0.11391544287433364
2.0	0.11068450087284483
4.0	0.11032726110009258
1.0	0.10978422837483022
3.0	0.1089083526840471
3.0	0.10716366309633006
2.0	0.10601749470827432
4.0	0.10560889873703787
0.0	0.1037103368249388
3.0	0.10240549617940899
4.0	0.10042483737618092
3.0	0.10038676446554767
