True Label: 0.0
0.0	0.13940773849783114
0.0	0.1386913492111945
1.0	0.11189084777289188
0.0	0.10141555573475444
0.0	0.09805358337713496
2.0	0.09496988792295596
2.0	0.09328108439878127
2.0	0.09309881282314555
0.0	0.08945703337056415
0.0	0.08945703337056413
1.0	0.08703284777735557
0.0	0.08597778295541289
4.0	0.08526091126389751
4.0	0.08340487024523938
4.0	0.08340487024523938
0.0	0.08311616937610576
3.0	0.08228850233457916
1.0	0.08199975351590427
2.0	0.08167991551759951
0.0	0.08075026385191819
0.0	0.07961173386514128
4.0	0.07640770664072259
4.0	0.07601486235852867
3.0	0.07505866250408015
4.0	0.07505866250408015
4.0	0.07073688181720796
2.0	0.06738249250744541
4.0	0.06614769695733107
4.0	0.06593567815188271
4.0	0.06583080186766332
1.0	0.06524480508920891
3.0	0.06500270850261591
3.0	0.06500270850261591
4.0	0.06474424740545882
4.0	0.06368938709211301
4.0	0.06343614796955512
3.0	0.06338028169014083
2.0	0.06338028169014083
0.0	0.06334387716003219
4.0	0.06303775917684686
4.0	0.06303775917684686
4.0	0.0625060290358506
4.0	0.06197765075688065
4.0	0.06197765075688065
1.0	0.06166698388447783
4.0	0.061620093695363976
4.0	0.06128514130358955
0.0	0.06128514130358955
1.0	0.06124349322449897
2.0	0.06086084485477343
