True Label: 0.0
4.0	0.2860387767736777
3.0	0.2238381550780319
4.0	0.20795009796401454
3.0	0.20701966780270625
4.0	0.19649437297296485
0.0	0.191662969499982
4.0	0.1834253521547229
4.0	0.1825741858350554
2.0	0.1619552660357832
4.0	0.15389675281277312
4.0	0.15191090506254998
4.0	0.1494035761667992
3.0	0.149071198499986
2.0	0.14874102932718242
4.0	0.14638501094227999
3.0	0.14509525002200233
4.0	0.14509525002200233
3.0	0.14509525002200233
4.0	0.14509525002200233
4.0	0.14509525002200233
4.0	0.14509525002200233
4.0	0.14301938838683886
4.0	0.1419904585617662
3.0	0.13935095115986235
2.0	0.13801311186847084
2.0	0.13411044519645504
4.0	0.1336306209562122
4.0	0.1315587028960544
4.0	0.1315587028960544
4.0	0.12909944487358058
4.0	0.12883462522062034
4.0	0.12883462522062034
1.0	0.12592698351820203
4.0	0.12403473458920847
3.0	0.1222835681031486
4.0	0.12171612389003693
4.0	0.1214664495268374
3.0	0.11906811155751745
4.0	0.11858541225631422
4.0	0.11752512368056713
3.0	0.11692868075960144
4.0	0.11644450194791639
4.0	0.11547005383792515
2.0	0.11547005383792515
4.0	0.11504474832710557
4.0	0.11504474832710557
4.0	0.1129384878631564
2.0	0.1118033988749895
4.0	0.10660035817780522
4.0	0.10540925533894598
