True Label: 0.0
4.0	0.372677996249965
4.0	0.31008683647302115
4.0	0.2720535937912544
4.0	0.2696799449852968
4.0	0.24343224778007386
3.0	0.22101990187085882
4.0	0.2176428750330035
4.0	0.2040716644121332
4.0	0.20277265907669983
4.0	0.20080483222562473
4.0	0.19462473604038072
4.0	0.1917412472118426
4.0	0.1917412472118426
4.0	0.18195633571851272
4.0	0.18070158058105024
4.0	0.16760038078849776
3.0	0.16269784336399212
4.0	0.16035674514745465
4.0	0.158113883008419
3.0	0.15811388300841897
4.0	0.1533929977694741
4.0	0.15000000000000002
4.0	0.14509525002200233
0.0	0.14509525002200233
4.0	0.1414213562373095
4.0	0.13837968120433278
0.0	0.13804027713039488
4.0	0.1360267968956272
4.0	0.1315587028960544
4.0	0.12962378478271397
4.0	0.12659242088545833
3.0	0.12377054955105522
3.0	0.12332054411314308
4.0	0.12171612389003691
4.0	0.11952286093343936
4.0	0.11952286093343936
4.0	0.11858541225631422
4.0	0.11785113019775792
1.0	0.11744404390294069
3.0	0.11692868075960144
4.0	0.11644450194791639
2.0	0.11547005383792515
0.0	0.11504474832710557
4.0	0.11451966686277365
4.0	0.11451966686277365
2.0	0.11359236684941297
2.0	0.1118033988749895
4.0	0.11067172543655882
3.0	0.10979165848958852
4.0	0.10882143751650174
