True Label: 0.0
0.0	0.5
4.0	0.22821773229381925
3.0	0.1978141420187361
4.0	0.1917412472118426
4.0	0.17954621161490197
4.0	0.17787811838447132
2.0	0.17078251276599332
4.0	0.17038855027411945
4.0	0.16735967034880078
4.0	0.15348515337873014
4.0	0.15339299776947407
4.0	0.1494035761667992
4.0	0.14836060651405208
4.0	0.14638501094227999
4.0	0.1462404045541813
2.0	0.14456911619636525
4.0	0.14301938838683884
4.0	0.14076306861555737
0.0	0.13975424859373686
4.0	0.13837968120433278
4.0	0.13693063937629155
4.0	0.13693063937629152
2.0	0.1336306209562122
3.0	0.13306674054107176
4.0	0.13176156917368245
4.0	0.13043729868748777
4.0	0.13043729868748777
0.0	0.12909944487358055
4.0	0.12843225981358714
4.0	0.1264911064067352
4.0	0.12577882373436317
4.0	0.125
1.0	0.12385842357671556
1.0	0.12385842357671556
4.0	0.12247448713915889
4.0	0.12247448713915889
4.0	0.12247448713915889
4.0	0.12028789665711086
4.0	0.11744404390294069
4.0	0.11677484162422844
4.0	0.11359236684941297
4.0	0.112962014264383
4.0	0.112962014264383
4.0	0.11265147726483324
4.0	0.1118033988749895
4.0	0.11134424539960096
4.0	0.11067971810589329
4.0	0.10978875820671
4.0	0.10568611287887139
3.0	0.10471347707292389
