True Label: 0.0
4.0	0.27050089040022973
4.0	0.23855936180684895
4.0	0.22795136315904266
4.0	0.2231518495721684
4.0	0.2208630521496931
4.0	0.2186432666440485
4.0	0.21749089913081482
4.0	0.21038958142240088
2.0	0.2095290887308735
4.0	0.19328013093726973
3.0	0.19278507708475195
0.0	0.18938850476964256
4.0	0.18748505440195307
4.0	0.18647844145699496
4.0	0.17460757394239454
1.0	0.17400443716972247
4.0	0.1631181743481111
4.0	0.16282240225645903
4.0	0.16129556770910236
4.0	0.16108093612007013
4.0	0.1571468165481551
4.0	0.15314097295792223
2.0	0.14807184892549227
4.0	0.1475703340252388
4.0	0.14420780897527016
3.0	0.14354633705913583
4.0	0.14256648712805026
4.0	0.14126448280440335
4.0	0.14126448280440335
3.0	0.1402481783633036
4.0	0.13595619215818505
4.0	0.13333578213051497
4.0	0.13318543164240537
3.0	0.12733909464645346
4.0	0.12493900951088487
0.0	0.12423546683420236
4.0	0.12411432056761819
0.0	0.12411432056761817
4.0	0.12346619958119871
4.0	0.12236945041915154
4.0	0.12097167578182677
4.0	0.12022261795565767
4.0	0.12022261795565767
4.0	0.12022261795565765
0.0	0.11653725268710471
0.0	0.11513282476462602
4.0	0.11447797027778955
4.0	0.11390142225037866
4.0	0.11383021160118578
4.0	0.11363310286178555
