True Label: 0.0
3.0	0.2712600473450546
4.0	0.2051956704170308
4.0	0.18394180184548975
4.0	0.16222142113076254
4.0	0.16222142113076252
4.0	0.1558573000398393
4.0	0.14910501299480672
3.0	0.14673479641335552
4.0	0.1433148727800037
4.0	0.13834289277321493
4.0	0.13764944032233706
4.0	0.13764944032233703
4.0	0.13518451760896877
2.0	0.13497638119975425
4.0	0.13425540338526365
4.0	0.1251565435804397
4.0	0.12459083359940035
4.0	0.12459083359940035
4.0	0.12361284651454936
4.0	0.12262786789699316
4.0	0.12262786789699316
3.0	0.12262786789699316
4.0	0.12105003117656304
4.0	0.12105003117656304
0.0	0.12084279640112776
4.0	0.11846977555181845
4.0	0.11846977555181845
4.0	0.11846977555181845
4.0	0.11846977555181845
3.0	0.11803342130469503
4.0	0.11514933566221797
3.0	0.11470786693528087
0.0	0.11470786693528086
3.0	0.11290305370946248
4.0	0.11164843913471803
3.0	0.11164843913471803
4.0	0.11141412945539658
3.0	0.11128297681493143
3.0	0.1100351494934346
4.0	0.10887588907733556
4.0	0.10882143751650175
2.0	0.10819730286263712
4.0	0.10814761408717502
4.0	0.10814761408717502
0.0	0.10740432270821093
3.0	0.10591900946051636
4.0	0.10543316579753613
4.0	0.1037571695799112
4.0	0.1025978352085154
4.0	0.10147651372376075
