True Label: 0.0
3.0	0.5071580475164709
4.0	0.5000000000000002
4.0	0.45883146774112343
4.0	0.41017423970657285
4.0	0.3565929832876473
4.0	0.28749445424997294
4.0	0.26218941013778485
3.0	0.2571428571428571
4.0	0.25555062599997597
4.0	0.24109026448414797
3.0	0.23931948780339518
4.0	0.23328473740792174
3.0	0.22908106449636376
4.0	0.22842933895243975
4.0	0.2258769757263128
4.0	0.2249416633206334
4.0	0.2231053741265801
4.0	0.22043335708870274
4.0	0.21949179417067882
2.0	0.21597969886241553
4.0	0.2155524389012336
0.0	0.21428571428571427
4.0	0.20788767860257112
0.0	0.1957316020940641
4.0	0.19400706097049375
4.0	0.1938287215142766
4.0	0.19321492171444976
3.0	0.19295209360208634
4.0	0.191662969499982
4.0	0.19166296949998196
4.0	0.18829577496804692
4.0	0.186323686156665
4.0	0.18463723646899904
4.0	0.18442777839082936
4.0	0.1830604592079279
4.0	0.1830604592079279
4.0	0.1830604592079279
4.0	0.1821078397711709
2.0	0.1810977530242532
4.0	0.18038438295575193
4.0	0.18038438295575193
3.0	0.1787266406203498
4.0	0.1771217753903005
4.0	0.17677669529663692
3.0	0.17677669529663692
4.0	0.17634668567096218
4.0	0.17323973216880925
4.0	0.17323973216880925
0.0	0.17169291787923754
4.0	0.17145691375685115
