True Label: 0.0
3.0	0.30910128055130137
0.0	0.2532922144821772
4.0	0.18813389678616552
4.0	0.1739130434782609
4.0	0.1708216638838798
4.0	0.16282240225645905
4.0	0.1538554437923503
4.0	0.15225484292293812
3.0	0.1514383972147733
4.0	0.15048231635721154
3.0	0.1489388671836248
2.0	0.14598929061844593
4.0	0.14519080172812554
4.0	0.1334876749845192
4.0	0.13290238326779874
0.0	0.13114949909639226
1.0	0.12955760532325983
4.0	0.12286829679574762
4.0	0.12158708754319088
3.0	0.12038585308576921
1.0	0.1169143718445339
4.0	0.11656310103003922
4.0	0.11611961267111802
4.0	0.11566298639324805
0.0	0.1144371517807935
4.0	0.11236160702660972
3.0	0.11173836124566566
3.0	0.10197058676833032
0.0	0.10050317797029243
2.0	0.100321544238141
4.0	0.09851380077988758
4.0	0.09829463743659811
4.0	0.09539445011233402
4.0	0.09124485970087104
4.0	0.08939981748151894
0.0	0.08866242070189882
4.0	0.08695652173913045
4.0	0.08666800408257135
4.0	0.08569889627388262
4.0	0.08512565307587486
3.0	0.08443060620625509
3.0	0.08434823356733
4.0	0.08425254637422694
4.0	0.08425254637422694
4.0	0.08208126346756991
4.0	0.08143879346968548
1.0	0.08114230434625663
3.0	0.08075728530872484
3.0	0.08059297733523821
2.0	0.08039269073649848
