True Label: 0.0
4.0	0.24753688574416857
4.0	0.23145502494313785
4.0	0.1951484090491238
4.0	0.18208997467672744
0.0	0.15430334996209194
3.0	0.15231794896123563
2.0	0.14737658618664085
4.0	0.14523687548277814
1.0	0.1397765361704026
4.0	0.13543408472149038
4.0	0.13501543121683043
1.0	0.134523287000089
0.0	0.1340140668547244
4.0	0.1305582419667734
4.0	0.13043729868748774
4.0	0.12009611535381537
4.0	0.12001983962979582
0.0	0.11945462064187415
2.0	0.11933983506575523
0.0	0.11665706565717285
4.0	0.11593300688461444
0.0	0.10526899013331488
1.0	0.10510691307008665
4.0	0.10452039259412821
0.0	0.10424379860368244
4.0	0.10369516947304254
0.0	0.1030701754385965
0.0	0.10206207261596578
4.0	0.10206207261596575
4.0	0.10143783390008615
4.0	0.10136060675992291
4.0	0.10103629710818453
0.0	0.09698502218055727
1.0	0.09676734180350473
3.0	0.09622504486493763
2.0	0.09576635971035923
4.0	0.09576635971035923
4.0	0.09301145060422844
3.0	0.09231861823449955
4.0	0.09223309842157773
0.0	0.09151225827388938
4.0	0.09117460107822464
4.0	0.09021097956087903
4.0	0.09021097956087903
3.0	0.08751750525175062
3.0	0.08751750525175062
4.0	0.08751750525175062
0.0	0.0875
3.0	0.08547960742202877
0.0	0.08529038067574017
