True Label: 0.0
4.0	0.33968311024337877
4.0	0.2970442628930023
3.0	0.2957887112070247
3.0	0.280056016805602
4.0	0.2553769592276246
4.0	0.25035073671921243
2.0	0.2357022603955159
4.0	0.23103442669455737
0.0	0.214422506967559
4.0	0.20739033894608508
4.0	0.20643939393939398
4.0	0.19867985355975656
3.0	0.19710674114876633
4.0	0.18983159915049982
3.0	0.18633225879883972
4.0	0.18510526570268865
4.0	0.18480531773864325
4.0	0.18463723646899913
1.0	0.1825741858350554
4.0	0.18148850216015694
3.0	0.18093671611393652
4.0	0.17817416127494962
4.0	0.17766726362967536
4.0	0.17407765595569785
4.0	0.17407765595569785
4.0	0.1721325931647741
4.0	0.16495721976846453
4.0	0.16495721976846453
0.0	0.1636634176769943
4.0	0.16329931618554522
4.0	0.16222142113076257
4.0	0.16169041669088866
4.0	0.1606231415508089
3.0	0.16012815380508716
4.0	0.16012815380508716
0.0	0.16012815380508713
4.0	0.1593941782658346
0.0	0.15925551431765153
4.0	0.1559023911155809
2.0	0.15346245351121288
4.0	0.15308612012620362
4.0	0.15294382258037453
1.0	0.15075567228888181
1.0	0.15075567228888181
4.0	0.1503292056005658
4.0	0.14996161473931138
3.0	0.14731391274719743
4.0	0.1458029608799511
4.0	0.1458029608799511
4.0	0.14547859349066158
