True Label: 0.0
4.0	0.5360900048256247
4.0	0.5071580475164709
4.0	0.4473306295236465
4.0	0.4440501225818286
4.0	0.42517782849000607
4.0	0.36962230737939583
3.0	0.3386602794425949
4.0	0.33318419302450913
4.0	0.3278459629244738
4.0	0.32775470473172374
4.0	0.31680376908896374
3.0	0.3133237785982439
4.0	0.3008713199901729
3.0	0.3000957825223101
4.0	0.29645280843854915
4.0	0.2954774578113821
2.0	0.2944735673212377
4.0	0.2902599535548799
4.0	0.2886646940756466
4.0	0.28503047156937655
4.0	0.2766644813592213
4.0	0.27244336055210366
3.0	0.2614900272630814
4.0	0.254626835905891
4.0	0.25357902375823543
3.0	0.2505226303927389
4.0	0.24960411693294132
4.0	0.2491025535342693
4.0	0.2491025535342693
4.0	0.247664732258869
0.0	0.24677718992767897
4.0	0.2465677595229481
4.0	0.2455654515574077
4.0	0.24460463299967872
4.0	0.24168145977730435
4.0	0.24134854968237046
3.0	0.2405477003130731
4.0	0.2381362231150349
4.0	0.23808708279477087
4.0	0.23300043781657373
0.0	0.2325302790260037
4.0	0.23212214907827608
4.0	0.23212214907827608
4.0	0.23177363796012468
0.0	0.23103670916276478
1.0	0.2305773772513343
1.0	0.2305773772513343
4.0	0.23009488140073658
4.0	0.2295678680907052
4.0	0.2295678680907052
