True Label: 0.0
4.0	0.9999999999999998
4.0	0.4999999999999999
4.0	0.4999999999999999
4.0	0.25584085962673253
4.0	0.23268946049775857
4.0	0.2022599587389726
4.0	0.1709408646894569
0.0	0.16685595311797863
4.0	0.15512630699850571
4.0	0.15512630699850571
2.0	0.15228622596829314
3.0	0.14849984922727044
4.0	0.14245072057454744
4.0	0.13762047064079505
4.0	0.1257389226923863
2.0	0.1254363015010636
0.0	0.12483755678647185
4.0	0.1194162868053064
4.0	0.11306675421666135
4.0	0.11009637651263604
2.0	0.10850069244760097
4.0	0.10660035817780521
4.0	0.09798118941727449
4.0	0.09534625892455922
4.0	0.09534625892455922
4.0	0.09534625892455922
4.0	0.09534625892455922
4.0	0.0927837023781507
4.0	0.0909090909090909
4.0	0.08869685939836239
4.0	0.08869685939836239
4.0	0.08785611189861339
4.0	0.08528028654224416
4.0	0.08324089477650336
4.0	0.08324089477650336
0.0	0.08324089477650336
4.0	0.08058229640253801
3.0	0.08058229640253801
4.0	0.0803530433166531
2.0	0.08022494521202193
4.0	0.07918075824648957
0.0	0.07813983916059347
4.0	0.07784989441615228
4.0	0.07658395810674835
4.0	0.07537783614444091
4.0	0.0753778361444409
4.0	0.07336739820667776
3.0	0.07312724241271305
4.0	0.07150969419341942
4.0	0.06917144638660747
