True Label: 0.0
3.0	0.22291128503014115
4.0	0.18898223650461363
3.0	0.17928429140015906
4.0	0.16035674514745463
4.0	0.15762208124782015
4.0	0.1440046082211958
4.0	0.14285714285714288
4.0	0.13801311186847084
4.0	0.13801311186847084
3.0	0.13750477455423168
4.0	0.130066495428618
4.0	0.12626906806902632
4.0	0.12598815766974242
4.0	0.1251222494179709
3.0	0.12262786789699316
4.0	0.11952286093343936
4.0	0.11952286093343936
4.0	0.11952286093343936
3.0	0.11850314695868774
4.0	0.10690449676496977
4.0	0.10527936095153946
4.0	0.10350983390135313
4.0	0.10350983390135313
4.0	0.10286889997472795
4.0	0.10101525445522107
4.0	0.09583148474999098
4.0	0.09449111825230681
3.0	0.0944911182523068
4.0	0.09356014857063996
4.0	0.09085547303895389
4.0	0.09035079029052512
4.0	0.09009374626955591
4.0	0.0890870806374748
4.0	0.0890870806374748
4.0	0.08559209850218259
4.0	0.08451542547285167
4.0	0.08417937871268422
3.0	0.08058229640253803
4.0	0.08058229640253803
4.0	0.08058229640253803
4.0	0.08058229640253803
2.0	0.08035434036903079
4.0	0.07968190728895959
2.0	0.07960154225863916
2.0	0.07862136275414389
2.0	0.07824221210635415
4.0	0.07767122075015001
4.0	0.07715167498104597
4.0	0.07715167498104597
4.0	0.07715167498104597
