True Label: 0.0
4.0	0.49999999999999994
4.0	0.2727723627949905
3.0	0.24225079155575463
0.0	0.2090833493957267
4.0	0.16012815380508716
4.0	0.13363062095621223
4.0	0.1326671576263081
4.0	0.1305582419667734
1.0	0.12309149097933277
4.0	0.12252450735245088
4.0	0.12028130608117206
4.0	0.12028130608117206
4.0	0.11858541225631422
4.0	0.11785113019775795
4.0	0.11785113019775793
4.0	0.11785113019775793
4.0	0.11440107883060736
4.0	0.1118033988749895
4.0	0.10998533626601498
4.0	0.10895024111382082
4.0	0.10825317547305485
4.0	0.10770505460691615
4.0	0.10770505460691615
4.0	0.10540925533894598
4.0	0.10540925533894598
4.0	0.10206207261596577
4.0	0.10206207261596575
0.0	0.10143783390008614
4.0	0.10004084133313015
4.0	0.09901475429766744
4.0	0.09901475429766744
4.0	0.09901475429766744
4.0	0.09759000729485333
4.0	0.09682458365518543
4.0	0.09682458365518543
4.0	0.09643959372630745
4.0	0.09643959372630745
4.0	0.09643959372630745
4.0	0.09622504486493764
4.0	0.09622504486493764
4.0	0.09476225544736294
4.0	0.09316949906249124
4.0	0.09128709291752769
4.0	0.09001028747788695
4.0	0.08959096548140562
0.0	0.08931584783847425
4.0	0.08908708063747481
4.0	0.08908708063747481
4.0	0.08908708063747481
2.0	0.08838834764831846
