True Label: 0.0
4.0	0.23763541031440177
4.0	0.2281293728406935
1.0	0.2190890230020664
3.0	0.21707041534348084
3.0	0.21511906269601794
4.0	0.2101975416981552
0.0	0.20725666807241955
4.0	0.18973665961010272
4.0	0.18973665961010272
4.0	0.17989791853690595
4.0	0.1762469186503255
4.0	0.17162557411595686
3.0	0.16180796699117808
1.0	0.1608168802256692
4.0	0.1586503087383132
2.0	0.15861031714362883
2.0	0.15861031714362883
4.0	0.15851878478024337
4.0	0.15009575487729127
0.0	0.15009575487729124
4.0	0.14770978917519925
3.0	0.14715801365994324
4.0	0.14682881454352775
4.0	0.14517323726225953
3.0	0.1413019629224534
4.0	0.14002800840280094
4.0	0.1396575075292506
4.0	0.13793126164171923
2.0	0.13703203194062974
3.0	0.13659955549379618
4.0	0.13608276348795434
4.0	0.13430119067212665
4.0	0.13333333333333333
4.0	0.13245323570650439
2.0	0.12904021135595287
0.0	0.12674485010489558
4.0	0.12341826246770984
4.0	0.12339053944782485
4.0	0.1208139110185174
4.0	0.11917591430622479
3.0	0.11892706339954656
4.0	0.11790126894931263
4.0	0.11721705250676619
4.0	0.11581320482871721
2.0	0.11568708033922197
4.0	0.11547005383792514
4.0	0.1148969979242852
0.0	0.11339480644936903
4.0	0.11338934190276816
3.0	0.1122682798775623
