True Label: 0.0
4.0	0.2727272727272727
4.0	0.23652495839563306
4.0	0.23354968324845687
4.0	0.21201672861023702
4.0	0.20994555243259122
4.0	0.20100756305184242
4.0	0.1973855084879307
4.0	0.18000900067505626
4.0	0.17407765595569785
4.0	0.17407765595569782
4.0	0.1679677532867563
1.0	0.16796775328675628
0.0	0.1628347368197324
3.0	0.16116459280507606
4.0	0.15974461276617435
4.0	0.15717365336548286
4.0	0.1555939785660355
4.0	0.14625448482542613
0.0	0.14625448482542613
3.0	0.1423299929307282
4.0	0.1421338109037403
4.0	0.1421338109037403
4.0	0.14126448280440335
3.0	0.14083575804390605
3.0	0.13977653617040256
3.0	0.13957263155977062
4.0	0.13834289277321493
4.0	0.13483997249264842
4.0	0.13193984914006274
3.0	0.12930163676704717
4.0	0.12856486930664499
4.0	0.1257389226923863
4.0	0.1254363015010636
4.0	0.1237376449779492
3.0	0.11877113736973438
4.0	0.11700909430022725
4.0	0.11677484162422844
4.0	0.11677484162422844
4.0	0.11677484162422844
4.0	0.11677484162422844
4.0	0.11677484162422844
4.0	0.1160517706371319
4.0	0.11487593716012254
4.0	0.11396057645963795
4.0	0.11396057645963792
4.0	0.11024869887732325
2.0	0.11009637651263605
4.0	0.11009637651263605
4.0	0.11009637651263605
4.0	0.1096908636190696
