True Label: 0.0
4.0	0.2869984013336701
2.0	0.2793993781135563
3.0	0.26679973018505193
4.0	0.2567762955065478
4.0	0.25197631533948484
4.0	0.24459979523511427
4.0	0.20701966780270625
3.0	0.2057377999494559
3.0	0.20025046972870353
4.0	0.1973855084879307
4.0	0.1898315991504998
4.0	0.18609684207969418
4.0	0.18156825980064073
2.0	0.18002057495577392
4.0	0.17817416127494962
4.0	0.16798421022632323
4.0	0.15936381457791915
2.0	0.15936381457791915
4.0	0.15821939779027144
4.0	0.15805215593871993
4.0	0.15805215593871993
4.0	0.15644567947554963
4.0	0.15644567947554963
4.0	0.15018785229652765
4.0	0.14847846772912465
3.0	0.14670628271188718
4.0	0.14638501094228
3.0	0.1444909473571324
3.0	0.1437884052531082
4.0	0.1399264284050994
4.0	0.13977131156292244
4.0	0.1387863006177675
3.0	0.13844643510697735
4.0	0.13430382733756338
3.0	0.13241022442571243
4.0	0.13231403100624078
4.0	0.13231403100624078
4.0	0.13231403100624078
4.0	0.1315903389919538
4.0	0.13057580309967504
4.0	0.13041013273932528
4.0	0.13041013273932528
4.0	0.13012000972647111
4.0	0.12858612496840993
4.0	0.1272937693043289
4.0	0.12598815766974242
4.0	0.12598815766974242
4.0	0.12469593727770993
3.0	0.12425303352068853
0.0	0.12371791482634839
