True Label: 0.0
3.0	0.391328799885363
0.0	0.3445914973910623
4.0	0.33616157994826923
1.0	0.3274357656182723
4.0	0.293629686123894
4.0	0.272203264133744
3.0	0.268858933445905
4.0	0.26667398292568184
4.0	0.2625987321840328
4.0	0.25742847203650027
1.0	0.25083448167216116
4.0	0.24188315916278083
3.0	0.23447857265779776
0.0	0.2323563436963568
4.0	0.22923732515404444
3.0	0.21693522350276118
3.0	0.21401225412804686
4.0	0.20868521175527377
4.0	0.20749448417827576
2.0	0.19950186722152663
0.0	0.19671947715233995
3.0	0.1928170922324418
3.0	0.1907966171296492
0.0	0.19017183600655305
0.0	0.18984568467348736
4.0	0.18802667704081683
4.0	0.18787141452904627
4.0	0.18012901858250496
0.0	0.17798518919912965
4.0	0.15480153666731
4.0	0.15284454063380032
1.0	0.1520799993340054
1.0	0.1480945867798657
0.0	0.14194806702221516
4.0	0.14073088726205682
4.0	0.13871939432708516
4.0	0.13871939432708516
4.0	0.13857775097306002
0.0	0.13297084800334633
3.0	0.13201633133068505
2.0	0.13003820829293772
4.0	0.12931130525312093
4.0	0.12760182301773404
4.0	0.12698320154839282
0.0	0.1228107581819118
4.0	0.12216944435630525
3.0	0.12199786600607669
4.0	0.12158708754319088
4.0	0.1211969064742403
4.0	0.11971528866111054
