True Label: 0.0
2.0	0.3215314718348136
3.0	0.2861259231153535
4.0	0.24166760030762302
4.0	0.2308202955514923
4.0	0.20822621155021614
0.0	0.19684947596730384
4.0	0.19046912497583637
1.0	0.18244941182965668
4.0	0.1749263702793965
4.0	0.17195418655974795
4.0	0.17089959843663396
4.0	0.17038379579765467
4.0	0.1523011827513939
2.0	0.14238933418531008
4.0	0.13889103228555547
1.0	0.13531708112782673
4.0	0.1344669704710584
2.0	0.13408658223946474
4.0	0.13034325857390322
4.0	0.12789252903223972
4.0	0.1256396420431186
4.0	0.12465421787147506
1.0	0.12263727728644858
4.0	0.11885313333212078
3.0	0.11799806371486042
4.0	0.11752512368056713
4.0	0.11578557731251422
2.0	0.11521831670356893
4.0	0.11345650633495553
4.0	0.11149412193707495
3.0	0.11116670486348842
2.0	0.10747827771953064
4.0	0.10675673650531842
4.0	0.10619647526489243
4.0	0.10526112557661534
1.0	0.10521716240243997
4.0	0.10300604888783801
4.0	0.10299805956484608
3.0	0.10231402322579179
2.0	0.10177974269027923
4.0	0.09972337429718003
3.0	0.09972337429718003
4.0	0.09972337429718003
4.0	0.09925918229219723
4.0	0.09706175114234017
0.0	0.09661838049667341
0.0	0.09364626009238455
4.0	0.09344969874201928
4.0	0.09324625781015677
3.0	0.09175422141852067
