True Label: 0.0
4.0	0.24743582965269675
4.0	0.18156825980064073
4.0	0.1693699302251923
4.0	0.1690308509457033
4.0	0.16798421022632323
4.0	0.15430334996209194
4.0	0.1543033499620919
3.0	0.13468700594029479
4.0	0.1336306209562122
4.0	0.1283881477532739
3.0	0.12787765607847015
4.0	0.12598815766974242
4.0	0.12598815766974242
1.0	0.11736911946539273
4.0	0.11695217633781758
3.0	0.11664236870396087
3.0	0.11572751247156893
4.0	0.11561466260321601
4.0	0.11396057645963797
4.0	0.11194341570991126
4.0	0.10699012312772824
4.0	0.10585122480499264
2.0	0.10517901124595085
4.0	0.10432810619146023
0.0	0.10350983390135313
0.0	0.10350983390135313
3.0	0.10301088610162303
4.0	0.10130511230913847
4.0	0.101162829777814
4.0	0.101162829777814
4.0	0.09698572899377439
2.0	0.0944911182523068
4.0	0.09221388919541468
4.0	0.08908708063747481
3.0	0.08748177652797065
3.0	0.08735706972682653
4.0	0.08735706972682653
4.0	0.08728715609439697
4.0	0.08728715609439697
3.0	0.08596023825918792
3.0	0.0849411985729376
4.0	0.08451542547285165
1.0	0.08403069556091938
4.0	0.08399210511316162
4.0	0.0830065346888045
4.0	0.08247860988423225
4.0	0.08058229640253803
4.0	0.07968190728895957
4.0	0.07950958801124572
4.0	0.07715167498104597
