True Label: 0.0
1.0	0.29744217902972625
4.0	0.2842676218074806
3.0	0.23052135826937487
4.0	0.2138343008619249
1.0	0.19500597976723483
4.0	0.1460062651305222
4.0	0.14519080172812554
4.0	0.13926212476455826
3.0	0.13696356726888637
4.0	0.13088586667755314
4.0	0.11769797726729994
3.0	0.11545407514085317
4.0	0.11009637651263607
4.0	0.11009637651263605
1.0	0.10969086361906959
4.0	0.09798448905826679
4.0	0.09774712387657254
4.0	0.09656090991705352
0.0	0.09553752543358543
0.0	0.09529765007157862
4.0	0.09515226836973148
2.0	0.09008483447901333
0.0	0.08989331499509894
3.0	0.08703882797784893
3.0	0.08457789947920849
0.0	0.0824917633186328
3.0	0.08210755341917987
3.0	0.08082320066616207
3.0	0.07945521577046602
3.0	0.07945521577046602
2.0	0.07931844288893014
4.0	0.07915291201448847
4.0	0.07913024420099961
4.0	0.07806364232222666
4.0	0.07626570935285068
0.0	0.0748611896435894
1.0	0.0746523347941139
4.0	0.07422696190252054
4.0	0.07422696190252054
4.0	0.07422696190252054
4.0	0.07379873698500497
2.0	0.07312724241271305
0.0	0.07273217068146404
4.0	0.07259540086406278
3.0	0.07220404814318432
2.0	0.07173421497882157
2.0	0.07173421497882157
4.0	0.06924437360389604
4.0	0.06854843258806152
1.0	0.06795295885835008
