True Label: 0.0
4.0	0.3297742591866291
3.0	0.3283947887145926
4.0	0.29346959282671103
0.0	0.2792002075671001
4.0	0.2747740351926008
4.0	0.26804385337361925
3.0	0.26761626842343966
4.0	0.2585438449975095
4.0	0.22727272727272724
4.0	0.22727272727272724
3.0	0.21838043617304562
4.0	0.21389593792797323
4.0	0.21320071635561041
4.0	0.20891791262329812
3.0	0.20385409710601457
3.0	0.20369082014676002
0.0	0.19977814746360806
4.0	0.1994310088043664
3.0	0.19352178747924803
3.0	0.18822516308585968
4.0	0.1818181818181818
3.0	0.1817601036457157
4.0	0.18098069149825669
2.0	0.17588161767036212
3.0	0.17558326017365683
4.0	0.17516226243634264
4.0	0.17516226243634264
3.0	0.17292861596651865
3.0	0.1723139057401838
4.0	0.1723139057401838
4.0	0.17119059581558144
4.0	0.17119059581558144
0.0	0.16854996561581048
0.0	0.16845250971543052
3.0	0.16769654258468678
4.0	0.16701066428067124
4.0	0.16648178955300671
4.0	0.16507664596502497
4.0	0.16507664596502497
4.0	0.16412198797244362
4.0	0.16412198797244362
4.0	0.16412198797244362
2.0	0.16378532712978422
0.0	0.16331864497962195
4.0	0.16331864497962195
3.0	0.1612010842790646
4.0	0.16116459280507603
4.0	0.16113849538885686
4.0	0.1599005372667078
4.0	0.1599005372667078
