True Label: 0.0
2.0	0.1452044673878789
3.0	0.1370723162267874
3.0	0.12806020814297073
2.0	0.12741179785940637
4.0	0.12613124477737828
2.0	0.11807404543988677
4.0	0.11428571428571428
4.0	0.11230588859277421
4.0	0.10770529070357884
0.0	0.10564428184106456
0.0	0.09987677136415693
3.0	0.09850636549546779
2.0	0.0936281675898539
4.0	0.09092910293878659
2.0	0.08946185916950936
2.0	0.08693017783291015
4.0	0.08039851364621832
0.0	0.07915594835766294
0.0	0.07859774918918593
1.0	0.07857142857142857
1.0	0.07715167498104594
3.0	0.07712943786429034
1.0	0.07470178808339961
4.0	0.06900655593423542
4.0	0.06786208925382961
3.0	0.06723981776166309
3.0	0.06700168548582149
4.0	0.06640158940746631
4.0	0.06546536707079771
4.0	0.06538202474920263
3.0	0.06446583712203043
3.0	0.06446583712203043
0.0	0.062305598284903355
4.0	0.061721339984836754
4.0	0.061721339984836754
4.0	0.06109195927576442
4.0	0.060609152673132646
4.0	0.060609152673132646
4.0	0.05976143046671968
3.0	0.058600903867311926
2.0	0.05816750507471109
2.0	0.05746204653902288
0.0	0.05746204653902288
3.0	0.056739015636264205
3.0	0.05557700143767284
1.0	0.05532833351724881
3.0	0.05468119624323669
0.0	0.054105456918725627
1.0	0.05405624776173354
3.0	0.053667348842636485
