True Label: 0.0
4.0	0.3045547950507524
4.0	0.3042903097250923
4.0	0.27524094128159016
4.0	0.26892643710023856
4.0	0.2644718419629145
3.0	0.26352313834736496
4.0	0.2294408670579586
2.0	0.19674775073518586
4.0	0.19245008972987523
4.0	0.1848804774995239
4.0	0.18257418583505536
4.0	0.1690308509457033
4.0	0.16265001215808883
4.0	0.16129556770910236
3.0	0.15798039722438031
1.0	0.1573869187761005
1.0	0.15731330124142312
1.0	0.15731330124142312
4.0	0.15655607277128736
4.0	0.15498260496951666
0.0	0.14907119849998599
2.0	0.14781952900398843
4.0	0.14142135623730948
0.0	0.13944333775567924
4.0	0.13797901350800762
3.0	0.13474430737064302
4.0	0.13435230372511475
4.0	0.13416407864998733
3.0	0.12909944487358055
4.0	0.12565617248750865
4.0	0.12524485821702988
4.0	0.12524485821702988
3.0	0.12299834568337575
2.0	0.1225702826071791
4.0	0.1224744871391589
3.0	0.1224744871391589
4.0	0.12196734422726123
4.0	0.12171612389003691
3.0	0.12171612389003691
4.0	0.11920791213585392
4.0	0.11677484162422844
4.0	0.11677484162422844
2.0	0.11625410394995002
4.0	0.11593472394004206
4.0	0.11405318970244019
4.0	0.11328823680740414
4.0	0.11297660412744212
4.0	0.1126872339638022
4.0	0.11040405212838954
4.0	0.10774927898015388
