True Label: 0.0
1.0	0.11026356928399425
3.0	0.08451542547285167
4.0	0.07715167498104597
1.0	0.07715167498104597
4.0	0.07142857142857144
4.0	0.06900655593423542
4.0	0.06900655593423542
2.0	0.06642722213932531
0.0	0.06482037235521644
4.0	0.06482037235521644
4.0	0.06299407883487121
4.0	0.06299407883487121
3.0	0.06256112470898545
4.0	0.06185895741317419
4.0	0.06131393394849658
4.0	0.06131393394849658
2.0	0.0606199786360078
4.0	0.05698028822981897
3.0	0.05572782125753529
4.0	0.0555936987495826
4.0	0.0555936987495826
3.0	0.05480880714314022
4.0	0.05399492471560389
0.0	0.051434449987363975
2.0	0.051328943312186626
4.0	0.050507627227610534
4.0	0.050507627227610534
3.0	0.048001536073731935
3.0	0.048001536073731935
4.0	0.0472455591261534
4.0	0.04583492485141056
0.0	0.0445435403187374
4.0	0.0445435403187374
4.0	0.0445435403187374
4.0	0.043740888263985325
4.0	0.042796049251091296
4.0	0.04225771273642583
4.0	0.04225771273642583
4.0	0.04225771273642583
3.0	0.04179586594315147
4.0	0.04173919355648411
3.0	0.04173919355648411
4.0	0.040291148201269014
3.0	0.040291148201269014
4.0	0.040291148201269014
3.0	0.040291148201269014
4.0	0.0399520862275621
3.0	0.03950104898622925
4.0	0.03940552031195504
4.0	0.03875567919966014
