True Label: 0.0
2.0	0.26130573755886083
2.0	0.2287698409721183
4.0	0.2270931823214638
3.0	0.17879963496303788
1.0	0.17149858514250885
1.0	0.17149858514250882
1.0	0.16314711653683206
1.0	0.1455213750217998
3.0	0.13584712216226488
1.0	0.12507819831856498
3.0	0.11961783342433499
0.0	0.11852177018919195
4.0	0.11303920464771713
3.0	0.10833156868737905
3.0	0.10753985355577904
3.0	0.10580651467636444
2.0	0.10549301320304671
0.0	0.10502100630210072
4.0	0.10188534162169866
3.0	0.09901475429766744
0.0	0.09701425001453319
0.0	0.09553946329477228
3.0	0.09356014857063998
1.0	0.09335200560186732
3.0	0.09095085938862486
3.0	0.09095085938862486
3.0	0.08823529411764705
3.0	0.08783257501821176
4.0	0.0875547388229955
3.0	0.08751750525175062
3.0	0.08515994337054893
4.0	0.08511331870602443
2.0	0.08318903308077029
4.0	0.08240401134937166
0.0	0.08232195521312125
4.0	0.08175874252096607
4.0	0.08134892168199606
4.0	0.08134892168199606
0.0	0.08084520834544431
3.0	0.07974522228289
2.0	0.07938841860374447
4.0	0.07938841860374447
3.0	0.07938841860374447
4.0	0.07938841860374447
4.0	0.07938841860374447
4.0	0.07938841860374447
4.0	0.078074980177497
4.0	0.07805750619965143
3.0	0.07767356373806174
3.0	0.07756315349925286
