True Label: 0.0
4.0	0.2199323060000934
4.0	0.21455956195564546
4.0	0.20023151247677878
4.0	0.19658927487319616
4.0	0.1936205273387123
4.0	0.1895682293420106
4.0	0.18860838403857944
4.0	0.18725147156828456
0.0	0.18650096164806274
4.0	0.17693034738587657
4.0	0.16718346377260584
3.0	0.1613812527485766
4.0	0.16087236302194674
0.0	0.1582774773439624
4.0	0.15638581054280604
2.0	0.15257189753323222
4.0	0.1522773975253762
3.0	0.15048231635721154
4.0	0.14744195615489714
4.0	0.14350946197048198
4.0	0.14328782560351586
4.0	0.14327690718801606
4.0	0.1430397079704303
4.0	0.13656245746628082
3.0	0.13581542281571998
4.0	0.13530201829834765
4.0	0.13530201829834765
4.0	0.13459547551454137
3.0	0.13378444042694068
3.0	0.13378444042694068
4.0	0.1318760946791574
3.0	0.13155034013960848
3.0	0.13066103565403597
4.0	0.13032150878567172
3.0	0.12922695052922592
4.0	0.12903971808580209
4.0	0.1286978904175574
3.0	0.12808441383416944
4.0	0.1276884796138123
4.0	0.1263788195613404
4.0	0.1257389226923863
4.0	0.1257389226923863
4.0	0.1250586349809434
3.0	0.12503468528948042
3.0	0.12390517844264207
4.0	0.1238760208523001
4.0	0.1228682967957476
2.0	0.12163340819996028
4.0	0.12119654139092992
4.0	0.1211965413909299
