True Label: 0.0
4.0	0.42399915200254407
3.0	0.4009629815638518
4.0	0.3842713542331909
4.0	0.3134870199468025
4.0	0.2917299829957891
4.0	0.270801280154532
4.0	0.2523573072576179
3.0	0.25
4.0	0.24578640911187422
4.0	0.2345207879911715
4.0	0.22677868380553634
0.0	0.22501758018520476
3.0	0.2225540144120574
0.0	0.2165063509461097
2.0	0.21552636243212991
3.0	0.21437323142813602
4.0	0.20554804791094466
4.0	0.202837021134844
4.0	0.20207259421636903
4.0	0.19213567711659546
4.0	0.1918806447200494
4.0	0.1885618083164127
4.0	0.1857142857142857
1.0	0.18569533817705186
3.0	0.18454987557625951
3.0	0.18454987557625951
4.0	0.18090680674665818
3.0	0.1801770465845803
4.0	0.17888543819998318
3.0	0.17888543819998315
2.0	0.17677669529663692
2.0	0.17650452162436564
3.0	0.17647681943136376
4.0	0.17614096918559588
4.0	0.17401256802821946
4.0	0.17336902313221406
4.0	0.17320508075688773
4.0	0.17284978790940958
4.0	0.16666666666666666
3.0	0.16654083300081027
4.0	0.1649179900578772
4.0	0.1635749270418812
4.0	0.16329931618554522
4.0	0.1619585439184563
3.0	0.16159867089423297
4.0	0.16059101370939322
3.0	0.1600763033660937
3.0	0.15956063411630064
0.0	0.15942010234151477
4.0	0.158113883008419
