True Label: 0.0
4.0	0.28439822949726046
4.0	0.24210006235312612
4.0	0.20683507599800763
4.0	0.18098069149825669
4.0	0.17766726362967533
4.0	0.17056057308448835
4.0	0.15569978883230456
4.0	0.15441828729643656
4.0	0.14213381090374028
2.0	0.14039365412103838
3.0	0.1305582419667734
4.0	0.12309149097933274
4.0	0.12182898077463451
4.0	0.12087344460380703
4.0	0.11833361453008218
1.0	0.11826247919781652
4.0	0.11363636363636362
4.0	0.11335990159540377
4.0	0.11005109731001664
4.0	0.11005109731001664
4.0	0.10660035817780521
4.0	0.10341753799900381
3.0	0.10195529667150732
4.0	0.1019294382875251
0.0	0.1011299793694863
4.0	0.09782319760890368
4.0	0.09750298988361741
3.0	0.09747764110065826
4.0	0.09534625892455922
4.0	0.09304842103984708
4.0	0.09304842103984708
4.0	0.09231861823449955
4.0	0.09185117918925863
4.0	0.0909090909090909
3.0	0.0895622151039798
4.0	0.08794080883518106
2.0	0.08703882797784893
4.0	0.08703882797784893
4.0	0.08547043234472845
3.0	0.08528028654224418
3.0	0.0848570567012974
4.0	0.08354457152605477
3.0	0.0834460874843213
4.0	0.08206099398622181
4.0	0.08137551933570072
4.0	0.08035304331665312
4.0	0.07918075824648957
1.0	0.07918075824648957
1.0	0.07918075824648957
4.0	0.07784989441615228
