True Label: 0.0
4.0	0.21081851067789195
2.0	0.19611613513818402
4.0	0.1849000654084097
2.0	0.12700012700019048
3.0	0.11973686801784994
4.0	0.1160517706371319
3.0	0.11605177063713189
4.0	0.10814761408717502
4.0	0.10540925533894598
0.0	0.10425720702853739
4.0	0.10206207261596575
4.0	0.09622504486493763
4.0	0.09622504486493763
2.0	0.08980265101338746
3.0	0.0890870806374748
2.0	0.08753762190648169
4.0	0.08606629658238703
4.0	0.08574929257125441
0.0	0.08211077318035775
4.0	0.08144629623753681
4.0	0.08084520834544431
4.0	0.08084520834544431
4.0	0.07802743146408704
0.0	0.07500586006173493
4.0	0.07273929674533079
4.0	0.07142857142857142
2.0	0.07142857142857142
4.0	0.07106690545187014
4.0	0.06950480468569159
3.0	0.06849957804389886
4.0	0.06666666666666667
4.0	0.06666666666666667
4.0	0.06666666666666667
0.0	0.06565321642986127
2.0	0.06537204504606134
4.0	0.06454972243679027
0.0	0.06415002990995841
3.0	0.06415002990995841
2.0	0.06415002990995841
4.0	0.06393293950763895
2.0	0.06363592899589046
4.0	0.0629940788348712
4.0	0.0629940788348712
4.0	0.0629940788348712
4.0	0.06189844605901729
0.0	0.06060606060606061
4.0	0.05986843400892497
3.0	0.05986843400892497
2.0	0.05986843400892497
4.0	0.05802588531856595
