True Label: 0.0
4.0	0.22978625750451445
4.0	0.21213203435596426
4.0	0.1889822365046136
4.0	0.18257418583505533
4.0	0.1819017187772497
4.0	0.1599005372667078
4.0	0.14285714285714282
4.0	0.14048787173725408
4.0	0.1372053249871129
4.0	0.13258252147247765
4.0	0.12909944487358055
4.0	0.12309149097933274
4.0	0.11058146711617285
4.0	0.10882143751650175
0.0	0.10660035817780521
4.0	0.10400628679223047
4.0	0.10206207261596575
4.0	0.10206207261596575
3.0	0.10206207261596575
4.0	0.10022296571715913
3.0	0.09901475429766741
4.0	0.09805806756909201
4.0	0.09128709291752767
4.0	0.09128709291752767
4.0	0.08838834764831843
4.0	0.08492077756084468
0.0	0.0838525491562421
0.0	0.0838525491562421
2.0	0.08333333333333333
4.0	0.08333333333333333
4.0	0.08333333333333333
4.0	0.07905694150420947
4.0	0.07905694150420947
4.0	0.07715167498104596
4.0	0.07654655446197431
4.0	0.07426106572325056
3.0	0.07372097807744857
4.0	0.07372097807744857
4.0	0.07293249574894727
4.0	0.06963575181639443
3.0	0.06933752452815364
4.0	0.06933752452815364
4.0	0.06933752452815364
4.0	0.06804138174397717
4.0	0.06804138174397717
4.0	0.06681531047810609
4.0	0.06681531047810609
4.0	0.06681531047810609
4.0	0.06681531047810609
1.0	0.06565321642986127
