True Label: 0.0
4.0	0.23836564731139806
4.0	0.21128856368212912
0.0	0.1897680288191474
4.0	0.1844661968431555
4.0	0.1844661968431555
4.0	0.17049858486761837
4.0	0.16390750941244592
2.0	0.16249999999999998
4.0	0.1571468165481551
4.0	0.15
4.0	0.14754222271266348
4.0	0.14704292441876154
4.0	0.14638501094227996
3.0	0.14433756729740643
4.0	0.14322297480788657
4.0	0.14288690166235204
4.0	0.14288690166235204
4.0	0.1409004654941586
4.0	0.1409004654941586
4.0	0.13834964763236657
4.0	0.1342188730482898
4.0	0.13207808392448975
4.0	0.1318760946791574
4.0	0.1315587028960544
4.0	0.12909944487358058
3.0	0.12824729401064425
4.0	0.12456821978060993
2.0	0.12285902336679025
2.0	0.12285902336679025
4.0	0.12048289933537483
4.0	0.1197656786705551
4.0	0.11952286093343936
4.0	0.11918282365569903
3.0	0.11858541225631421
4.0	0.11656310103003922
3.0	0.1153963329840354
3.0	0.11426310807161011
4.0	0.11415741278435239
4.0	0.11028219331407116
4.0	0.10846522890932808
4.0	0.10846522890932808
4.0	0.10846522890932808
3.0	0.10846522890932808
4.0	0.10758287072798381
3.0	0.10606601717798213
4.0	0.10606601717798213
4.0	0.10606601717798213
3.0	0.10552897060221726
3.0	0.10552897060221726
4.0	0.10540925533894599
