True Label: 0.0
4.0	0.29743138278792614
4.0	0.22587721449724732
0.0	0.18692492926333937
3.0	0.17981516651568663
0.0	0.1782318818375272
3.0	0.1720843625866039
3.0	0.16937794571838466
2.0	0.16930166502030763
4.0	0.1658262002724986
4.0	0.16362867678777482
4.0	0.16220517803501533
2.0	0.16206436246141756
4.0	0.1578482062459063
2.0	0.1558183778155628
3.0	0.1509584965763209
4.0	0.14867299195410494
1.0	0.14802680147865174
4.0	0.1452999933934219
4.0	0.14400709684460306
4.0	0.14195997716961725
4.0	0.13851221196353025
4.0	0.13757089277664977
4.0	0.1323095435677404
3.0	0.1318282687277778
4.0	0.13047910297990328
4.0	0.13040409607870712
2.0	0.13025851370079777
1.0	0.1301361153127806
4.0	0.12888698413984737
4.0	0.12655556488296196
1.0	0.12419642382974722
0.0	0.12398784841249492
4.0	0.12394686966844072
0.0	0.12390014556667953
0.0	0.12389121357333147
2.0	0.12241672756492668
2.0	0.1221403520483492
3.0	0.12144321236118476
0.0	0.11996580009310613
4.0	0.11962194754927988
3.0	0.11883474639485934
3.0	0.11867379212051651
3.0	0.11827267052816899
3.0	0.11801063618175632
0.0	0.11781468417415063
4.0	0.11763833444692175
3.0	0.11732788248292668
4.0	0.11722854146681658
3.0	0.1172057760429686
3.0	0.1172057760429686
