True Label: 0.0
4.0	0.3464293548074995
3.0	0.3299560087980449
4.0	0.30012252399939043
4.0	0.28097574347450816
0.0	0.28097574347450816
4.0	0.2728525781658745
4.0	0.2606901174755145
4.0	0.25724787771376323
4.0	0.2485947050004486
4.0	0.2381448361039201
4.0	0.2210648792799612
4.0	0.2176428750330035
4.0	0.21380602012222744
4.0	0.21107926341908756
4.0	0.20833333333333331
4.0	0.2041241452319315
4.0	0.2041241452319315
4.0	0.19583736295016005
4.0	0.19050019050028577
4.0	0.18844459036110223
4.0	0.1846372364689991
3.0	0.18430244519362143
0.0	0.16703827619526523
3.0	0.1668967104844612
4.0	0.16666666666666666
3.0	0.16248342090492035
3.0	0.16164838048990482
4.0	0.15843755557440742
4.0	0.15811388300841894
4.0	0.1565724977631293
4.0	0.15590239111558085
4.0	0.15590239111558085
3.0	0.1557907395790196
4.0	0.15386436372416593
4.0	0.15152288168283157
4.0	0.15152288168283157
3.0	0.15138251770487457
4.0	0.1507556722888818
4.0	0.15002479953724474
4.0	0.147087101353638
3.0	0.14583333333333331
4.0	0.14433756729740646
3.0	0.14301938838683884
4.0	0.14285714285714285
4.0	0.14285714285714285
2.0	0.1418204213605841
4.0	0.14143809546400446
4.0	0.14048787173725408
4.0	0.14048787173725408
4.0	0.14023271738255827
