True Label: 0.0
3.0	0.0944911182523068
4.0	0.08451542547285165
4.0	0.08247860988423225
4.0	0.07938841860374447
4.0	0.07715167498104596
4.0	0.07559289460184544
4.0	0.07333933110610719
3.0	0.07319250547113998
4.0	0.06875238727711584
2.0	0.06728419560243848
2.0	0.06728419560243848
2.0	0.06681531047810609
3.0	0.06614378277661476
4.0	0.06482037235521643
0.0	0.06338656910463875
0.0	0.06338656910463875
2.0	0.0629940788348712
3.0	0.0629940788348712
4.0	0.0629940788348712
3.0	0.060436722301903514
4.0	0.059108280467932546
4.0	0.057863756235784464
4.0	0.057863756235784464
3.0	0.05759771456802801
4.0	0.0545544725589981
4.0	0.0545544725589981
4.0	0.05357142857142857
4.0	0.05357142857142856
2.0	0.05345224838248487
1.0	0.05263968047576972
2.0	0.05196746370519362
0.0	0.051917413165116506
4.0	0.05185873835281389
4.0	0.050507627227610534
3.0	0.050507627227610534
4.0	0.050507627227610534
4.0	0.04899705421628067
3.0	0.04879500364742665
1.0	0.048393391849582724
0.0	0.048219796863153724
4.0	0.047745526055942275
3.0	0.0472455591261534
1.0	0.04660273245009
0.0	0.04652421051992354
4.0	0.04583492485141056
4.0	0.04583492485141056
4.0	0.04583492485141056
4.0	0.04583492485141056
3.0	0.04521495906627015
4.0	0.04517539514526256
