True Label: 0.0
4.0	0.5000000000000002
4.0	0.43049760200050513
4.0	0.2960782627318961
4.0	0.29095718698132317
4.0	0.28113360692532063
4.0	0.2505446317296014
4.0	0.2503130871608794
4.0	0.2503130871608794
4.0	0.24942329796316198
4.0	0.24412019826678427
0.0	0.24077170617153837
4.0	0.22771001702132443
4.0	0.22351950249084504
4.0	0.22013044117856
2.0	0.21398024625545647
4.0	0.21343182831111576
4.0	0.2126482388362129
0.0	0.21182963643408081
4.0	0.20701966780270625
4.0	0.2021159521406991
4.0	0.19886684640449767
4.0	0.1973855084879307
4.0	0.19596545041740515
4.0	0.18609684207969418
4.0	0.18394180184548975
3.0	0.18156825980064073
4.0	0.18156825980064073
3.0	0.18002057495577392
3.0	0.17967776735230837
3.0	0.1790838297066415
2.0	0.1784718626709803
4.0	0.17819840760577899
4.0	0.17776428228421592
3.0	0.17753466362883769
4.0	0.17636890537566463
4.0	0.17323371679589583
4.0	0.1718600156490827
4.0	0.17118419700436519
0.0	0.170367083999984
2.0	0.16739340469688035
4.0	0.16576427459902557
4.0	0.16532501781652706
4.0	0.16532501781652706
4.0	0.1649572197684645
3.0	0.16448792373994225
4.0	0.1637846049706651
3.0	0.16285903444690245
4.0	0.16266240879025945
4.0	0.16191735072072877
4.0	0.16116459280507606
