True Label: 0.0
4.0	0.25899950838102936
4.0	0.21693522350276118
4.0	0.20991856739071493
3.0	0.20258514986701107
4.0	0.1771519258664224
0.0	0.17543969218886551
0.0	0.1672662237716218
3.0	0.1642211818479957
4.0	0.16173874084416223
3.0	0.15980944821387588
4.0	0.1552571611711519
0.0	0.1528678241346793
4.0	0.15185615910423567
0.0	0.15170108327033324
1.0	0.14509948100600964
3.0	0.1337688834049462
1.0	0.132504828134631
4.0	0.13139036155660133
4.0	0.1302401341234847
4.0	0.13016612159717372
1.0	0.12689783127114684
4.0	0.12645095818621616
2.0	0.12531340904332297
3.0	0.12496876171386934
4.0	0.12103522709706975
4.0	0.11658169015399605
4.0	0.11267766432903789
4.0	0.11267766432903789
4.0	0.1126106541153627
4.0	0.10826488294894188
4.0	0.10767638041163309
4.0	0.10767638041163306
4.0	0.10668428887199607
0.0	0.10635514779267013
0.0	0.10469071079869613
4.0	0.10323001737691674
4.0	0.10191948507836213
3.0	0.10129257493350553
4.0	0.100408742467761
4.0	0.10014790558463875
4.0	0.099313261921854
4.0	0.0993060900743226
4.0	0.09890707100936805
4.0	0.09829463743659808
4.0	0.0975817197480425
4.0	0.0975817197480425
4.0	0.09638582199437336
4.0	0.09638435268710732
1.0	0.09595729317764547
4.0	0.09594402063718835
