True Label: 0.0
4.0	0.2526791795090808
4.0	0.20701966780270625
4.0	0.17445567519772937
4.0	0.16673100431301852
4.0	0.1661079068999843
4.0	0.15936381457791915
4.0	0.15936381457791915
4.0	0.13942742458586085
3.0	0.13006649542861798
0.0	0.12590183483831985
4.0	0.1256396420431186
4.0	0.11970850359400749
4.0	0.11602387022306428
0.0	0.11509021710529649
4.0	0.11501092655705902
4.0	0.11492409307804574
3.0	0.11375393879832252
2.0	0.11095057636234602
3.0	0.11065666703449761
4.0	0.10564428184106456
4.0	0.10249000771134846
2.0	0.09759000729485331
4.0	0.0950798536569581
3.0	0.09333167411831966
4.0	0.09221388919541468
4.0	0.09116846116771035
3.0	0.08639187954496622
3.0	0.08612862282459278
2.0	0.08586775814821836
4.0	0.0857142857142857
0.0	0.08518354199999197
4.0	0.08451542547285165
3.0	0.08351484884487932
4.0	0.08322503785764788
4.0	0.08281766860861414
4.0	0.0824385620013739
1.0	0.08184475910711347
1.0	0.0791945516022682
4.0	0.07755667343294811
4.0	0.07644707871564382
4.0	0.07589709258986453
4.0	0.07559289460184544
4.0	0.07555663611645855
4.0	0.07529232524210426
1.0	0.07522081903049463
4.0	0.07423074889580904
3.0	0.07377111135633174
4.0	0.07377111135633174
1.0	0.07333587976225688
0.0	0.07273929674533079
