True Label: 0.0
4.0	0.26927768889214543
2.0	0.2658522658241319
0.0	0.25560859370538297
4.0	0.2188440547662043
4.0	0.20011120378952102
4.0	0.19851666679418606
4.0	0.19795189561622392
4.0	0.19580445076685282
0.0	0.1702732104691323
4.0	0.16796775328675628
3.0	0.16208817969462155
3.0	0.161627045958809
4.0	0.16081688022566923
4.0	0.153190838336343
4.0	0.14910501299480672
4.0	0.1485562705416415
4.0	0.1438389904456152
4.0	0.14182715723279388
4.0	0.1399731277389636
3.0	0.13856632693135673
4.0	0.13689641954834839
4.0	0.13511320473331348
4.0	0.13407108198891604
4.0	0.1326671576263081
4.0	0.1310359764801749
4.0	0.1293016367670472
4.0	0.12379689211803457
0.0	0.12191496227354268
3.0	0.12087453172719528
4.0	0.11986582537134603
4.0	0.11744404390294069
0.0	0.11697706772393271
4.0	0.11605958636065741
0.0	0.11600295811314831
3.0	0.11461365101225056
4.0	0.11371470653683552
2.0	0.11371470653683552
3.0	0.11371470653683552
4.0	0.11259433727776123
4.0	0.11259433727776123
4.0	0.11197850219117086
4.0	0.11146270717723433
4.0	0.11141720290623111
3.0	0.10978263211468128
4.0	0.10942202738310215
4.0	0.10942202738310215
2.0	0.10925355610938448
4.0	0.1072112534837795
4.0	0.10527936095153945
4.0	0.10527936095153945
