True Label: 0.0
0.0	0.19165498736768774
3.0	0.15522594921432467
0.0	0.13900960937138318
1.0	0.12903971808580209
3.0	0.12202383114084503
0.0	0.12119654139092992
0.0	0.12038585308576921
3.0	0.11235088294097074
3.0	0.11145564251507058
4.0	0.10693090271739544
4.0	0.10425720702853739
4.0	0.10114434748483472
4.0	0.09829463743659811
3.0	0.09223131928520185
4.0	0.08695652173913045
4.0	0.08674723979493604
3.0	0.08512565307587487
2.0	0.08512565307587487
1.0	0.08415718409536588
0.0	0.08340576562282992
3.0	0.08141120112822953
4.0	0.07744030926623663
1.0	0.0769990503509018
4.0	0.07685943273766821
4.0	0.07259540086406278
2.0	0.07151985398521515
3.0	0.0702250809666987
0.0	0.06618362750931697
2.0	0.061900866188670786
0.0	0.06163660712691241
1.0	0.057566412382313
4.0	0.05728331501262048
3.0	0.05647365427046247
4.0	0.05617544147048537
3.0	0.05572782125753529
3.0	0.05444655064804708
2.0	0.05296271413323761
4.0	0.05212860351426869
4.0	0.05057217374241736
4.0	0.04880953245633801
1.0	0.04826170890658402
3.0	0.047697225056167004
0.0	0.04662524041201569
4.0	0.04662524041201569
3.0	0.04550157551932901
4.0	0.04471018340098959
2.0	0.04390020359205628
1.0	0.04347826086956522
3.0	0.04347826086956522
1.0	0.04324387500644106
