True Label: 0.0
4.0	0.46739304678501625
3.0	0.41884759204196104
3.0	0.4007149824041149
4.0	0.39777864208786506
3.0	0.3970278121088659
4.0	0.3898920473592297
4.0	0.38422452893860987
1.0	0.37867398556247855
2.0	0.3651468350540827
4.0	0.34838964949726803
4.0	0.32956352306098574
4.0	0.32822187420591703
4.0	0.3065157505365821
4.0	0.2977194927949143
4.0	0.293778996805978
4.0	0.292306411107734
4.0	0.2785054955817143
0.0	0.27196429760070095
4.0	0.26929741373881316
3.0	0.2683841372064122
3.0	0.26541556077080075
3.0	0.26040724817205557
4.0	0.2525896903156109
4.0	0.25192647332231455
4.0	0.24588552933762003
4.0	0.24358867592311165
4.0	0.24114048639167834
4.0	0.23626845919446507
4.0	0.23503902552153838
4.0	0.23239715750965068
4.0	0.22220579737953275
4.0	0.22049739775464647
4.0	0.21384070730631674
4.0	0.21380602012222744
4.0	0.21201672861023702
3.0	0.20296736302193902
3.0	0.19919799684659142
4.0	0.19328013093726973
4.0	0.19101172809033634
4.0	0.18798703643699846
4.0	0.18431001952610973
4.0	0.18418988065853864
4.0	0.18374125864058297
4.0	0.1823031566601907
4.0	0.1823031566601907
4.0	0.18148619204995048
3.0	0.18022988365437925
3.0	0.1788449391586417
4.0	0.1765731526899349
3.0	0.17601271628107176
