True Label: 0.0
4.0	0.22995748566213595
4.0	0.22341905163910986
0.0	0.20086495390792253
3.0	0.1969302799427929
2.0	0.194074169913194
4.0	0.1901530754166114
4.0	0.17635008738749053
2.0	0.17311677839032427
0.0	0.16844709274806177
0.0	0.15180667801421627
1.0	0.13692659505407617
0.0	0.1288335343031562
4.0	0.12541727265414354
1.0	0.12366370553604485
0.0	0.12281104360744606
4.0	0.12055293970758948
4.0	0.11993046049352575
2.0	0.119263566382829
0.0	0.11187477034658964
2.0	0.10950071996960069
0.0	0.10562681853292955
3.0	0.10454875722723685
4.0	0.10264622325064647
0.0	0.10041067934611822
0.0	0.09972056340649392
0.0	0.09807315690788554
0.0	0.09668615641167366
4.0	0.09622504486493763
2.0	0.0954819832052577
0.0	0.09333796966611385
3.0	0.09324013976707428
4.0	0.09187491027845174
1.0	0.09004924453986149
2.0	0.08962214298964417
4.0	0.08961167599535744
0.0	0.0888284818898028
1.0	0.08682061684675188
1.0	0.08478426249526377
4.0	0.08304547985373996
4.0	0.08132500607904443
0.0	0.0812848356611433
4.0	0.08123623944599234
3.0	0.08118136450784207
2.0	0.08016048160562024
0.0	0.0800400300250219
1.0	0.08001322641986387
0.0	0.07963747912420706
4.0	0.07904325791405864
4.0	0.07807200583588264
0.0	0.07745966692414834
