True Label: 0.0
1.0	0.20800665631950502
0.0	0.16194464706281597
3.0	0.14232028585532525
1.0	0.13496784352422153
4.0	0.1283440811146828
0.0	0.12689040764752707
0.0	0.12635708425057254
4.0	0.12236834576478835
4.0	0.11185803039492456
4.0	0.10643277157142216
0.0	0.10621172998595042
3.0	0.10400332815975251
4.0	0.10369516947304253
0.0	0.1036951694730425
3.0	0.10228428509895357
4.0	0.10024590406736421
3.0	0.09937862110097329
0.0	0.09776474334756886
0.0	0.09426833588458411
3.0	0.09304727888596925
4.0	0.09274777915203365
4.0	0.09258357522421802
0.0	0.09229764388043254
0.0	0.09147039602885079
4.0	0.09051256444028409
3.0	0.08943535846803244
1.0	0.08906955588454879
4.0	0.08818445268783232
4.0	0.08641264122753542
3.0	0.08588411858623445
0.0	0.08478426249526377
0.0	0.08466675133346034
1.0	0.08425232519684706
2.0	0.0840896024700543
4.0	0.08295613557843402
4.0	0.08026734781232457
1.0	0.08021505069667673
1.0	0.07999129136304155
4.0	0.078734101007521
0.0	0.07790627985509392
2.0	0.07645890728472375
4.0	0.0757282445662753
2.0	0.0757282445662753
3.0	0.07567678126127185
4.0	0.07510647631566962
3.0	0.07430235628286204
4.0	0.0740834074167778
3.0	0.07332355751067665
0.0	0.07332355751067664
4.0	0.07220404814318432
