True Label: 0.0
4.0	0.42365927286816174
2.0	0.2567762955065478
4.0	0.25197631533948484
4.0	0.24313226954193232
4.0	0.23028309323591917
3.0	0.2182178902359924
4.0	0.19399589841579268
4.0	0.16956156135971895
4.0	0.1649572197684645
4.0	0.16208817969462155
4.0	0.15936381457791915
4.0	0.15220388682955233
4.0	0.14085904245475275
4.0	0.14085904245475275
2.0	0.13856849886842332
4.0	0.138423255749987
4.0	0.13801311186847084
4.0	0.13801311186847084
4.0	0.13638618139749525
4.0	0.1315903389919538
4.0	0.13093073414159542
4.0	0.12858612496840993
4.0	0.12858612496840993
4.0	0.1283881477532739
4.0	0.12732140281584609
4.0	0.12598815766974242
4.0	0.12517584644309682
4.0	0.1251565435804397
0.0	0.11976262619132591
0.0	0.11904761904761907
4.0	0.11757927025044308
4.0	0.11664236870396087
4.0	0.11631052629980884
3.0	0.11631052629980884
4.0	0.11493212495372931
3.0	0.11375393879832253
4.0	0.1126872339638022
4.0	0.1126872339638022
4.0	0.1126872339638022
4.0	0.11261065411536271
3.0	0.11227217828476796
4.0	0.11021667854435135
3.0	0.1094331923264895
4.0	0.10619884881071831
4.0	0.10585122480499264
4.0	0.10585122480499264
4.0	0.10585122480499264
4.0	0.10585122480499264
4.0	0.10585122480499264
4.0	0.10286889997472795
