True Label: 0.0
3.0	0.25819888974716115
0.0	0.2151821406588767
0.0	0.20473075621333142
0.0	0.1688811218974262
4.0	0.16508454493605446
0.0	0.1649780043990225
0.0	0.16038325696794617
3.0	0.15728821740147403
4.0	0.15564320159117262
3.0	0.148969892882781
1.0	0.14870296936986568
4.0	0.14814814814814817
0.0	0.14708710135363803
4.0	0.14664711502135333
0.0	0.14663893136025027
4.0	0.14493772609105074
2.0	0.14263608268363706
4.0	0.1407147701974606
4.0	0.14011213457945126
0.0	0.14007888143205532
1.0	0.13888888888888892
4.0	0.13531646934131855
1.0	0.13266715762630812
1.0	0.13043729868748774
4.0	0.12878054909248293
4.0	0.12598815766974242
4.0	0.12500000000000003
4.0	0.12232437865101445
4.0	0.12028130608117206
4.0	0.11909826683508275
2.0	0.11574811738804516
4.0	0.11365501234904284
4.0	0.1096287401914164
1.0	0.10926834468453098
4.0	0.10910894511799621
4.0	0.10803020268127811
0.0	0.10767638041163313
4.0	0.10476800114695084
4.0	0.1031197389230382
4.0	0.10206207261596577
4.0	0.10206207261596577
4.0	0.09907424048765215
4.0	0.09907424048765215
4.0	0.09907424048765215
3.0	0.09901475429766746
4.0	0.09901475429766744
0.0	0.09842824817948628
3.0	0.09833979922967089
0.0	0.098089251563383
4.0	0.09682458365518544
