True Label: 0.0
4.0	0.20935894733965593
4.0	0.17251638983558856
4.0	0.13801311186847084
4.0	0.13650472655798704
4.0	0.13311166512794437
4.0	0.13311166512794437
4.0	0.12598815766974242
4.0	0.12598815766974242
4.0	0.12104550653376049
4.0	0.1126872339638022
4.0	0.10585122480499264
2.0	0.10286889997472795
4.0	0.10012523486435176
2.0	0.09759000729485331
4.0	0.0949671470496983
2.0	0.09352195295828244
4.0	0.08559209850218259
4.0	0.08183170883849715
4.0	0.08130736316613935
0.0	0.08126928493096161
4.0	0.07938841860374447
4.0	0.07938841860374447
4.0	0.07838618016696206
4.0	0.07838618016696206
4.0	0.07838618016696206
3.0	0.07715167498104597
4.0	0.07715167498104597
3.0	0.07715167498104596
3.0	0.0749363311662726
2.0	0.07319250547113998
3.0	0.07319250547113998
4.0	0.07273929674533079
4.0	0.07273929674533079
4.0	0.07273929674533079
1.0	0.07174960033341754
4.0	0.06900655593423542
0.0	0.06900655593423542
0.0	0.06900655593423542
4.0	0.0681598176590997
0.0	0.0657951694959769
4.0	0.06546536707079773
4.0	0.0643489452087787
4.0	0.06419407387663695
4.0	0.06299407883487121
4.0	0.061113233135214086
4.0	0.061113233135214086
4.0	0.060522753266880246
4.0	0.058321184351980436
4.0	0.058321184351980436
4.0	0.058321184351980436
