True Label: 0.0
0.0	0.22227711223719354
4.0	0.21110016546037452
4.0	0.20616243982321486
4.0	0.1679677532867563
4.0	0.14301938838683886
2.0	0.13762047064079508
4.0	0.13762047064079508
4.0	0.13762047064079508
2.0	0.13483997249264842
0.0	0.13483997249264842
4.0	0.13483997249264842
0.0	0.12969029210177388
3.0	0.12196734422726126
3.0	0.12087344460380704
2.0	0.12060453783110546
4.0	0.12060453783110546
4.0	0.11677484162422844
0.0	0.1160517706371319
4.0	0.1160517706371319
0.0	0.11396057645963795
4.0	0.11396057645963795
1.0	0.11197850219117086
4.0	0.11197850219117086
3.0	0.11009637651263605
3.0	0.11009637651263605
4.0	0.1096908636190696
3.0	0.1096908636190696
4.0	0.10830607221477648
4.0	0.10600836430511851
4.0	0.10555008273018726
4.0	0.10500525039378282
4.0	0.10497277621629561
3.0	0.10479649938962518
0.0	0.10467947366982798
4.0	0.1037571695799112
2.0	0.10210462507669137
4.0	0.09869275424396536
4.0	0.09869275424396536
0.0	0.09642365197998376
4.0	0.09583753161944641
4.0	0.09534625892455924
3.0	0.09446777270080725
3.0	0.09304842103984709
4.0	0.09304842103984709
4.0	0.09196009797434057
4.0	0.09196009797434057
4.0	0.09127809157717966
4.0	0.09090909090909091
3.0	0.09090909090909091
4.0	0.09090909090909091
