True Label: 0.0
4.0	0.2651650429449553
3.0	0.2569350598886808
4.0	0.2551551815399144
4.0	0.22604860754486628
2.0	0.22592402852876597
4.0	0.17928429140015903
4.0	0.17677669529663687
4.0	0.17677669529663687
3.0	0.17462517462526195
4.0	0.16770509831248423
4.0	0.1653594569415369
4.0	0.1653594569415369
4.0	0.1599005372667078
4.0	0.1599005372667078
4.0	0.1597524126056734
4.0	0.1597524126056734
4.0	0.15624999999999997
4.0	0.15075567228888181
4.0	0.1507556722888818
4.0	0.1494035761667992
3.0	0.14744195615489714
4.0	0.147087101353638
4.0	0.14583333333333334
1.0	0.14363106492851746
4.0	0.14194374348941718
4.0	0.1415305148295129
4.0	0.1369306393762915
4.0	0.13470397652008118
4.0	0.13258252147247765
4.0	0.129011711635535
4.0	0.12862393885688161
4.0	0.1275775907699572
4.0	0.1275775907699572
0.0	0.12499999999999999
4.0	0.12423546683420235
4.0	0.12309149097933272
4.0	0.12257258446136501
4.0	0.12166606584807188
0.0	0.12166606584807188
4.0	0.11924976150071549
4.0	0.1181138978153835
4.0	0.1178511301977579
4.0	0.1178511301977579
4.0	0.11572751247156893
4.0	0.11306675421666133
3.0	0.11139159858487584
4.0	0.11058146711617287
1.0	0.1093987436234209
4.0	0.10926965951519221
3.0	0.10718661571406801
