True Label: 0.0
2.0	0.27288841145490766
4.0	0.2609711282191209
2.0	0.24106302110709235
3.0	0.23145502494313785
2.0	0.21913175916521774
4.0	0.2161314852856271
4.0	0.20421249154432672
0.0	0.19397145798754878
0.0	0.1819736112280039
3.0	0.1774626261129276
0.0	0.17635008738749053
3.0	0.16265001215808883
0.0	0.1622037835747299
4.0	0.15936381457791915
0.0	0.15870780079516086
1.0	0.15352206215727945
4.0	0.1523011827513939
1.0	0.13557020888519822
4.0	0.13135173437318345
2.0	0.12799492126228446
4.0	0.12793239135454326
0.0	0.12533705172102466
0.0	0.12362783988552024
4.0	0.11716660671033248
4.0	0.11567471466213654
4.0	0.1130940362351128
4.0	0.11039706602764487
1.0	0.109971479845643
4.0	0.1091089451179962
4.0	0.10579090825700133
4.0	0.10551884738587998
4.0	0.10216767230548135
0.0	0.10216767230548135
2.0	0.10204450448215527
4.0	0.0997155044021832
4.0	0.09600307214746387
1.0	0.09370601523624612
4.0	0.09352375699090108
1.0	0.09225508369789183
3.0	0.08961894853069607
0.0	0.08933351839910586
0.0	0.08800719732732862
2.0	0.08683804610033363
4.0	0.08572408331227327
3.0	0.08537347209531383
3.0	0.08515264196500796
4.0	0.08399210511316162
4.0	0.08175191193132876
2.0	0.08140291605004527
4.0	0.08081220356417684
