True Label: 0.0
3.0	0.18531232916527532
3.0	0.18156825980064073
3.0	0.173259232729684
0.0	0.14567140814584595
4.0	0.1448413648755803
4.0	0.1315587028960544
0.0	0.12257258446136499
3.0	0.12070113739631691
4.0	0.11826247919781652
4.0	0.11538461538461539
3.0	0.11322770341445959
4.0	0.10741723110591492
4.0	0.10741723110591492
1.0	0.10675210253672476
3.0	0.10567049305145204
4.0	0.10090091909944687
4.0	0.10090091909944687
1.0	0.10012267434585904
4.0	0.09905360646879091
3.0	0.09709195467257717
4.0	0.09544271444636665
4.0	0.09513029883089881
0.0	0.0947330933431342
4.0	0.09119215051751063
4.0	0.08998425413316952
3.0	0.08998425413316952
4.0	0.08951435925492912
0.0	0.08674723979493604
4.0	0.08492077756084469
4.0	0.08470926844646216
4.0	0.08470926844646216
0.0	0.08404977220207888
0.0	0.08404977220207886
4.0	0.08320502943378438
0.0	0.08320502943378438
4.0	0.08320502943378438
4.0	0.08320502943378438
3.0	0.08178608201095307
4.0	0.08178608201095307
4.0	0.08006407690254358
0.0	0.08006407690254358
4.0	0.08006407690254358
4.0	0.08006407690254358
4.0	0.08006407690254358
3.0	0.08006407690254358
3.0	0.08006407690254358
3.0	0.08006407690254357
0.0	0.08006407690254355
4.0	0.07725393039369072
2.0	0.07692307692307693
