True Label: 0.0
4.0	0.2435611502237274
0.0	0.22587697572631282
4.0	0.2105587219030789
4.0	0.20665833161537833
4.0	0.1781741612749496
1.0	0.17699808135119718
0.0	0.16971105832553268
3.0	0.16718346377260587
3.0	0.16116459280507606
4.0	0.15724272550828777
1.0	0.14888750009563956
1.0	0.14638501094227996
3.0	0.130066495428618
3.0	0.12598815766974242
0.0	0.12101384823413866
0.0	0.12000384018432983
4.0	0.115278083540847
2.0	0.10978875820670997
4.0	0.10910894511799621
4.0	0.10910894511799621
3.0	0.10482848367219184
4.0	0.10434798389121029
4.0	0.09723055853282467
4.0	0.0944911182523068
4.0	0.08964214570007953
3.0	0.08671099695241201
3.0	0.08611187047839651
0.0	0.08451542547285167
4.0	0.08451542547285167
1.0	0.08314109932105399
0.0	0.08183170883849716
2.0	0.07862136275414389
4.0	0.07862136275414389
3.0	0.07776157913597391
4.0	0.07715167498104597
4.0	0.07715167498104597
4.0	0.07715167498104597
0.0	0.07636035483212125
4.0	0.07412493166611013
2.0	0.07333933110610719
4.0	0.07142857142857144
4.0	0.07142857142857144
4.0	0.0708683386892301
4.0	0.06900655593423542
4.0	0.06900655593423542
4.0	0.06900655593423542
2.0	0.06900655593423542
4.0	0.06900655593423542
4.0	0.06776309271789385
0.0	0.06734350297014738
