True Label: 0.0
4.0	0.21805974568232211
4.0	0.2044652050273827
4.0	0.18208926018230745
4.0	0.17611748841908675
1.0	0.15384615384615385
2.0	0.14153462926807447
4.0	0.14153462926807447
2.0	0.1334487092537206
4.0	0.12892198850808625
4.0	0.1283881477532739
0.0	0.12685698213721508
4.0	0.12403473458920847
4.0	0.12009611535381537
4.0	0.1155625408802561
4.0	0.10993326328265883
3.0	0.10775449168807308
3.0	0.10482848367219184
4.0	0.10127393670836665
4.0	0.10090091909944686
4.0	0.09805806756909202
3.0	0.09805806756909201
4.0	0.09805806756909201
4.0	0.09513029883089882
3.0	0.09513029883089882
4.0	0.09302605094190636
3.0	0.09245003270420488
0.0	0.09188458377475334
3.0	0.09181462976097773
4.0	0.09078412990032037
3.0	0.0871404495279043
3.0	0.08674723979493604
4.0	0.08527388003008082
4.0	0.08527388003008082
4.0	0.08492077756084469
3.0	0.0828741930164745
4.0	0.08158924398306319
2.0	0.08081586876605482
4.0	0.0805629233294362
4.0	0.08006407690254358
4.0	0.07957438376509585
4.0	0.07844645405527362
4.0	0.07792865001991968
4.0	0.07792865001991968
2.0	0.07710120856320625
4.0	0.07662891493956465
4.0	0.07603307692816172
4.0	0.07548513560963972
4.0	0.07513807567653445
4.0	0.07354355067681902
4.0	0.07354355067681902
