True Label: 0.0
4.0	0.5
4.0	0.2193817272381392
4.0	0.21462419417145479
0.0	0.18935242733246038
3.0	0.179730605985226
4.0	0.16169041669088863
1.0	0.15949044456578
4.0	0.15949044456578
4.0	0.14798414524386921
4.0	0.14625448482542613
4.0	0.14625448482542613
3.0	0.14625448482542613
3.0	0.1455213750217998
4.0	0.14462030521243746
4.0	0.13750477455423168
2.0	0.13750477455423168
4.0	0.1355815361366601
4.0	0.1310326757925987
4.0	0.13098420799889596
4.0	0.12927192249875477
3.0	0.12719720861638445
4.0	0.12421401880890738
3.0	0.12323928292834901
4.0	0.12145538851970916
4.0	0.12126781251816648
4.0	0.12126781251816647
4.0	0.11941628680530642
4.0	0.11764705882352941
4.0	0.11764705882352941
4.0	0.11764705882352941
3.0	0.11605575805387747
4.0	0.11471341119043457
4.0	0.11436063077472397
4.0	0.1143323900950059
3.0	0.1143323900950059
3.0	0.11128297681493143
4.0	0.11128297681493143
4.0	0.11095900821829636
4.0	0.1096908636190696
4.0	0.1096908636190696
4.0	0.1096908636190696
4.0	0.10914955890876363
2.0	0.1090982118588961
4.0	0.1084652289093281
4.0	0.10846522890932808
4.0	0.10713431680111603
4.0	0.10585122480499264
3.0	0.10585122480499264
4.0	0.10585122480499264
4.0	0.10585122480499264
