True Label: 0.0
4.0	0.2631806779839076
4.0	0.2421000623531261
4.0	0.2090605025017727
4.0	0.18181818181818182
4.0	0.18181818181818182
4.0	0.17971268936194615
4.0	0.1711905958155815
3.0	0.1648085632718039
4.0	0.1556997888323046
4.0	0.15075567228888181
3.0	0.14854397775557665
3.0	0.14625448482542613
2.0	0.13856632693135676
4.0	0.13834289277321493
4.0	0.13762047064079508
4.0	0.13483997249264842
4.0	0.12856486930664499
4.0	0.1254363015010636
4.0	0.12060453783110545
4.0	0.11677484162422844
4.0	0.11396057645963795
4.0	0.11396057645963795
4.0	0.11306675421666136
4.0	0.11306675421666136
4.0	0.11306675421666136
4.0	0.11197850219117086
4.0	0.11197850219117086
4.0	0.1096908636190696
4.0	0.1096908636190696
4.0	0.10830607221477648
4.0	0.10660035817780521
0.0	0.10660035817780521
4.0	0.10660035817780521
4.0	0.1037571695799112
3.0	0.10341753799900383
4.0	0.10050378152592121
4.0	0.10016366623062493
4.0	0.09642365197998373
4.0	0.09534625892455924
4.0	0.09417632186960223
4.0	0.09090909090909091
4.0	0.09045340337332909
4.0	0.09045340337332909
4.0	0.08989331499509895
4.0	0.0888336318148377
2.0	0.0886968593983624
4.0	0.08703882797784893
4.0	0.08703882797784893
4.0	0.08547043234472845
4.0	0.08427498280790527
