True Label: 0.0
3.0	0.205599221401225
4.0	0.17310893582538456
2.0	0.15901071100814662
4.0	0.1535737792084878
4.0	0.14101332839245428
4.0	0.1204251134465524
4.0	0.11989812986603618
2.0	0.11683504488552092
3.0	0.11657357343480677
3.0	0.11372337822913742
1.0	0.11331668394168083
4.0	0.1121544308184089
1.0	0.10988845115895124
4.0	0.10639903531978631
4.0	0.10587921838524726
4.0	0.10048023740038763
4.0	0.10031397251510384
4.0	0.10031397251510384
2.0	0.10031397251510382
0.0	0.0991997911723619
4.0	0.09868274229828969
4.0	0.09712858623572643
1.0	0.09653452203153244
2.0	0.09524241471993242
2.0	0.0942285694863091
0.0	0.0938351290644441
0.0	0.09046368392156634
4.0	0.08835958944106681
4.0	0.08615942035583343
3.0	0.08478078067985947
4.0	0.08433122890341362
2.0	0.08200732175829785
3.0	0.08064373679476419
2.0	0.07930515857181442
2.0	0.07930515857181442
3.0	0.07837000835679415
4.0	0.07830016927360374
0.0	0.07792213223012215
4.0	0.0767868896042439
3.0	0.07604962495744619
3.0	0.07604962495744619
3.0	0.07579335037177772
4.0	0.07523547938632788
3.0	0.07511819875479611
4.0	0.07401205672371726
1.0	0.0733576490340606
4.0	0.07284643967679483
0.0	0.07266500367980432
3.0	0.07093269021319086
4.0	0.07088448586497094
