True Label: 0.0
4.0	0.18144368465060579
1.0	0.1789584973977198
4.0	0.15430334996209194
0.0	0.1499923475244192
4.0	0.1421338109037403
4.0	0.13907347779164778
0.0	0.12598815766974242
4.0	0.125
0.0	0.12267912301642961
4.0	0.12171612389003691
4.0	0.12171612389003691
4.0	0.12171612389003691
1.0	0.11952286093343936
4.0	0.11785113019775793
4.0	0.11785113019775793
4.0	0.11043152607484656
3.0	0.11034745181364908
4.0	0.10714285714285715
0.0	0.10714285714285715
4.0	0.10714285714285715
4.0	0.10416666666666666
4.0	0.10350983390135314
3.0	0.10206207261596578
0.0	0.10179731971185751
4.0	0.09960238411119947
3.0	0.09829463743659811
4.0	0.09829463743659811
4.0	0.09829463743659811
3.0	0.09829463743659811
4.0	0.09805806756909202
1.0	0.09776474334756886
1.0	0.09763360345842834
1.0	0.09724332766526304
4.0	0.09687303228651607
4.0	0.09449111825230681
4.0	0.09449111825230681
4.0	0.09449111825230681
0.0	0.09375
4.0	0.09302605094190636
0.0	0.09289773523888237
4.0	0.09128709291752768
4.0	0.08908708063747481
4.0	0.0888336318148377
1.0	0.08838834764831845
2.0	0.08753762190648172
4.0	0.08605354885268929
1.0	0.08466675133346034
3.0	0.08466675133346034
3.0	0.08337274375565151
3.0	0.08337274375565151
