True Label: 0.0
4.0	0.26162797606709143
3.0	0.20361159164149692
4.0	0.19917183909278768
4.0	0.1927104842875759
4.0	0.18778101072520811
0.0	0.17859990659227326
4.0	0.16351748504193214
4.0	0.1627545028967437
4.0	0.15569978883230462
4.0	0.15298449372125572
4.0	0.14530784390894486
4.0	0.14301938838683884
4.0	0.14287992527381863
3.0	0.14058038927888333
4.0	0.14032880999172587
3.0	0.1398225379936557
4.0	0.13811591494556977
1.0	0.13699754905014835
4.0	0.13653613945140894
3.0	0.13489096132884126
4.0	0.13269868366389598
4.0	0.1297498240269205
3.0	0.1287402767300889
4.0	0.1275520097893981
4.0	0.12712834523274566
4.0	0.12641373392131838
4.0	0.12450860349589345
4.0	0.12223677435342037
3.0	0.12151727869152051
4.0	0.11899932420328765
0.0	0.11843130509275843
0.0	0.11843130509275843
3.0	0.11798497593106738
3.0	0.11565089976524145
4.0	0.11540202552146459
3.0	0.11521838449545896
4.0	0.11512172709003618
4.0	0.1149919149152138
4.0	0.1144622395293525
3.0	0.11123730207865246
4.0	0.10896715305663913
0.0	0.10830002818049544
4.0	0.10733662988566169
4.0	0.1064714023702516
4.0	0.10596645548185385
3.0	0.10547420251414011
2.0	0.10476631396206482
3.0	0.10362203971630486
4.0	0.10362203971630486
4.0	0.10329178050160584
