True Label: 0.0
0.0	0.20215947828770756
0.0	0.19440394783993478
3.0	0.19102275168708427
3.0	0.16051447078102563
1.0	0.15879768911344364
1.0	0.15027827244457206
4.0	0.12038585308576921
0.0	0.12038585308576921
4.0	0.11262289639991434
4.0	0.10316407676502881
3.0	0.10286889997472795
3.0	0.10050378152592122
2.0	0.0978560939919977
0.0	0.09622504486493762
2.0	0.09566613377789003
1.0	0.09563650695950074
0.0	0.09481335399809573
2.0	0.09018054180632275
2.0	0.08844477175087206
4.0	0.08772689266130253
2.0	0.08641264122753545
4.0	0.08375315127160102
1.0	0.0834965721446866
4.0	0.08333333333333334
4.0	0.08300970751529205
2.0	0.08251229524805617
4.0	0.08006407690254358
4.0	0.0797241005179101
3.0	0.07856742013183862
4.0	0.07856742013183862
4.0	0.07776157913597391
4.0	0.07776157913597391
0.0	0.07698003589195011
0.0	0.074535599249993
2.0	0.07373350181457747
4.0	0.07273929674533079
0.0	0.07273929674533078
4.0	0.07253235664820744
4.0	0.07253235664820744
2.0	0.07147416898918632
4.0	0.07027283689263066
3.0	0.06913011298202835
0.0	0.06804138174397718
3.0	0.0675737378399486
4.0	0.06751595780557779
4.0	0.06622661785325218
4.0	0.06573421981221797
0.0	0.0649569802461631
1.0	0.06477047151856137
1.0	0.06472796978171812
