True Label: 0.0
1.0	0.28409081753694515
0.0	0.28110101131108134
3.0	0.2808947589668526
0.0	0.26567954188649906
4.0	0.2515502175743891
0.0	0.24630575077439493
3.0	0.23036964956043252
4.0	0.2279558397718642
4.0	0.21947762087548445
3.0	0.21372106056568996
4.0	0.20542871497869772
3.0	0.20378537418341441
4.0	0.19544907152139115
4.0	0.1897429818472713
4.0	0.18830046126314018
3.0	0.1876877208631218
4.0	0.1865510357425744
4.0	0.18592842168541807
0.0	0.16643566632465148
3.0	0.16231795277937128
4.0	0.16205409625783807
0.0	0.16166106912431769
0.0	0.16160421627602378
4.0	0.15397375894859666
4.0	0.15380065742231522
4.0	0.14912022701586514
4.0	0.14912022701586514
1.0	0.14835221318486402
4.0	0.14136319404844722
0.0	0.13920485060019283
4.0	0.13585691612227632
1.0	0.13471755760359808
1.0	0.13464269371473608
4.0	0.13115012604990398
3.0	0.12243906429325843
2.0	0.11827267052816899
1.0	0.11227009760984888
0.0	0.11107555707695883
3.0	0.10963537135201212
0.0	0.1096170095311405
4.0	0.10897247358851683
0.0	0.1085972942558336
4.0	0.10838874619051499
1.0	0.10666634416875911
4.0	0.10479101390477948
4.0	0.1037482553507973
2.0	0.10267709194896273
4.0	0.10063079474067875
4.0	0.0989432146506291
4.0	0.0986004390807373
