True Label: 0.0
4.0	0.26604984095516326
3.0	0.19836592591349234
1.0	0.19520870698450918
2.0	0.182185174812543
3.0	0.17453577995425923
3.0	0.17169745830825334
2.0	0.1702885813198948
4.0	0.16621325534963238
4.0	0.15845592275188178
0.0	0.15066875250164707
0.0	0.14987742668076204
1.0	0.14636723174613228
2.0	0.14410272950793598
2.0	0.14312292381781525
0.0	0.1402658913697787
3.0	0.13902010343468818
1.0	0.1386002751218192
2.0	0.13509083777463135
2.0	0.13346853761208058
3.0	0.12689574617627622
3.0	0.1253810613671968
0.0	0.12487176082234662
3.0	0.12122362139157866
3.0	0.11745408600387564
2.0	0.11485832378473854
4.0	0.1133528027716712
4.0	0.10909569328760567
2.0	0.10876778243680818
3.0	0.10630654979883791
4.0	0.10570328451633801
4.0	0.10518588892551264
0.0	0.09965801236692479
4.0	0.09830205785992324
4.0	0.09786222541720245
0.0	0.09616014383004003
0.0	0.09613804566961266
1.0	0.09577806791510271
4.0	0.09531266179218435
4.0	0.09486316938899614
4.0	0.09354639275955767
4.0	0.09346913532439863
2.0	0.09339786292856532
3.0	0.093139437170684
4.0	0.09240129526990193
4.0	0.09135317800301439
0.0	0.09117774519261349
4.0	0.09042153033498267
0.0	0.08910017686402662
4.0	0.08829921694677469
4.0	0.0863063704004206
