True Label: 0.0
4.0	0.4296628971548616
2.0	0.40916185208316896
4.0	0.4062996001466959
3.0	0.3978334554451879
4.0	0.3923186132786121
2.0	0.37482903067016654
1.0	0.3401085119257179
1.0	0.33619908880831545
2.0	0.32347756513583714
3.0	0.30027694552262557
3.0	0.28798158471936136
2.0	0.28302053329978893
2.0	0.27624731005491493
1.0	0.271042298132544
2.0	0.2638993314558738
1.0	0.26041869439294285
3.0	0.2502235136789772
0.0	0.2352948871843851
0.0	0.23123706461737165
2.0	0.2285048187991934
3.0	0.2150567431426922
3.0	0.2073655655673971
0.0	0.20054701360485516
4.0	0.19897929586013582
4.0	0.19051281699137876
0.0	0.18893947550474396
4.0	0.18847835762580825
0.0	0.1880126369868347
3.0	0.18674731431231162
0.0	0.1775491486333195
2.0	0.1720843625866039
3.0	0.17169745830825334
0.0	0.16908941005050723
0.0	0.16537964611894457
4.0	0.16213954990123422
1.0	0.1573591584938886
4.0	0.15138962670099046
4.0	0.1504270226457022
2.0	0.14810993893735055
0.0	0.14643077771249066
4.0	0.14128828671330101
4.0	0.1380566148204948
4.0	0.13505637049567104
4.0	0.13443969366197606
4.0	0.13315005718713652
1.0	0.1297186304156927
4.0	0.12917206745548437
4.0	0.12787765607847015
4.0	0.12501526158359877
4.0	0.12410854282816472
