True Label: 0.0
1.0	0.2820374438963682
3.0	0.2548829208299313
4.0	0.2503764495431526
4.0	0.2424270174111351
4.0	0.22472519030395513
4.0	0.2129183029944709
4.0	0.20328790570418465
4.0	0.18705968155914485
4.0	0.1799778502429482
4.0	0.17958925509334764
0.0	0.15626907697949846
3.0	0.15626907697949846
0.0	0.15591794041949844
0.0	0.15372326012679877
4.0	0.1514383972147733
4.0	0.13696356726888637
0.0	0.13286470449755447
0.0	0.13264716441314972
4.0	0.13201633133068505
1.0	0.12712320904523036
3.0	0.12645156395207677
4.0	0.12619866434564445
4.0	0.12619866434564442
4.0	0.12470159280699049
4.0	0.12041994417276236
0.0	0.1189231685798565
2.0	0.11864832844221497
0.0	0.11861392864779445
4.0	0.11831552835456777
3.0	0.11657733253012645
4.0	0.11619703495793542
3.0	0.11569965707245902
4.0	0.1130420536692958
4.0	0.11154491416936267
4.0	0.11049892402196598
3.0	0.10983919603316745
0.0	0.10739229167820996
3.0	0.10630654979883791
2.0	0.1060660702110305
4.0	0.10482848367219183
0.0	0.10359611008545133
4.0	0.10221575749840371
3.0	0.09805806756909201
1.0	0.0974611269346766
1.0	0.09602016518991172
4.0	0.09569487529386911
4.0	0.09541300465126666
4.0	0.09541300465126666
4.0	0.09541300465126666
4.0	0.09376144618769908
