True Label: 0.0
3.0	0.22170959818947727
3.0	0.20451111078350387
4.0	0.14390748498345196
3.0	0.1388386131576534
4.0	0.13116516715679058
3.0	0.13049182666551928
1.0	0.1270001270001905
1.0	0.1254544289201939
4.0	0.12184433124162353
0.0	0.12087196090239716
4.0	0.12073319795664762
3.0	0.11933166594877917
4.0	0.11799806371486042
4.0	0.11112511112516668
4.0	0.10998533626601498
4.0	0.10998533626601498
0.0	0.10721638238498002
4.0	0.10625592962581036
4.0	0.10567049305145204
0.0	0.10567049305145204
4.0	0.10567049305145203
4.0	0.10567049305145203
0.0	0.10404968390709603
4.0	0.09893066531918886
4.0	0.09837387536759294
4.0	0.09525009525014287
0.0	0.09385270759790347
4.0	0.09295457490296918
4.0	0.09240616554505462
3.0	0.09165444688834581
3.0	0.09137000582555288
1.0	0.09043285278726962
3.0	0.0898451209382082
3.0	0.0898451209382082
4.0	0.08891787425369732
4.0	0.08805874420954338
4.0	0.08791564145688452
4.0	0.08740748201220974
4.0	0.08712136837380643
4.0	0.08683804610033365
0.0	0.08683052863106445
3.0	0.08641264122753543
4.0	0.0861569528700919
4.0	0.08466675133346034
4.0	0.08410788878156113
2.0	0.08375653648407856
4.0	0.08240856434303293
2.0	0.08218816126224046
3.0	0.08175332306986116
4.0	0.08147061945630739
