True Label: 0.0
2.0	0.23483410915693104
1.0	0.17063023229633045
3.0	0.15534712747612348
0.0	0.14611900125320157
4.0	0.1458407513661945
4.0	0.13464028341974354
0.0	0.1324290367046204
0.0	0.1238760208523001
4.0	0.11971899017258152
4.0	0.11651034560709261
4.0	0.11170370790654757
4.0	0.10984700727621795
4.0	0.10779361112725909
0.0	0.10585122480499262
4.0	0.10585122480499261
4.0	0.1058512248049926
4.0	0.10502100630210073
4.0	0.10448925095464309
4.0	0.10448925095464309
4.0	0.10437071518085825
2.0	0.10274430219435678
4.0	0.09637388493048532
1.0	0.09208185110322617
2.0	0.09188803516300788
4.0	0.08968970586617497
4.0	0.08807354275501537
4.0	0.08759357437106756
4.0	0.08747480336813908
4.0	0.08642716314028857
2.0	0.08642716314028857
1.0	0.08531511614816523
4.0	0.0825122952480562
0.0	0.08213292636386628
4.0	0.07843137254901959
4.0	0.07779730694816725
4.0	0.07779730694816725
4.0	0.07767356373806174
4.0	0.07767356373806174
0.0	0.07767356373806172
0.0	0.07731753330571373
4.0	0.07698214791400604
1.0	0.0763915414190176
3.0	0.07559924774675743
3.0	0.07494320437296678
3.0	0.07426106572325059
4.0	0.07426106572325056
4.0	0.07425767565839186
4.0	0.07299464530922296
4.0	0.07299464530922296
3.0	0.07231015260621872
