True Label: 0.0
3.0	0.45618169934442654
4.0	0.38788009629757864
4.0	0.3826868867317511
3.0	0.37522989874104357
4.0	0.36884085519107596
4.0	0.361011018247115
4.0	0.34678782329016233
4.0	0.3248904647699393
3.0	0.29192383509689995
4.0	0.2884257391835963
4.0	0.27932954083013106
4.0	0.2665679560704042
3.0	0.26346456169617877
4.0	0.26089089729624443
4.0	0.25802665423375176
4.0	0.25802665423375176
4.0	0.25752911199186024
4.0	0.2560789426533668
3.0	0.24973446719798745
2.0	0.24334213774634422
1.0	0.2405995726688052
4.0	0.23873587634214039
4.0	0.23099102039861963
4.0	0.23085462179186428
4.0	0.22958711445712915
4.0	0.22762572680299273
3.0	0.22693825819911
3.0	0.22693825819911
3.0	0.225304646367983
4.0	0.22252458887032617
3.0	0.22233304466564952
4.0	0.22164576931290209
4.0	0.21938781657981044
3.0	0.21776707588924957
4.0	0.2159447252246084
4.0	0.21586364967257685
4.0	0.21224100624976128
2.0	0.2120777493997032
4.0	0.21025839105218988
4.0	0.20708971582167904
3.0	0.20265211300743277
4.0	0.19742083395976
2.0	0.1971296619662881
3.0	0.19594670432025912
4.0	0.19594670432025907
4.0	0.1942503557913544
4.0	0.1923200216262108
4.0	0.19134344336587555
3.0	0.19134344336587555
4.0	0.18557909195091296
