True Label: 0.0
4.0	0.32274861218395146
4.0	0.2821440468234173
3.0	0.23031425257483937
4.0	0.21693045781865616
4.0	0.207107221060079
4.0	0.19569842191603265
4.0	0.17888543819998315
2.0	0.17770466332772772
4.0	0.16760038078849773
4.0	0.16591591209899204
4.0	0.16514456476895406
4.0	0.1538967528127731
4.0	0.14301938838683884
4.0	0.14107202341170866
4.0	0.1315587028960544
4.0	0.12996881122750908
2.0	0.12824729401064425
4.0	0.1267731382092775
4.0	0.12403473458920845
4.0	0.12403473458920845
4.0	0.1224744871391589
4.0	0.12056070554260304
4.0	0.11952286093343936
4.0	0.11918282365569903
4.0	0.11504474832710557
4.0	0.11504474832710557
4.0	0.11338934190276817
3.0	0.11275964612329945
3.0	0.11180339887498948
4.0	0.11180339887498947
4.0	0.10846522890932808
4.0	0.10846522890932808
4.0	0.10846522890932808
4.0	0.10808442529177922
4.0	0.1075828707279838
4.0	0.10741723110591492
4.0	0.10606601717798213
4.0	0.10606601717798213
4.0	0.10540925533894599
4.0	0.10540925533894599
2.0	0.10540925533894599
3.0	0.10523044392039603
3.0	0.1049067909270353
3.0	0.10431924643124793
3.0	0.10329855251193923
3.0	0.1012220412723645
4.0	0.10112997936948631
4.0	0.10112997936948631
4.0	0.10112997936948631
0.0	0.10063092108532552
