True Label: 0.0
4.0	0.16452254913212455
4.0	0.16222142113076254
4.0	0.15294382258037453
4.0	0.1411956236812263
3.0	0.12977713690461004
4.0	0.11803342130469505
4.0	0.1124803176664619
4.0	0.10814761408717502
4.0	0.10471347707292386
4.0	0.10471347707292386
4.0	0.1037571695799112
4.0	0.10147651372376076
4.0	0.10138838820672659
4.0	0.10036938356837077
0.0	0.10012523486435178
0.0	0.10012523486435178
0.0	0.10012523486435178
4.0	0.09909250441117723
4.0	0.0983611844205792
4.0	0.0983611844205792
4.0	0.09304036594559835
4.0	0.08998425413316952
4.0	0.08889679117711083
4.0	0.08849904067559859
3.0	0.08740748201220976
0.0	0.08707154319342923
3.0	0.0845637614364673
3.0	0.0837707816583391
4.0	0.08371385281611449
4.0	0.08111071056538127
4.0	0.08111071056538127
4.0	0.08111071056538127
4.0	0.08000711205939975
3.0	0.07894736842105264
0.0	0.07886165851800558
4.0	0.07868894753646337
4.0	0.07443229275647868
4.0	0.07336739820667777
2.0	0.07283956834350813
3.0	0.07254762501100116
0.0	0.07224898606313432
3.0	0.07024393586862707
4.0	0.07024393586862707
4.0	0.07024393586862707
4.0	0.07024393586862707
4.0	0.06955186050933215
2.0	0.06867228427044848
2.0	0.06867228427044848
4.0	0.06814662756363819
4.0	0.06803097069935285
