True Label: 0.0
4.0	0.12479324370349613
3.0	0.11806120368034279
0.0	0.1127242960381356
0.0	0.1127242960381356
4.0	0.11022358706560674
3.0	0.10821196851958088
0.0	0.10678721258619792
3.0	0.0972832310322661
0.0	0.09628542792705495
2.0	0.09607150941483494
4.0	0.09502184920814667
2.0	0.0917662935482247
4.0	0.08992288030258971
4.0	0.08992288030258971
1.0	0.0895019134936982
4.0	0.0892217816219194
4.0	0.0892217816219194
4.0	0.0892217816219194
4.0	0.08916634115465792
4.0	0.08897565210026093
2.0	0.08885233166386385
3.0	0.08536655898367083
4.0	0.08418541208472315
3.0	0.08281099803085626
4.0	0.08087412072578047
4.0	0.08011544943070564
3.0	0.07941793398210678
1.0	0.07845852552630843
0.0	0.0780398972571708
1.0	0.07699749762199028
1.0	0.07678988318681085
1.0	0.07593534093812151
4.0	0.07561906489676201
0.0	0.07109361731353579
0.0	0.07109361731353579
4.0	0.07064172571013569
1.0	0.06999132392733556
4.0	0.06945644263146598
4.0	0.0693687975619296
0.0	0.06882472016116853
4.0	0.06855106213838523
3.0	0.06839855680567694
4.0	0.06794707624925292
4.0	0.06786208925382961
4.0	0.06668859288553503
1.0	0.06668178896847549
4.0	0.06622661785325218
3.0	0.06556100681071858
3.0	0.06556100681071858
1.0	0.06556100681071857
