True Label: 0.0
4.0	0.2549244959784465
4.0	0.19403933912099536
4.0	0.18483111549229314
4.0	0.17947878155372207
3.0	0.17496543519959284
4.0	0.17454106943648096
0.0	0.16447510463506068
3.0	0.16440794021554248
3.0	0.16320603221824967
4.0	0.16142933521312364
4.0	0.1610049448284925
3.0	0.1591069813149326
4.0	0.15895959176841618
3.0	0.15678944903924458
3.0	0.15678944903924458
4.0	0.15582174321212314
4.0	0.15353757178626856
3.0	0.15158287886660543
3.0	0.1474831575521661
3.0	0.14265604733323267
4.0	0.14144457212360229
4.0	0.14091481717182852
4.0	0.14076579064734132
4.0	0.14076579064734132
4.0	0.13875691196471865
4.0	0.13844969061606158
3.0	0.13667356363743366
4.0	0.1347651578524461
3.0	0.13168521865245755
4.0	0.12951232393130532
4.0	0.12951232393130532
4.0	0.12934723563635042
4.0	0.12810708534344772
4.0	0.12664755805145253
4.0	0.12592118343620032
0.0	0.12556043443742843
3.0	0.12489242246336668
2.0	0.12276929012080404
2.0	0.12237339385974581
4.0	0.12189205580072368
4.0	0.12186888087025392
3.0	0.12107328551010067
4.0	0.12105980216345247
4.0	0.12021160790991846
4.0	0.1185913419716594
3.0	0.11602145685512767
2.0	0.11544222759471569
2.0	0.11544222759471569
4.0	0.1153747421800513
4.0	0.1150564664228536
