True Label: 0.0
3.0	0.42517782849000607
4.0	0.3981665296905978
4.0	0.3817708577854666
4.0	0.3565929832876473
4.0	0.2565689737104237
4.0	0.2545139051903111
4.0	0.2480694691784169
4.0	0.2480694691784169
4.0	0.2407277770373885
4.0	0.23652495839563303
4.0	0.22739701341354884
4.0	0.22667906654450065
4.0	0.22645540682891918
0.0	0.2185824984939871
4.0	0.21736413934819207
4.0	0.21306624726853052
3.0	0.20699022034135675
0.0	0.20512820512820512
4.0	0.20483662259967564
4.0	0.20282810580964641
2.0	0.19847955636236153
0.0	0.1965534068853597
3.0	0.19230769230769232
4.0	0.19037490262714743
4.0	0.1823843010350213
1.0	0.18156825980064073
4.0	0.18156825980064073
4.0	0.18156825980064073
3.0	0.17977312387666872
4.0	0.1783693103079353
4.0	0.17829649164382366
4.0	0.1773937187967248
4.0	0.17541160386140586
4.0	0.173259232729684
4.0	0.17318102950623276
4.0	0.17318102950623276
4.0	0.17093126025838204
4.0	0.16809954440415775
4.0	0.16809954440415775
4.0	0.16724840200141816
4.0	0.16724840200141816
2.0	0.1665025860133712
3.0	0.16641005886756874
4.0	0.1645770046691583
4.0	0.16317848796612638
4.0	0.16248558255167678
3.0	0.16146852355216004
4.0	0.16012815380508716
4.0	0.16012815380508716
4.0	0.1601281538050871
