True Label: 0.0
3.0	0.5000000000000001
4.0	0.2643392192172764
4.0	0.2208471162896377
2.0	0.21105794120443452
4.0	0.18439729194076726
3.0	0.17407765595569782
4.0	0.16685595311797863
0.0	0.1656353372172283
4.0	0.15289415743128767
4.0	0.15074842772883107
2.0	0.1461202447927114
4.0	0.14564381625088385
4.0	0.14530784390894486
0.0	0.14070529413628968
4.0	0.1321696096086382
4.0	0.12965186265091133
4.0	0.12955005512625917
3.0	0.12754185416872732
0.0	0.12752254259814036
4.0	0.12721562869323952
2.0	0.12406537179718201
4.0	0.12196734422726126
4.0	0.1198577533267986
1.0	0.11822695960572606
4.0	0.11769797726729994
1.0	0.11736313170325507
4.0	0.11726039399558574
4.0	0.11487703939948199
4.0	0.1144622395293525
2.0	0.11443442705426587
4.0	0.11042355814481886
4.0	0.11009637651263607
3.0	0.10898088293170864
4.0	0.10629334149116507
4.0	0.10619477512887363
4.0	0.10577717706958903
4.0	0.10552897060221726
4.0	0.10532801505301287
4.0	0.1044465935734187
3.0	0.10415766744987472
4.0	0.10163945352271772
4.0	0.10050378152592121
1.0	0.10045766829498909
4.0	0.10015661716722687
0.0	0.09972767893423543
0.0	0.09840627249521833
4.0	0.09811049102515929
3.0	0.09791514004823663
3.0	0.09756677987400907
4.0	0.09734191609713487
