True Label: 0.0
1.0	0.29065917948808984
4.0	0.207107221060079
4.0	0.16760038078849773
4.0	0.16685595311797863
4.0	0.16685595311797863
4.0	0.16685595311797863
4.0	0.16685595311797863
4.0	0.16609095970747992
4.0	0.16269784336399212
2.0	0.16064386578049977
0.0	0.15972417169490047
4.0	0.158113883008419
4.0	0.1538967528127731
2.0	0.14659886790209345
1.0	0.14532958974404492
4.0	0.1449377260910507
4.0	0.14199045856176618
4.0	0.1414213562373095
3.0	0.13983365334900963
4.0	0.13762047064079505
4.0	0.1341640786499874
4.0	0.1315587028960544
4.0	0.1308559806475534
4.0	0.125
4.0	0.125
4.0	0.12499999999999999
3.0	0.124132207873084
2.0	0.1224744871391589
4.0	0.1224744871391589
4.0	0.1224744871391589
4.0	0.1224744871391589
4.0	0.11918282365569903
4.0	0.11851136578499431
4.0	0.11677484162422845
4.0	0.11338934190276817
4.0	0.11318740168568175
3.0	0.11180339887498948
4.0	0.11180339887498948
0.0	0.10910894511799618
4.0	0.10846522890932808
3.0	0.10846522890932808
4.0	0.10846522890932808
4.0	0.10750164544594146
3.0	0.10699812209025503
3.0	0.1067457983300568
4.0	0.1065016084037823
4.0	0.10564428184106456
1.0	0.10350983390135313
4.0	0.1025978352085154
4.0	0.1025978352085154
