True Label: 0.0
4.0	0.20180183819889375
0.0	0.16641005886756877
3.0	0.16357216402190614
3.0	0.15534712747612348
3.0	0.14824986333222026
4.0	0.1345345587992625
4.0	0.1307440900921227
4.0	0.11429089766391891
4.0	0.11322770341445959
3.0	0.1082870204560525
3.0	0.10482848367219183
2.0	0.09302605094190634
0.0	0.08470926844646216
4.0	0.08320502943378438
4.0	0.08091133940627349
3.0	0.08006407690254358
4.0	0.07692307692307693
2.0	0.07534289855918308
4.0	0.07412493166611013
3.0	0.07347183583706451
3.0	0.07347183583706451
4.0	0.07161148740394328
3.0	0.07161148740394328
3.0	0.07134772412317411
2.0	0.0703210846407743
4.0	0.06933752452815364
2.0	0.06899341558261021
3.0	0.06839411288813299
4.0	0.06766649524509585
4.0	0.06726727939963124
4.0	0.06726727939963124
3.0	0.06726727939963124
0.0	0.06726727939963124
3.0	0.06537204504606135
1.0	0.06537204504606135
4.0	0.06537204504606135
4.0	0.06537204504606135
3.0	0.06492274731611955
2.0	0.06362847629757777
4.0	0.06362847629757777
4.0	0.06362847629757777
4.0	0.06362847629757777
4.0	0.06201736729460423
4.0	0.06201736729460423
3.0	0.060522753266880246
3.0	0.05913123959890826
4.0	0.05913123959890826
4.0	0.05913123959890826
4.0	0.05913123959890826
4.0	0.05913123959890826
