True Label: 0.0
4.0	0.29589068858212364
4.0	0.2191164142659107
4.0	0.20516900950995837
4.0	0.16918197377512545
3.0	0.16433731069943303
0.0	0.1617491598051576
3.0	0.1572210029286287
4.0	0.15249857033260467
3.0	0.14089805617727202
4.0	0.1315819129500429
0.0	0.12968784398345284
4.0	0.12962378478271397
4.0	0.1293993278441261
4.0	0.1293185290052494
0.0	0.12580490207067818
4.0	0.12568373773353236
3.0	0.12451456127293808
4.0	0.11962972091091584
4.0	0.11908137705738524
4.0	0.11812488464372366
4.0	0.11739345417674985
4.0	0.11647270698695132
4.0	0.11641283923332396
4.0	0.1143739277494535
4.0	0.1143739277494535
4.0	0.11379481553341211
3.0	0.11242343760332196
4.0	0.11095900821829638
4.0	0.11095900821829636
4.0	0.11005636329070301
3.0	0.10946422399940203
4.0	0.10783277320343843
4.0	0.1033592740632582
4.0	0.1031078524452934
3.0	0.10253525383571194
4.0	0.10166571355506979
4.0	0.10166571355506977
0.0	0.10077389181859389
4.0	0.09644856443408242
4.0	0.09621032142443142
4.0	0.09621032142443142
4.0	0.09246584018191364
3.0	0.09196009797434057
4.0	0.08993875008265759
3.0	0.08993875008265757
4.0	0.08972229068318688
3.0	0.08831809932074874
4.0	0.08804509063256238
4.0	0.08692934513202741
4.0	0.08692058610857473
