True Label: 0.0
4.0	0.49999999999999983
4.0	0.19564639521780736
4.0	0.1950768266287065
4.0	0.17782168978975482
0.0	0.17010209189189648
4.0	0.15512630699850571
4.0	0.15386436372416593
3.0	0.1531679162134967
4.0	0.14673479641335552
4.0	0.14101901870444153
4.0	0.13856632693135673
4.0	0.13762047064079505
2.0	0.13110110602126895
0.0	0.1305582419667734
4.0	0.12309149097933274
0.0	0.12126781251816648
4.0	0.1194880298498108
3.0	0.10726454129012913
4.0	0.10514994558491725
4.0	0.10453025125088634
0.0	0.10448925095464309
4.0	0.10257624248277727
4.0	0.10257624248277727
4.0	0.10050378152592121
3.0	0.09782319760890368
4.0	0.09534625892455922
4.0	0.09534625892455922
4.0	0.09140905301589132
0.0	0.0909090909090909
2.0	0.0856234681563427
4.0	0.08547043234472845
4.0	0.08547043234472845
3.0	0.08528028654224418
4.0	0.08395434125416043
4.0	0.08362420100070908
4.0	0.08324089477650336
0.0	0.08240428163590194
4.0	0.08122955416108235
3.0	0.08073641877753529
4.0	0.07943797849598822
4.0	0.07923542222141386
3.0	0.07901864534677536
3.0	0.07901864534677536
3.0	0.07899601128975964
3.0	0.07784989441615228
3.0	0.07784989441615228
4.0	0.07756315349925286
4.0	0.07756315349925286
0.0	0.0774843371456995
0.0	0.07577352304240823
