True Label: 0.0
3.0	0.19245008972987526
0.0	0.17960530202677488
0.0	0.16933350266692065
4.0	0.15249857033260467
0.0	0.12379689211803457
1.0	0.12379689211803457
4.0	0.1178511301977579
2.0	0.1160517706371319
0.0	0.10540925533894598
1.0	0.10196254838691633
3.0	0.10050378152592121
3.0	0.09698572899377438
0.0	0.09523809523809523
2.0	0.09428090415820634
0.0	0.08980265101338744
1.0	0.0890870806374748
0.0	0.08624616364708677
4.0	0.08606629658238704
4.0	0.08606629658238703
3.0	0.07856742013183862
0.0	0.07856742013183862
4.0	0.0783934056986331
1.0	0.07808688094430304
1.0	0.07669649888473704
1.0	0.07453559924999299
4.0	0.07453559924999298
4.0	0.07453559924999298
4.0	0.07453559924999298
4.0	0.07079091642691986
2.0	0.07066652533375734
0.0	0.06950480468569159
0.0	0.06950480468569159
4.0	0.06950480468569159
4.0	0.06804138174397717
4.0	0.06443705608558825
1.0	0.06401843996644799
0.0	0.0629940788348712
0.0	0.0629940788348712
4.0	0.0629940788348712
3.0	0.06085806194501845
4.0	0.05986843400892497
4.0	0.05986843400892497
0.0	0.059339082909692656
4.0	0.05860984988734226
4.0	0.05802588531856595
1.0	0.05773502691896257
4.0	0.057200539415303675
0.0	0.057166195047502935
3.0	0.05698028822981897
0.0	0.0563436169819011
