True Label: 0.0
4.0	0.2936101097573517
4.0	0.29019050004400465
4.0	0.25980762113533157
3.0	0.23312620206007845
3.0	0.2330223161315838
4.0	0.23078316568852544
4.0	0.22360679774997896
4.0	0.22360679774997896
4.0	0.22245516710084084
4.0	0.22213082915965965
4.0	0.2051956704170308
4.0	0.20080483222562473
4.0	0.19914385097535642
3.0	0.19506489808627486
4.0	0.1844661968431555
4.0	0.18408026012768097
4.0	0.17677669529663687
4.0	0.17541160386140586
0.0	0.17129003992578723
4.0	0.16770509831248423
4.0	0.16770509831248423
4.0	0.16137430609197573
4.0	0.15811388300841897
4.0	0.15652475842498528
3.0	0.15339299776947407
4.0	0.15118578920369088
4.0	0.14940357616679922
4.0	0.13975424859373686
4.0	0.13483997249264842
3.0	0.1341640786499874
2.0	0.1332784974957958
3.0	0.1318760946791574
4.0	0.12909944487358055
4.0	0.12909944487358055
4.0	0.1267731382092775
4.0	0.12298373876248844
4.0	0.12298373876248843
0.0	0.12293063205933445
3.0	0.12222530175967619
4.0	0.12202338252299409
4.0	0.11952286093343936
4.0	0.11952286093343936
4.0	0.11798497593106737
4.0	0.11539158284426275
0.0	0.11531640100361062
4.0	0.11420804814403215
3.0	0.11338934190276816
4.0	0.11226827987756231
3.0	0.11073494597853727
3.0	0.11016316230980794
