True Label: 0.0
4.0	0.5
4.0	0.5
4.0	0.39139684383206536
4.0	0.2708921270675184
4.0	0.2509139207082026
4.0	0.24764219818702876
4.0	0.2431083191631576
4.0	0.2333839863966313
0.0	0.23063280200722125
4.0	0.2205271385679885
3.0	0.2084219669613948
3.0	0.20319752780609654
2.0	0.2002453486917181
4.0	0.18659112407133685
4.0	0.17190354104313227
4.0	0.1701758234142103
4.0	0.15978709238739222
4.0	0.15919855597737562
4.0	0.1591517535198076
0.0	0.15658462142777574
4.0	0.15180001478532218
2.0	0.15094006561553194
4.0	0.15064871543094188
4.0	0.15058675831730728
4.0	0.1438803413133505
4.0	0.14364758784526718
4.0	0.141755291427707
4.0	0.141509827535445
4.0	0.1389365433383574
4.0	0.13837968120433278
4.0	0.13396235926758265
3.0	0.1332125603616896
4.0	0.13142409449167686
4.0	0.12903971808580209
4.0	0.12902312240467295
4.0	0.12763186756065775
4.0	0.12763186756065775
0.0	0.12734646361774526
4.0	0.12684804110397171
4.0	0.12684804110397171
4.0	0.12632278815997786
4.0	0.1254569603541013
3.0	0.12435434751878158
4.0	0.12382109909351438
4.0	0.12382109909351438
4.0	0.12379101256674452
4.0	0.12327841818038449
3.0	0.12257995126633975
4.0	0.12094486171172418
4.0	0.12085164793162483
