True Label: 0.0
3.0	0.254000254000381
3.0	0.25227586030946314
4.0	0.21855240711617277
4.0	0.21134098610290408
4.0	0.18938287769312112
3.0	0.1816433966794209
3.0	0.1816433966794209
2.0	0.17434741848535126
4.0	0.17231390574018382
4.0	0.1627409109768403
4.0	0.16129032258064513
4.0	0.15382253474650862
4.0	0.14819897956091455
4.0	0.14808185191881446
4.0	0.14802411344743452
4.0	0.14763464883937316
4.0	0.1440046082211958
2.0	0.1425808580254335
4.0	0.14149998919097345
4.0	0.13856849886842332
4.0	0.13749357299219495
4.0	0.13538259026847058
4.0	0.13538259026847058
2.0	0.1336917511611279
4.0	0.13240678533309402
4.0	0.13006210488387
4.0	0.12880163722232757
0.0	0.12831622564368414
4.0	0.12700012700019048
4.0	0.12700012700019048
4.0	0.12673652378373731
2.0	0.12506950236845063
4.0	0.12506107989614448
4.0	0.1232082207267395
4.0	0.12320822072673948
4.0	0.12275567027670703
3.0	0.12195525009139449
0.0	0.12087196090239717
4.0	0.12048289933537483
4.0	0.12013009360187218
3.0	0.1197552989989516
2.0	0.11947166975644635
2.0	0.11947166975644635
3.0	0.1187977408278729
4.0	0.11654330934961299
4.0	0.11487593716012255
3.0	0.11466763973189226
3.0	0.11466763973189226
0.0	0.11430904504318626
4.0	0.11430011430017147
