True Label: 0.0
4.0	0.1533929977694741
4.0	0.14638501094227999
4.0	0.13801311186847084
4.0	0.1328422328310143
1.0	0.12403473458920847
4.0	0.11744404390294069
0.0	0.1132097862209912
4.0	0.10882143751650175
4.0	0.09534625892455924
0.0	0.09534625892455924
4.0	0.09534625892455924
3.0	0.09534625892455924
4.0	0.0912870929175277
4.0	0.0912870929175277
2.0	0.09035079029052512
0.0	0.09004503377814962
1.0	0.08856148855400953
1.0	0.08808303292720551
1.0	0.08451542547285167
3.0	0.08451542547285167
4.0	0.08385254915624211
3.0	0.08377078165833911
4.0	0.07905694150420949
4.0	0.07824607964359516
0.0	0.07669649888473705
3.0	0.07669649888473705
4.0	0.074535599249993
0.0	0.07358236637186913
3.0	0.07254762501100116
4.0	0.07233642332556182
2.0	0.07071067811865475
1.0	0.06859943405700353
0.0	0.06779076806833005
0.0	0.0674199862463242
3.0	0.0659380473395787
4.0	0.0659380473395787
0.0	0.0651558364144604
3.0	0.06454972243679029
4.0	0.06388765649999399
1.0	0.06352853248314401
4.0	0.062017367294604234
2.0	0.06175402271944638
4.0	0.060858061945018464
4.0	0.05976143046671968
4.0	0.058722021951470346
3.0	0.057735026918962574
0.0	0.05723111976467626
4.0	0.056796183424706485
4.0	0.056796183424706485
3.0	0.05523525079063356
