True Label: 0.0
4.0	0.14907119849998599
4.0	0.14322297480788657
4.0	0.11009637651263604
4.0	0.10350983390135313
4.0	0.10176437026295687
3.0	0.09682458365518541
3.0	0.09682458365518541
4.0	0.09428090415820632
3.0	0.08728715609439694
4.0	0.08304547985373996
3.0	0.07745966692414834
4.0	0.07453559924999299
4.0	0.07453559924999299
1.0	0.07453559924999299
0.0	0.07161148740394328
3.0	0.06972166887783962
4.0	0.06900655593423542
4.0	0.06900655593423542
4.0	0.06900655593423542
4.0	0.06666666666666665
3.0	0.06558258357839529
1.0	0.06558258357839529
4.0	0.06454972243679027
4.0	0.06454972243679027
0.0	0.06276682042104673
0.0	0.06262242910851494
4.0	0.06262242910851494
4.0	0.06262242910851494
1.0	0.06183185276802242
4.0	0.060246407607670915
0.0	0.0601316822402263
4.0	0.059234887775909226
4.0	0.05710402407201608
0.0	0.0563436169819011
4.0	0.05590169943749475
4.0	0.05504818825631802
3.0	0.05504818825631802
3.0	0.054554472558998084
3.0	0.054232614454664034
3.0	0.053838190205816545
3.0	0.050882185131478436
4.0	0.050636968354183326
2.0	0.04774099160262885
4.0	0.047203432003085063
4.0	0.046752458221218436
4.0	0.046373889576016826
4.0	0.046291004988627565
4.0	0.044136741475237475
2.0	0.043800287987840275
4.0	0.043033148291193514
