True Label: 0.0
4.0	0.2728525781658745
3.0	0.2702264094666269
4.0	0.24253562503633297
4.0	0.22995346974509806
4.0	0.2079725827019257
4.0	0.20700217047200664
4.0	0.20211302086361083
4.0	0.19354921934639135
4.0	0.18565266430812644
4.0	0.1819017187772497
4.0	0.17712297710801903
4.0	0.1688801323682996
4.0	0.16637806616154058
4.0	0.16502459049611234
4.0	0.16495337162480542
3.0	0.16191359197542682
4.0	0.1607815257546843
4.0	0.1597738080712361
4.0	0.1597304604195006
4.0	0.15900879764848913
4.0	0.15216113565717687
4.0	0.15158476564770806
0.0	0.14867580156670296
4.0	0.14777011582226215
4.0	0.14555731953884093
3.0	0.14413783455231632
3.0	0.14408763192842222
3.0	0.1430397079704303
4.0	0.1429762897859917
4.0	0.14291548761875733
4.0	0.14061024795535124
3.0	0.1375230718654299
0.0	0.13629325512727639
4.0	0.13614528715929272
4.0	0.1333945937699831
4.0	0.13185390244495004
4.0	0.13174886252731766
4.0	0.13098420799889593
4.0	0.13098420799889593
4.0	0.1292719224987548
4.0	0.1292719224987548
2.0	0.12869545620400163
0.0	0.1268403984411984
4.0	0.12535897509805
4.0	0.12524485821702988
3.0	0.12515974447412653
4.0	0.12320822072673948
4.0	0.12126781251816648
4.0	0.11941628680530642
4.0	0.11941628680530642
