True Label: 0.0
4.0	0.17237074490474152
4.0	0.16666666666666669
4.0	0.16666666666666669
4.0	0.16666666666666669
4.0	0.16564728911226984
4.0	0.16417276043706813
4.0	0.15430334996209194
4.0	0.15309310892394865
3.0	0.1386750490563073
4.0	0.13608276348795437
4.0	0.12909944487358055
3.0	0.12379689211803457
4.0	0.12126781251816648
4.0	0.11785113019775793
4.0	0.1122869228088692
3.0	0.11009637651263607
2.0	0.10314212462587935
4.0	0.09470274476207571
4.0	0.09147021665807528
4.0	0.09128709291752769
4.0	0.09128709291752768
4.0	0.09128709291752768
4.0	0.0890870806374748
1.0	0.08753762190648172
2.0	0.08606629658238704
2.0	0.08261359951610162
4.0	0.0825122952480562
3.0	0.08111071056538127
3.0	0.08091961720458728
4.0	0.07856742013183862
4.0	0.07715167498104597
3.0	0.07580980435789034
4.0	0.074535599249993
4.0	0.074535599249993
4.0	0.07453559924999299
4.0	0.07453559924999299
4.0	0.07106690545187015
4.0	0.07106690545187015
4.0	0.07071067811865475
4.0	0.07003502627189416
4.0	0.0687614164172529
4.0	0.06804138174397718
4.0	0.06804138174397718
4.0	0.06759225880448438
4.0	0.06716933670086853
4.0	0.06454972243679029
4.0	0.06454972243679029
4.0	0.06454972243679029
4.0	0.06454972243679027
4.0	0.06454972243679027
