True Label: 0.0
4.0	0.37992402279240267
4.0	0.3433984185572144
4.0	0.3329635791060135
4.0	0.3128893238787319
4.0	0.2954654593443895
4.0	0.2921743548953888
4.0	0.27937211830783126
1.0	0.2644355459789325
4.0	0.25578857897708057
3.0	0.25503068522533534
4.0	0.2524149167425064
3.0	0.23431601705489347
4.0	0.21670431102368137
3.0	0.19521720236075757
3.0	0.1932116606755933
4.0	0.18938850476964256
3.0	0.17607190594923955
4.0	0.1710797845536603
4.0	0.1704496542926783
4.0	0.1648085632718039
4.0	0.16189068440619808
4.0	0.16129556770910236
4.0	0.16129556770910236
4.0	0.15641533011015335
4.0	0.15151080381571405
2.0	0.15008087114892196
4.0	0.14757033402523884
4.0	0.14724203476646208
3.0	0.14724203476646208
4.0	0.14634146341463414
4.0	0.14548392431002613
4.0	0.14183787637825573
4.0	0.14126448280440335
4.0	0.1406137908014648
2.0	0.1388386131576534
3.0	0.13878564153681736
4.0	0.1375429889020977
4.0	0.1374598440088341
4.0	0.1363196353181994
4.0	0.1363196353181994
0.0	0.13525044520011487
4.0	0.1325719533387498
3.0	0.13025792180516724
4.0	0.12974497020936174
4.0	0.12949244257070308
4.0	0.12949244257070308
4.0	0.12804555422442268
4.0	0.12789428948854029
3.0	0.12751534261266767
4.0	0.126673647984535
