True Label: 0.0
4.0	0.30602818624106143
4.0	0.25594534844449573
3.0	0.21693045781865616
4.0	0.2100420126042015
4.0	0.20180183819889375
4.0	0.19735935605211033
4.0	0.18190171877724973
4.0	0.18098069149825669
4.0	0.15158476564770812
4.0	0.14348601079588785
4.0	0.13750477455423168
4.0	0.1355815361366601
4.0	0.1355815361366601
4.0	0.1345345587992625
4.0	0.13231403100624078
3.0	0.13068205256070964
4.0	0.12964074471043288
4.0	0.12964074471043288
4.0	0.12862393885688161
4.0	0.12515974447412653
3.0	0.12507126858652728
4.0	0.12298800925361816
3.0	0.12126781251816648
4.0	0.12126781251816648
4.0	0.12126781251816647
4.0	0.11764705882352941
3.0	0.11764705882352941
4.0	0.11669000700233416
4.0	0.11504474832710557
4.0	0.1143323900950059
4.0	0.1143323900950059
4.0	0.1143323900950059
4.0	0.11354659116073192
4.0	0.11128297681493143
3.0	0.1096908636190696
4.0	0.1096908636190696
4.0	0.10907288200508974
4.0	0.10585122480499264
4.0	0.10341753799900381
0.0	0.10291616342770396
0.0	0.10291616342770396
0.0	0.10291616342770396
3.0	0.10114434748483472
3.0	0.09947636404618068
4.0	0.09901475429766744
3.0	0.09723055853282467
4.0	0.09723055853282467
4.0	0.09709195467257717
4.0	0.09701425001453319
0.0	0.0958706236059213
