True Label: 0.0
4.0	0.27777777777777785
4.0	0.23570226039551584
3.0	0.22116293423234573
4.0	0.21629522817435004
4.0	0.19543398999264294
3.0	0.18015093964441803
4.0	0.1767766952966369
3.0	0.16169041669088866
4.0	0.15214515486254615
4.0	0.1473139127471974
4.0	0.1429154876187574
4.0	0.1429154876187574
4.0	0.1388888888888889
2.0	0.13867504905630731
4.0	0.1375228328345058
4.0	0.13608276348795437
4.0	0.13201967239688991
3.0	0.13201967239688991
4.0	0.13176156917368248
4.0	0.13176156917368248
3.0	0.12883678042065433
4.0	0.12883678042065433
4.0	0.12858612496840993
2.0	0.1280583033213054
4.0	0.1270001270001905
4.0	0.12598815766974242
4.0	0.12598815766974242
4.0	0.1256297269074015
4.0	0.125
4.0	0.12379689211803457
4.0	0.12171612389003691
4.0	0.12171612389003691
4.0	0.12171612389003691
4.0	0.1216334081999603
4.0	0.12028130608117206
3.0	0.11785113019775793
4.0	0.11785113019775793
4.0	0.1147078669352809
3.0	0.1147078669352809
4.0	0.1143323900950059
4.0	0.11180339887498951
4.0	0.11111111111111113
4.0	0.11111111111111113
4.0	0.10942202738310215
4.0	0.10814761408717502
4.0	0.10758287072798381
4.0	0.1075828707279838
4.0	0.10660035817780524
4.0	0.10660035817780522
3.0	0.10450995214374266
