True Label: 0.0
4.0	0.3265986323710904
4.0	0.28507865803991933
2.0	0.2581988897471611
4.0	0.25131234497501725
4.0	0.24710157836637273
3.0	0.24548656477288622
4.0	0.24012009007506568
4.0	0.23596995186213468
4.0	0.23414169860445772
4.0	0.23388213848187445
4.0	0.23354968324845687
3.0	0.23323859266661226
4.0	0.23141286171755016
4.0	0.23141286171755016
4.0	0.2303696495604325
4.0	0.2303696495604325
3.0	0.2261577834061191
4.0	0.21773242158072695
3.0	0.2149151997328926
3.0	0.21356635269184243
3.0	0.21335858436417673
4.0	0.21081851067789198
4.0	0.21081851067789192
4.0	0.21081851067789192
4.0	0.2086562123829204
4.0	0.2032046624254982
4.0	0.20254787341673333
4.0	0.20254787341673333
4.0	0.20168779363584427
4.0	0.1971296619662881
3.0	0.19654858579589535
3.0	0.19654858579589535
4.0	0.19518001458970663
3.0	0.19034674690672024
3.0	0.1884336657203579
0.0	0.18837612456057679
3.0	0.1878672873255448
4.0	0.18700983288487377
2.0	0.18700983288487377
4.0	0.1851640199545103
4.0	0.18442777839082938
0.0	0.18289088023757247
3.0	0.18257418583505536
4.0	0.18257418583505536
4.0	0.1809835393575524
4.0	0.17895849739771974
4.0	0.17712297710801905
4.0	0.17712297710801905
4.0	0.17712297710801905
4.0	0.17712297710801905
