True Label: 0.0
4.0	0.27668578554642986
4.0	0.27668578554642986
4.0	0.2545139051903111
4.0	0.2421000623531261
4.0	0.22256595362986287
4.0	0.2176428750330035
4.0	0.20025046972870353
2.0	0.18074256993863336
4.0	0.16222142113076252
4.0	0.15789473684210523
4.0	0.15174424466672096
4.0	0.1452966314513558
4.0	0.13834289277321493
2.0	0.13245323570650436
4.0	0.1302565123238377
4.0	0.13006649542861798
4.0	0.12780429685269148
4.0	0.11846977555181845
4.0	0.11470786693528087
4.0	0.11470786693528087
3.0	0.11470786693528087
4.0	0.11128297681493143
4.0	0.11128297681493143
2.0	0.107433760648385
4.0	0.10740432270821093
4.0	0.10667614941253299
4.0	0.10635399695598369
4.0	0.10526315789473682
4.0	0.10526315789473682
4.0	0.10375716957991118
0.0	0.1025978352085154
4.0	0.10012523486435176
4.0	0.09197090092274487
4.0	0.0917662935482247
2.0	0.0899842541331695
3.0	0.08957179548750233
4.0	0.08913130356431727
4.0	0.08885233166386383
4.0	0.08830215713766958
0.0	0.08813576890402883
4.0	0.08740748201220974
4.0	0.08603090020146065
4.0	0.08603090020146065
4.0	0.08520286456846099
4.0	0.08520286456846099
4.0	0.0845637614364673
4.0	0.08346223261119858
4.0	0.08346223261119858
2.0	0.08240856434303291
4.0	0.08111071056538127
