True Label: 0.0
0.0	0.5877824732420058
2.0	0.294045058646708
4.0	0.256605732820358
4.0	0.2222481086714011
1.0	0.20128130596655194
4.0	0.19611323519163643
0.0	0.19419941799642237
3.0	0.19100958203034224
4.0	0.18762774141763536
2.0	0.17246025956247907
3.0	0.17011870770702592
4.0	0.1646701439583518
4.0	0.15942010234151477
3.0	0.1569248054863464
4.0	0.15585166640588766
4.0	0.15235210300106747
0.0	0.1518442153564378
4.0	0.14996894455831022
3.0	0.14879968675854283
4.0	0.14757011245908377
2.0	0.147022529323354
4.0	0.14348930264706145
4.0	0.13629854400724295
4.0	0.13615102560064407
4.0	0.13610099065993922
3.0	0.13459040556242713
4.0	0.13361016540918041
4.0	0.13361016540918041
3.0	0.13284969296424864
4.0	0.1307633610908407
4.0	0.12909180879012233
4.0	0.12753608187321183
4.0	0.12496320368038395
2.0	0.12360351594954183
4.0	0.12309794932203494
4.0	0.11703513527167576
4.0	0.11660441771265082
4.0	0.11660441771265082
3.0	0.11642297137219944
4.0	0.11593818621357815
4.0	0.11592296525813747
4.0	0.11515911940257603
4.0	0.11420129286953751
4.0	0.11343804780692694
4.0	0.11343804780692694
4.0	0.11339480644936903
4.0	0.11301712446890994
2.0	0.11211794003142754
2.0	0.11211794003142754
4.0	0.11086944834220139
