True Label: 0.0
4.0	0.49999999999999983
3.0	0.19061784987071123
0.0	0.17954621161490197
4.0	0.17880274584741432
4.0	0.1748149640244195
4.0	0.16222142113076254
4.0	0.16055756769971896
4.0	0.16002383544860477
0.0	0.1575633729158136
4.0	0.15737789507292674
4.0	0.147481543202504
4.0	0.14673479641335557
4.0	0.14509525002200233
4.0	0.14441986117263902
2.0	0.13369695534647594
4.0	0.13258405374896495
2.0	0.1325514583642051
4.0	0.12487810821089254
4.0	0.12262786789699316
0.0	0.12082986304673732
4.0	0.1204950466257556
2.0	0.11846977555181847
4.0	0.11831213107007527
4.0	0.11803342130469505
4.0	0.11803342130469505
4.0	0.11529762849335193
4.0	0.11423678540924759
4.0	0.11333107233103684
1.0	0.11295649894498104
1.0	0.11295649894498104
0.0	0.11264088922239575
4.0	0.1124803176664619
3.0	0.11182875974610505
4.0	0.11109166807613785
3.0	0.11092107999698035
0.0	0.11081832770072812
4.0	0.1099328898674075
2.0	0.10968169942141635
2.0	0.10926834468453096
2.0	0.10926834468453096
4.0	0.10763209647786148
4.0	0.10763209647786148
3.0	0.10619884881071831
1.0	0.1049938349430129
3.0	0.10470968989857692
2.0	0.10437669956864912
4.0	0.10408456161200282
4.0	0.10366105360784116
4.0	0.10366105360784116
3.0	0.10351752836959655
