True Label: 0.0
3.0	0.2701563729600079
2.0	0.2697182599595592
3.0	0.2597056905574371
4.0	0.23716893382394474
4.0	0.23052135826937487
4.0	0.22030404580620944
1.0	0.21914608621714188
4.0	0.21683079054922352
1.0	0.2114722130550724
1.0	0.20570032534960525
3.0	0.19524918239576058
0.0	0.1854071049309085
4.0	0.17239291620136735
3.0	0.17034790264528138
4.0	0.16496718065249089
0.0	0.15541746804005227
4.0	0.15061311370164152
0.0	0.14818474149146232
4.0	0.14744195615489714
4.0	0.14100833665930224
4.0	0.13872446115445697
4.0	0.1384437310486346
4.0	0.132756746165005
0.0	0.13214064077187035
1.0	0.1264304343560434
3.0	0.11741748626119386
3.0	0.11657733253012645
3.0	0.11526174899326697
0.0	0.11494271803476605
4.0	0.11355301911460841
2.0	0.1097075711434081
4.0	0.10889310129609416
1.0	0.10800087049052426
1.0	0.10478243557698858
1.0	0.10446143289914156
4.0	0.10425720702853739
4.0	0.10147651372376075
4.0	0.10139759893328554
4.0	0.09829463743659808
4.0	0.09565800961042792
0.0	0.09421683286017897
0.0	0.09003962615518117
4.0	0.08874962836170935
0.0	0.0879173964527716
0.0	0.08750456553355683
4.0	0.08706235898154409
4.0	0.0860189162889078
4.0	0.08483757897365093
4.0	0.08437563270190591
3.0	0.08427009716003844
