True Label: 0.0
1.0	0.17660431427533915
3.0	0.16222142113076252
4.0	0.15294382258037448
4.0	0.15294382258037448
3.0	0.13977653617040256
4.0	0.13245323570650439
4.0	0.13006649542861798
3.0	0.10882143751650175
4.0	0.10814761408717502
4.0	0.10748615458500278
1.0	0.0993399267798783
4.0	0.0983611844205792
4.0	0.09637388493048532
3.0	0.09567297464698798
4.0	0.0936585811581694
3.0	0.0936585811581694
3.0	0.0936585811581694
4.0	0.09197090092274487
3.0	0.09116056881941459
0.0	0.08346223261119858
4.0	0.08111071056538126
4.0	0.07894736842105261
4.0	0.07543142864047142
4.0	0.07336739820667776
2.0	0.07336739820667776
4.0	0.06955186050933215
3.0	0.06882472016116853
4.0	0.06622661785325219
0.0	0.06622661785325218
1.0	0.06362847629757777
4.0	0.06362847629757777
4.0	0.06282808624375433
4.0	0.06131393394849658
3.0	0.06131393394849658
4.0	0.06131393394849658
4.0	0.06131393394849658
4.0	0.059234887775909226
4.0	0.059234887775909226
4.0	0.059234887775909226
4.0	0.057353933467640436
4.0	0.057353933467640436
1.0	0.057353933467640436
4.0	0.05564148840746572
0.0	0.05564148840746572
4.0	0.05564148840746572
4.0	0.05564148840746572
4.0	0.0512989176042577
4.0	0.05073825686188037
3.0	0.05006261743217588
4.0	0.04966996338993915
