True Label: 0.0
2.0	0.20066441395681403
0.0	0.1901530754166114
4.0	0.1726077408559356
3.0	0.16265673587244894
4.0	0.15409859651524083
0.0	0.15077595013849787
4.0	0.1496363511964438
3.0	0.14620811056231764
0.0	0.1447558651874002
4.0	0.1391778001278442
4.0	0.1365811211175299
0.0	0.13427960881291648
4.0	0.1332395442588113
2.0	0.1322625849795648
4.0	0.1286403046832755
4.0	0.12178057511186367
4.0	0.11697186173536493
4.0	0.11537162408205442
3.0	0.11274690420042435
4.0	0.11098379227576713
0.0	0.11071526204365267
4.0	0.10892385771565849
1.0	0.10427889550060047
0.0	0.1025678489927037
2.0	0.10212858423763305
4.0	0.10202298542306511
1.0	0.10188396452292084
4.0	0.09966422615657487
4.0	0.09875904338187498
4.0	0.09858831673826733
4.0	0.09813358399735746
3.0	0.09714729178933956
4.0	0.09664206778384206
3.0	0.09542077918822406
4.0	0.09461115783268209
4.0	0.09461115783268209
0.0	0.0942915887451776
2.0	0.09399572616904153
0.0	0.09315631787264325
4.0	0.09301145060422844
3.0	0.09301145060422844
4.0	0.09263103407916956
2.0	0.09152275758562008
4.0	0.09125110352408582
3.0	0.0909370452571962
4.0	0.09065192181986732
4.0	0.09026976808426487
4.0	0.08851545406995384
2.0	0.08840062636583942
4.0	0.0883202255976217
