True Label: 0.0
3.0	0.15512630699850571
3.0	0.1284985132406471
3.0	0.12478354962115543
0.0	0.12382109909351438
4.0	0.11778854661828336
0.0	0.11764705882352941
0.0	0.10600714067209772
4.0	0.10585122480499264
3.0	0.10249000771134846
1.0	0.09038769075777342
2.0	0.08199200616907877
2.0	0.08134892168199606
4.0	0.08084520834544431
3.0	0.08084520834544431
4.0	0.07974522228289
4.0	0.07756315349925286
0.0	0.07585826061362605
0.0	0.07388505791113109
3.0	0.07337712424513908
4.0	0.07312724241271307
0.0	0.07305950062660078
0.0	0.0727606875108999
4.0	0.07155271401634714
0.0	0.07151985398521515
4.0	0.0707549137677225
2.0	0.06726727939963124
4.0	0.06726727939963124
3.0	0.06528839556196349
3.0	0.06482037235521644
3.0	0.06424925662032355
2.0	0.06369297552984819
2.0	0.061714809662649014
2.0	0.06160411036336974
3.0	0.06149400462680908
4.0	0.06063390625908324
4.0	0.059808916712167495
4.0	0.05970814340265321
4.0	0.05681655143089277
2.0	0.05647324586233916
4.0	0.05626911323682706
4.0	0.0540992006868753
4.0	0.05401697696268037
0.0	0.053485687390061105
4.0	0.052510503151050374
4.0	0.05200509674923438
2.0	0.051971919650642774
4.0	0.05170876899950191
4.0	0.05170876899950191
2.0	0.051062960637854184
1.0	0.05029954548278569
