True Label: 0.0
4.0	0.2842676218074806
4.0	0.17391639824998362
2.0	0.1702294102856503
1.0	0.1550141649063611
4.0	0.14144473746525094
4.0	0.1365293036986376
4.0	0.13572975961581
4.0	0.12830005981991685
4.0	0.11596061378492489
4.0	0.11551721334727869
4.0	0.11501092655705901
2.0	0.11433239009500588
4.0	0.1103536986619551
4.0	0.1103536986619551
4.0	0.10675210253672476
3.0	0.10544913022417739
0.0	0.10519479071120043
4.0	0.10309826235529032
4.0	0.10284855205642489
3.0	0.09931326192185401
4.0	0.09838767544837451
3.0	0.09829463743659808
4.0	0.09828199585241147
4.0	0.09622504486493764
0.0	0.09622504486493764
4.0	0.09622504486493763
4.0	0.09458405897319427
4.0	0.09392392027785751
4.0	0.09335200560186731
4.0	0.09319152234587708
3.0	0.09279742842028042
4.0	0.09231861823449955
4.0	0.09186304243492507
3.0	0.09149778038226825
4.0	0.09128709291752769
4.0	0.09128709291752769
4.0	0.09106678242554023
4.0	0.09072184232530288
4.0	0.09007208651536153
3.0	0.08967571784931438
3.0	0.08963901939370858
4.0	0.08839525379730333
4.0	0.08838834764831845
4.0	0.08703882797784891
4.0	0.0866168583979479
4.0	0.0857492925712544
4.0	0.08512565307587486
4.0	0.08512565307587486
4.0	0.08512565307587486
2.0	0.08511470514282515
