True Label: 0.0
4.0	0.280056016805602
3.0	0.23414645289542352
4.0	0.1846372364689991
4.0	0.1666666666666667
4.0	0.140028008402801
4.0	0.12309149097933274
4.0	0.11410886614690963
4.0	0.1118033988749895
4.0	0.1118033988749895
3.0	0.10379985922153642
4.0	0.10206207261596578
4.0	0.0993399267798783
4.0	0.09622504486493763
4.0	0.0912870929175277
4.0	0.09028938981432692
3.0	0.09016696346674324
4.0	0.08703882797784893
0.0	0.08451542547285168
4.0	0.08333333333333336
4.0	0.08333333333333336
4.0	0.08333333333333336
1.0	0.08333333333333336
4.0	0.08071830037509473
4.0	0.08006407690254358
4.0	0.07715167498104597
4.0	0.07715167498104597
4.0	0.07654655446197432
0.0	0.07654655446197432
4.0	0.07537783614444092
4.0	0.07319250547114
4.0	0.07216878364870323
4.0	0.07216878364870323
4.0	0.07216878364870323
4.0	0.07216878364870323
2.0	0.07181062370267827
4.0	0.07024393586862707
4.0	0.0700140042014005
0.0	0.0700140042014005
4.0	0.0700140042014005
4.0	0.0700140042014005
0.0	0.06873433966234709
4.0	0.06804138174397718
0.0	0.06681531047810611
0.0	0.06681531047810611
0.0	0.06681531047810611
4.0	0.06622661785325219
4.0	0.06622661785325219
3.0	0.06454972243679029
4.0	0.06454972243679029
4.0	0.06299407883487121
