True Label: 0.0
0.0	0.296009052603634
2.0	0.22755204959542974
4.0	0.21501647626876536
4.0	0.2048307037490611
4.0	0.17808764796017457
3.0	0.1748785986673174
4.0	0.17461532967482135
4.0	0.16064926158807488
4.0	0.15533534402501417
4.0	0.14637684281957505
4.0	0.1439165525922309
4.0	0.1439165525922309
3.0	0.14390748498345196
4.0	0.14338647140770538
3.0	0.13134365946750373
4.0	0.12980855668674676
4.0	0.12980855668674676
4.0	0.12799802789742926
3.0	0.12708607104599665
0.0	0.12542834925601648
4.0	0.12489052981459675
4.0	0.12463539056995117
0.0	0.11538994973266312
2.0	0.11377602479771487
4.0	0.1130250197271061
3.0	0.11262576339408971
4.0	0.11188906104989205
4.0	0.11037895715385238
2.0	0.11016316230980794
4.0	0.10793741444417317
4.0	0.10793741444417317
4.0	0.10690911583660444
0.0	0.10642772590553624
0.0	0.10642772590553624
0.0	0.10642772590553624
4.0	0.10619647526489243
4.0	0.1061822175603132
0.0	0.10601036066674165
3.0	0.10503645397539191
4.0	0.10447889882196258
4.0	0.10408314991120328
4.0	0.10379166217405571
2.0	0.10196117956183468
4.0	0.10176437026295687
4.0	0.10176437026295687
2.0	0.101512996383118
4.0	0.10010955477109702
4.0	0.09955402169800052
4.0	0.09955402169800052
2.0	0.09894262990715874
