True Label: 0.0
3.0	0.5253027298693349
4.0	0.476064924475183
1.0	0.39863962449548096
4.0	0.38729038783887054
4.0	0.38713980406364373
3.0	0.37458235841745563
4.0	0.3698914733230456
4.0	0.3621955060485064
4.0	0.3596661933850866
4.0	0.3471306740964876
2.0	0.3426425616194364
4.0	0.3328489772116372
3.0	0.31078711164162165
4.0	0.30665661601978356
3.0	0.3051514524082797
4.0	0.29582368204396925
3.0	0.2944735673212377
4.0	0.2840870424208419
3.0	0.26915198553638375
4.0	0.25907892190230697
4.0	0.257193556271645
0.0	0.2476268750806605
4.0	0.24729786709407447
0.0	0.24654596836771409
4.0	0.24473837549132818
4.0	0.2404706592070497
4.0	0.2350273998043625
4.0	0.23457871581420908
4.0	0.23307345260764167
4.0	0.23143225626225614
2.0	0.2314322562622561
3.0	0.23022328907525955
2.0	0.22849416272642306
4.0	0.22185155946151414
4.0	0.22142664878728674
2.0	0.21003432866365065
0.0	0.20672556077395293
4.0	0.20654104713080007
4.0	0.20654104713080007
4.0	0.2065227392720338
4.0	0.20611920955004043
4.0	0.20504855915155562
1.0	0.20504462313867222
1.0	0.20504462313867222
4.0	0.20481987173804345
3.0	0.20283764194417472
4.0	0.20197669196600238
4.0	0.2007267883857492
4.0	0.2007267883857492
4.0	0.20068166997620138
