True Label: 0.0
4.0	0.3666793988112845
4.0	0.3474041668898255
4.0	0.31755367441497784
4.0	0.3065696697424829
4.0	0.2927700218845599
4.0	0.27153769332085226
4.0	0.2672612419124244
4.0	0.2672612419124244
4.0	0.2654243731222853
4.0	0.2555506259999759
0.0	0.22271770159368698
3.0	0.20982172726556322
4.0	0.20203050891044214
4.0	0.1951800145897066
3.0	0.1949094946889582
3.0	0.19446111706564928
4.0	0.1923511690912504
4.0	0.1920061442949277
4.0	0.1889822365046136
4.0	0.1889822365046136
3.0	0.1889822365046136
4.0	0.18333969940564224
4.0	0.1800205749557739
4.0	0.17928429140015906
4.0	0.17928429140015906
4.0	0.1709408646894569
4.0	0.1690308509457033
4.0	0.1690308509457033
2.0	0.1690308509457033
4.0	0.1690308509457033
3.0	0.16718346377260584
4.0	0.16718346377260584
4.0	0.1636634176769943
4.0	0.16157312221285403
4.0	0.16116459280507603
3.0	0.15881420965409512
3.0	0.15762208124782012
3.0	0.15762208124782012
4.0	0.15398682993655985
4.0	0.15398682993655985
3.0	0.15118578920369088
4.0	0.1505182990156935
4.0	0.14824986333222023
4.0	0.1475422227126635
4.0	0.14580296087995107
4.0	0.14547859349066158
3.0	0.1444000375739939
4.0	0.14285714285714282
4.0	0.14245072057454744
4.0	0.14173667737846019
