True Label: 0.0
3.0	0.16666666666666666
4.0	0.15294382258037448
4.0	0.14294833797837264
4.0	0.1259881576697424
4.0	0.11785113019775793
0.0	0.1178511301977579
4.0	0.1178511301977579
4.0	0.1111111111111111
4.0	0.10959932487023819
4.0	0.10050378152592121
4.0	0.09245003270420485
4.0	0.08574929257125441
4.0	0.08333333333333333
4.0	0.08333333333333333
4.0	0.08206099398622181
4.0	0.08084520834544431
4.0	0.08084520834544431
4.0	0.08084520834544431
4.0	0.07856742013183862
4.0	0.07453559924999298
3.0	0.07273929674533079
4.0	0.07106690545187014
4.0	0.07106690545187014
3.0	0.07106690545187014
4.0	0.06804138174397717
4.0	0.06666666666666667
4.0	0.06537204504606134
4.0	0.06415002990995841
4.0	0.06085806194501845
3.0	0.0601929265428846
3.0	0.0601929265428846
4.0	0.05986843400892497
3.0	0.058520573598065284
0.0	0.05773502691896257
4.0	0.05555555555555555
4.0	0.05407380704358751
4.0	0.053300179088902604
4.0	0.05270462766947299
4.0	0.052057920629535355
4.0	0.050251890762960605
4.0	0.050251890762960605
2.0	0.04914731871829904
4.0	0.048112522432468816
4.0	0.046676002800933654
4.0	0.046225016352102424
4.0	0.046225016352102424
4.0	0.046225016352102424
4.0	0.046225016352102424
4.0	0.04578685464956301
4.0	0.04578685464956301
