True Label: 0.0
3.0	0.0816496580927726
4.0	0.07824607964359515
3.0	0.0761386987626881
1.0	0.06780635036208103
1.0	0.06780635036208103
4.0	0.06085806194501845
4.0	0.057735026918962574
3.0	0.057735026918962574
4.0	0.052704627669472995
4.0	0.05113099925649135
4.0	0.04847149729404465
4.0	0.04714045207910316
4.0	0.04714045207910316
4.0	0.04662524041201569
4.0	0.046373889576016826
4.0	0.04564354645876384
4.0	0.04428074427700476
2.0	0.0408248290463863
3.0	0.0408248290463863
3.0	0.03984095364447979
4.0	0.03984095364447979
4.0	0.03702180485994327
4.0	0.03513641844631533
4.0	0.03480287789935653
3.0	0.034503277967117704
4.0	0.034503277967117704
4.0	0.03403382373905639
3.0	0.032791291789197645
2.0	0.032791291789197645
4.0	0.03131121455425747
4.0	0.030618621784789725
1.0	0.029704426289300225
4.0	0.029386354969211666
3.0	0.02907173287693535
4.0	0.02817180849095055
4.0	0.027369027575198664
4.0	0.027369027575198664
3.0	0.026919095102908273
4.0	0.026352313834736497
4.0	0.026352313834736497
4.0	0.02601574428938419
2.0	0.025882080688195606
2.0	0.025318484177091666
1.0	0.025318484177091666
4.0	0.024999999999999994
2.0	0.024999999999999994
0.0	0.024965349948697733
4.0	0.024845199749997663
4.0	0.024618298195866545
4.0	0.02439750182371333
