True Label: 0.0
4.0	0.2731847986446653
3.0	0.2336199026376709
4.0	0.23096744271857797
3.0	0.2165063509461097
4.0	0.2165063509461097
1.0	0.214422506967559
4.0	0.21419652147673662
4.0	0.19538889157506023
4.0	0.18948418223996677
4.0	0.1846372364689991
2.0	0.18146654657782446
4.0	0.17078251276599335
4.0	0.17010345435994295
4.0	0.16556654463313047
4.0	0.13659239932233266
4.0	0.13638618139749525
2.0	0.13176156917368248
4.0	0.1305582419667734
4.0	0.12936881243767315
4.0	0.12909944487358058
2.0	0.12831622564368414
0.0	0.12757759076995723
4.0	0.12500000000000003
3.0	0.12376844287208429
3.0	0.12325102535131585
4.0	0.12309149097933275
4.0	0.12252450735245088
3.0	0.12129635619574626
2.0	0.11907241805196006
4.0	0.1186447494690624
4.0	0.11860593408951386
4.0	0.11825404121991007
3.0	0.11732881503950524
4.0	0.11589658124319133
4.0	0.11572751247156896
4.0	0.11410886614690964
3.0	0.11377763506746788
0.0	0.11367471543078542
4.0	0.11340808859081936
2.0	0.11322770341445959
4.0	0.11322770341445959
3.0	0.11286173726790864
4.0	0.11111111111111113
4.0	0.11111111111111113
4.0	0.11088319064318594
3.0	0.11028735042288243
4.0	0.10998533626601498
4.0	0.10978875820671
4.0	0.10909127708369401
4.0	0.10879853497231115
