True Label: 0.0
3.0	0.37439877197404187
2.0	0.33104235544094723
4.0	0.3178922273722172
0.0	0.2620143437891427
4.0	0.2617119612951069
4.0	0.2434603024354483
4.0	0.22457930782767732
4.0	0.22298195853149838
4.0	0.21896393648144907
3.0	0.20458334643582904
3.0	0.20161566739134762
3.0	0.19523812982535205
4.0	0.19476824194835865
4.0	0.19409078514116102
3.0	0.19205259638645839
4.0	0.19192210494974504
4.0	0.18861871020072363
4.0	0.1874158281974584
3.0	0.1872936122070739
3.0	0.18719938598702093
4.0	0.17734411898622168
4.0	0.17467279497708235
3.0	0.1729861036234262
4.0	0.17133069613002577
4.0	0.1689343445998715
4.0	0.16786911311775984
4.0	0.16580829186118495
4.0	0.16438356164383564
3.0	0.1630444119429881
4.0	0.16219616676443363
4.0	0.16219616676443363
3.0	0.16145355738101203
3.0	0.160448554862415
4.0	0.15930345396783963
4.0	0.1589461136861086
3.0	0.15826851764978614
0.0	0.15729955716699112
4.0	0.15612656284600637
4.0	0.15607452586064402
4.0	0.15585891328932172
4.0	0.15439371389305323
4.0	0.15439371389305323
4.0	0.15393156857680898
4.0	0.15369823645472547
4.0	0.15369823645472547
4.0	0.1536498534660067
4.0	0.15109947130387483
4.0	0.1500990563686501
4.0	0.14768094372379004
4.0	0.14709233202854316
