True Label: 0.0
4.0	0.22961557339788816
0.0	0.1789584973977198
3.0	0.17895849739771977
3.0	0.17831573790537297
1.0	0.165005729465078
2.0	0.1461507214318566
4.0	0.14351222068025954
3.0	0.13862065601673437
1.0	0.13496784352422153
2.0	0.12871918058696763
0.0	0.128186179620115
1.0	0.12816052735903852
0.0	0.12546210878484682
3.0	0.12298800925361816
4.0	0.11828681053830599
0.0	0.11808198473867937
4.0	0.11534302403727184
4.0	0.1144622395293525
0.0	0.11197633540352386
3.0	0.10780182679063195
0.0	0.10663600451158126
4.0	0.10651074037450896
1.0	0.10041928905068677
0.0	0.09860475355393461
0.0	0.09046625460638012
0.0	0.08734180901977084
0.0	0.08601100891908375
3.0	0.08549917256572245
0.0	0.08496617760555311
0.0	0.0834965721446866
0.0	0.07807498017749699
4.0	0.07749130248475834
4.0	0.07669649888473705
3.0	0.07531446678801507
1.0	0.07456984487516305
4.0	0.07333587976225688
3.0	0.07233393492970544
4.0	0.07134772412317411
3.0	0.06982192152341264
3.0	0.06859943405700353
3.0	0.06818325569182102
4.0	0.06818325569182102
3.0	0.06770610571967288
4.0	0.06712400494644268
1.0	0.06675573372931908
3.0	0.06642111641550716
0.0	0.06577869805511397
4.0	0.06540699401677286
3.0	0.06514105076668272
4.0	0.06459495631696781
