True Label: 0.0
4.0	0.2635338330629128
1.0	0.12794157892978972
4.0	0.11527808354084698
0.0	0.10910894511799618
4.0	0.1018266349953196
4.0	0.09875262246557312
1.0	0.09600307214746386
3.0	0.0944911182523068
2.0	0.0921056568938039
4.0	0.08918825850158447
1.0	0.08806616363031095
0.0	0.08741808392649608
4.0	0.08671099695241198
4.0	0.08671099695241198
2.0	0.08625819491779427
2.0	0.08461562162596584
1.0	0.08451542547285165
4.0	0.08183170883849714
3.0	0.07755667343294813
0.0	0.07754834430513236
2.0	0.07400642650373089
3.0	0.07244179326244427
4.0	0.06900655593423541
4.0	0.06900655593423541
4.0	0.06875238727711584
3.0	0.06813664509445662
4.0	0.06691908788024466
0.0	0.06681531047810609
4.0	0.06648019690992353
4.0	0.06631976363466138
3.0	0.06503324771430899
0.0	0.06474424740545882
4.0	0.0643965793445554
2.0	0.06411705636375013
0.0	0.06223048602337666
4.0	0.06185895741317419
0.0	0.06185895741317419
4.0	0.060436722301903514
4.0	0.05976143046671968
4.0	0.05976143046671968
0.0	0.05848853386196636
0.0	0.05847608816890878
0.0	0.05806779640046103
4.0	0.0563436169819011
4.0	0.0558629192042894
3.0	0.05391117737287643
4.0	0.052414241836095915
0.0	0.05103103630798288
0.0	0.05103103630798288
0.0	0.05103103630798288
