True Label: 0.0
3.0	0.1666126272164485
4.0	0.1628347368197324
4.0	0.16035674514745463
4.0	0.15521549593647763
4.0	0.14969623771302396
2.0	0.14836636618975407
0.0	0.14638501094227999
3.0	0.14638501094227999
4.0	0.14577885922495876
2.0	0.13944333775567924
3.0	0.1286978904175574
3.0	0.12371791482634838
4.0	0.12344267996967354
4.0	0.11952286093343936
4.0	0.11942420399468552
4.0	0.11823664359309582
4.0	0.11498597571034888
4.0	0.11461365101225056
0.0	0.11425177023064202
4.0	0.11085479909473867
4.0	0.11085479909473867
4.0	0.10966992025589656
4.0	0.1091089451179962
1.0	0.10878756313824399
1.0	0.1075298611801841
0.0	0.10540925533894599
4.0	0.10443975563648525
4.0	0.10302801669778637
4.0	0.10237854491849026
2.0	0.10086526884249566
3.0	0.09759000729485333
4.0	0.09720409043419004
2.0	0.09640705439797251
4.0	0.09547032697824666
4.0	0.09496714704969828
0.0	0.09371974928126207
4.0	0.0936281675898539
4.0	0.09356014857063996
4.0	0.09356014857063996
3.0	0.09337385792798468
4.0	0.09304842103984709
4.0	0.09304842103984709
3.0	0.09304842103984709
2.0	0.09197090092274487
1.0	0.09182886083655661
2.0	0.0909241209316635
4.0	0.09002982732126874
4.0	0.08908708063747481
4.0	0.08908708063747481
4.0	0.0890870806374748
