True Label: 0.0
4.0	0.22056968566322255
4.0	0.2080199708758522
3.0	0.19362508405529538
4.0	0.17519257519289672
4.0	0.16598933665636
4.0	0.14124009406989746
4.0	0.13963259188111019
4.0	0.13671718540493266
4.0	0.13509092482170718
2.0	0.13444974485212594
3.0	0.13388433679678116
4.0	0.13134365946750373
3.0	0.13053445140646314
4.0	0.128267268669127
4.0	0.1254602936895611
4.0	0.12367695188202835
4.0	0.12296863546958339
4.0	0.11918791962986107
4.0	0.11918791962986107
4.0	0.11554711093948627
4.0	0.11277305267640524
0.0	0.10802193067811751
0.0	0.10699812209025503
2.0	0.10524493839518112
4.0	0.10441947515323594
4.0	0.10305445599582161
0.0	0.10268020402719027
3.0	0.1011167803507065
4.0	0.10097233316394617
3.0	0.10020561860050525
4.0	0.09947636404618068
4.0	0.09826951512346324
2.0	0.09822052550761405
4.0	0.09821504429856333
2.0	0.09821504429856331
3.0	0.0977706657780148
3.0	0.0977706657780148
2.0	0.09549704950244273
3.0	0.09545095834357914
4.0	0.09485333230752618
4.0	0.09479631196434649
4.0	0.09468876333464082
4.0	0.09409522026717083
4.0	0.09344711805374627
4.0	0.09288103752413637
4.0	0.09242272029731691
4.0	0.09200883327201152
3.0	0.09016742144487447
4.0	0.08987055244703769
4.0	0.08976838826852591
