True Label: 0.0
3.0	0.2822856608015125
3.0	0.23677853202210838
4.0	0.22629428592141426
4.0	0.2204155075111935
4.0	0.21526419295572294
4.0	0.2051956704170308
4.0	0.20329859730010716
4.0	0.19720831861790528
3.0	0.18608073189119673
4.0	0.18025521946972708
4.0	0.17699808135119716
4.0	0.16692446522239715
4.0	0.16692446522239715
4.0	0.16386838133611553
2.0	0.15948561921199633
4.0	0.1548677198759002
4.0	0.15018785229652765
4.0	0.14451832825401997
4.0	0.14451832825401997
4.0	0.1433148727800037
4.0	0.13834289277321493
4.0	0.13834289277321493
4.0	0.13834289277321493
3.0	0.13518451760896877
4.0	0.13245323570650436
4.0	0.12857571271486287
3.0	0.1284985132406471
4.0	0.12780429685269148
3.0	0.12725695259515554
4.0	0.12643263408348143
3.0	0.12385848445401329
4.0	0.12313775728090237
4.0	0.12262786789699316
4.0	0.12262786789699316
4.0	0.12166051171482173
4.0	0.12105003117656306
1.0	0.11980845957463075
4.0	0.1183892660110542
4.0	0.1183892660110542
2.0	0.11803342130469503
4.0	0.11768778828946262
4.0	0.11633501014942217
3.0	0.11514045627789221
3.0	0.11504875287827815
3.0	0.11470786693528087
4.0	0.11441031035900548
0.0	0.11423678540924757
3.0	0.11333875553312905
4.0	0.11248031766646188
4.0	0.11248031766646188
