True Label: 0.0
4.0	0.20981358185407062
4.0	0.18981415059132414
4.0	0.17928429140015906
4.0	0.15811388300841897
4.0	0.14301938838683884
4.0	0.1267731382092775
4.0	0.11952286093343936
4.0	0.11918282365569903
4.0	0.1118033988749895
4.0	0.11180339887498948
4.0	0.10846522890932808
4.0	0.10758287072798381
3.0	0.10112997936948631
4.0	0.09759000729485331
3.0	0.09534625892455922
4.0	0.09534625892455922
4.0	0.09534625892455922
4.0	0.09302605094190634
4.0	0.0921442675250927
4.0	0.08944271909999159
4.0	0.08451542547285165
4.0	0.08427498280790527
4.0	0.08427498280790527
3.0	0.08032193289024989
4.0	0.0778498944161523
1.0	0.07520710469952335
1.0	0.0740797197487192
4.0	0.07150969419341942
4.0	0.07075255592991757
4.0	0.06984302957695782
1.0	0.06946752669712337
0.0	0.06920456654478331
4.0	0.06741998624632421
4.0	0.0670820393249937
4.0	0.06454972243679029
4.0	0.06454972243679029
4.0	0.06454972243679029
4.0	0.06454972243679029
4.0	0.06454972243679027
0.0	0.06211299937499415
4.0	0.06201736729460423
4.0	0.06201736729460423
4.0	0.06201736729460423
4.0	0.06123724356957945
0.0	0.060241449667687415
4.0	0.05976143046671968
4.0	0.05976143046671968
4.0	0.05773502691896257
4.0	0.05773502691896257
1.0	0.05765820050180531
