True Label: 0.0
4.0	0.21081851067789195
4.0	0.2057377999494559
4.0	0.18898223650461363
3.0	0.17025130615174972
4.0	0.16666666666666669
4.0	0.16081688022566923
4.0	0.15396007178390023
4.0	0.14907119849998599
4.0	0.1469861839480328
4.0	0.1466471150213533
4.0	0.1405456737852613
4.0	0.13746434980705374
4.0	0.13608276348795437
4.0	0.13206763594884358
4.0	0.1305582419667734
4.0	0.1301200097264711
4.0	0.12830005981991682
4.0	0.1272937693043289
4.0	0.12422599874998833
4.0	0.12309149097933272
4.0	0.12309149097933272
4.0	0.12309149097933272
4.0	0.12297746456210365
4.0	0.1224840565799001
4.0	0.12220592918446108
4.0	0.12207783679411907
4.0	0.12028130608117203
4.0	0.11785113019775793
4.0	0.11785113019775793
4.0	0.11669000700233416
4.0	0.11669000700233416
4.0	0.1160517706371319
4.0	0.11340230290662863
4.0	0.11340230290662863
4.0	0.11262289639991432
4.0	0.11111111111111113
4.0	0.11111111111111113
2.0	0.11111111111111113
4.0	0.11037769642208697
4.0	0.1095993248702382
4.0	0.10369516947304253
4.0	0.10369516947304253
4.0	0.10317460317460317
4.0	0.10286889997472795
1.0	0.09964687925932518
4.0	0.09938079899999065
4.0	0.09938079899999065
4.0	0.09938079899999065
4.0	0.09622504486493763
4.0	0.09622504486493762
