True Label: 0.0
4.0	0.4094602825521326
4.0	0.3974779513438591
3.0	0.3544203207682074
4.0	0.35370641089500354
3.0	0.3380617018914066
4.0	0.30459298421879816
4.0	0.2958039891549808
4.0	0.2812843385630972
4.0	0.280305955290694
4.0	0.27144835701531844
4.0	0.24655683636076897
4.0	0.23904572186687875
4.0	0.23613633490760053
4.0	0.22934123614693147
3.0	0.22727639589085447
4.0	0.22677868380553634
4.0	0.22360679774997894
4.0	0.21622499104693413
4.0	0.2161438102702613
4.0	0.21602468994692864
4.0	0.21380899352993954
4.0	0.20426036422956262
4.0	0.20299948573528753
4.0	0.202837021134844
4.0	0.20158105227158787
3.0	0.2011869540407391
0.0	0.20044593143431827
4.0	0.19998163705638144
4.0	0.19975354272831383
2.0	0.19920476822239896
4.0	0.19920476822239894
4.0	0.19894334452942297
4.0	0.19894334452942297
4.0	0.1988980632395388
4.0	0.19873897567192955
3.0	0.19850446463129395
4.0	0.19783564706223267
4.0	0.19518001458970669
0.0	0.1938916835823703
3.0	0.19384952863381638
3.0	0.19093374820217524
4.0	0.1901597073139162
3.0	0.18993429409939658
4.0	0.1889822365046136
4.0	0.1889822365046136
1.0	0.18832944617230335
2.0	0.1851640199545103
4.0	0.18448201388042723
4.0	0.18448201388042723
2.0	0.1821530222156749
