True Label: 0.0
4.0	0.3608439182435162
3.0	0.3605714803653087
3.0	0.35665473612479376
4.0	0.33054892214021453
4.0	0.31950482521134693
4.0	0.31108550841912763
4.0	0.30588764516074907
0.0	0.289175872411903
4.0	0.28306925853614895
4.0	0.2702949513597944
4.0	0.2653343152526162
2.0	0.25819888974716115
4.0	0.24504901470490176
3.0	0.2340955459586559
3.0	0.23094010767585035
4.0	0.223606797749979
4.0	0.22222222222222227
4.0	0.21759706994462233
4.0	0.21650635094610968
4.0	0.21076045794082057
4.0	0.21073180760588117
3.0	0.2062394778460764
4.0	0.20412414523193156
4.0	0.20211302086361083
4.0	0.1986798535597566
3.0	0.19802950859533486
4.0	0.19518001458970666
0.0	0.19353468360700946
4.0	0.1846372364689991
4.0	0.18430244519362143
4.0	0.18042195912175807
4.0	0.17677669529663692
4.0	0.17407765595569785
4.0	0.17359126870735342
4.0	0.1721325931647741
4.0	0.17010345435994295
4.0	0.16984155512168936
4.0	0.1636634176769943
4.0	0.16178755723235852
4.0	0.16137430609197573
4.0	0.16012815380508716
4.0	0.1584310626311195
4.0	0.15554275420956382
4.0	0.15386436372416593
2.0	0.15294382258037453
3.0	0.15075567228888184
3.0	0.15048231635721154
3.0	0.14848351873032542
3.0	0.1460124391485443
4.0	0.14433756729740646
