True Label: 0.0
4.0	0.5
4.0	0.23529411764705882
4.0	0.22256595362986287
4.0	0.15512630699850571
4.0	0.15512630699850571
4.0	0.15512630699850571
4.0	0.15512630699850571
4.0	0.1533929977694741
4.0	0.1533929977694741
4.0	0.14625448482542613
4.0	0.14625448482542613
4.0	0.1345345587992625
4.0	0.11778571185788636
4.0	0.11764705882352941
4.0	0.11669000700233415
4.0	0.1143323900950059
4.0	0.1096908636190696
4.0	0.10846522890932808
4.0	0.10585122480499264
4.0	0.09701425001453319
2.0	0.0955394632947723
4.0	0.09513029883089882
4.0	0.09335200560186732
4.0	0.08574929257125442
4.0	0.08574929257125441
4.0	0.08490445135141556
1.0	0.08388269992021519
4.0	0.08084520834544431
4.0	0.07669649888473705
4.0	0.07669649888473705
4.0	0.07312724241271307
4.0	0.07312724241271307
4.0	0.07312724241271307
4.0	0.07312724241271307
4.0	0.07312724241271307
4.0	0.07276068751089988
4.0	0.07231015260621873
4.0	0.06956258747551824
4.0	0.06875238727711584
4.0	0.06875238727711584
2.0	0.0681466275636382
4.0	0.06792356108113244
4.0	0.06726727939963124
4.0	0.06726727939963124
4.0	0.06726727939963124
4.0	0.06698164210336599
4.0	0.06482037235521644
4.0	0.06482037235521644
3.0	0.0632152171780217
4.0	0.06262242910851494
