True Label: 0.0
4.0	0.4382504900892777
2.0	0.25197631533948484
0.0	0.23892385302293107
4.0	0.21912524504463884
4.0	0.19639610121239315
4.0	0.18898223650461365
4.0	0.18002057495577392
2.0	0.17928429140015906
1.0	0.17735496538964377
4.0	0.15651537139470034
4.0	0.15018785229652765
3.0	0.15018785229652765
4.0	0.14638501094227999
0.0	0.14285714285714288
4.0	0.13957263155977062
4.0	0.13801311186847084
4.0	0.13717581529218362
2.0	0.13488539609929068
2.0	0.13488539609929068
3.0	0.13363062095621223
2.0	0.13093073414159545
4.0	0.13028094981238422
4.0	0.12676524101234124
0.0	0.12598815766974242
4.0	0.12598815766974242
0.0	0.12572972015110034
2.0	0.12562643381766433
0.0	0.12198750911856665
4.0	0.12156613477096617
4.0	0.1175792702504431
3.0	0.11572751247156893
4.0	0.11338934190276816
2.0	0.11227217828476796
4.0	0.10694815798662466
4.0	0.10694815798662466
4.0	0.10619884881071831
3.0	0.10527936095153946
4.0	0.10434358092980023
4.0	0.10350983390135314
1.0	0.10350983390135314
4.0	0.10350983390135314
4.0	0.10223972648864955
3.0	0.10192943828752511
0.0	0.10101525445522108
3.0	0.10054522688871671
4.0	0.09983374884595828
4.0	0.09960238411119947
3.0	0.09869275424396536
4.0	0.09869275424396536
4.0	0.09869275424396536
