True Label: 0.0
1.0	0.2417728402451219
0.0	0.17535296718791013
4.0	0.16333965194414124
4.0	0.15284454063380032
2.0	0.14910801984141453
3.0	0.13063144221973072
3.0	0.1302579218051672
3.0	0.1263788195613404
1.0	0.12565983662714195
4.0	0.11956521739130435
4.0	0.11928641587313164
4.0	0.11656310103003922
4.0	0.11612164855362626
4.0	0.11311677196486791
0.0	0.10819281685365761
0.0	0.10782500212545026
0.0	0.10767638041163309
4.0	0.10640706634484358
4.0	0.103209369308428
4.0	0.10237854491849026
3.0	0.10223260251369133
4.0	0.10114434748483471
4.0	0.10102135422603399
3.0	0.100408742467761
4.0	0.099313261921854
4.0	0.09663132552468845
4.0	0.09576635971035923
4.0	0.09443843292997713
4.0	0.09375108348309483
4.0	0.09325048082403138
4.0	0.09325048082403138
4.0	0.08993875008265757
1.0	0.08949387307563464
4.0	0.08527331260241985
0.0	0.08297022339981067
0.0	0.08101084098853821
3.0	0.07944407119985641
4.0	0.07881104062391008
2.0	0.07881104062391008
4.0	0.07881104062391008
4.0	0.0781166566864507
4.0	0.0781166566864507
1.0	0.07699905035090181
4.0	0.07670903406482969
4.0	0.0761386987626881
4.0	0.0761386987626881
3.0	0.0761386987626881
4.0	0.07551203214910351
4.0	0.07524115817860577
0.0	0.07259540086406277
