True Label: 0.0
4.0	0.20365326999063918
4.0	0.20203050891044214
4.0	0.19702760155977517
4.0	0.1951800145897066
4.0	0.1889822365046136
4.0	0.18333969940564224
4.0	0.17546560158589908
4.0	0.17251638983558854
4.0	0.14638501094227996
4.0	0.14173667737846019
4.0	0.1336306209562122
3.0	0.13363062095621217
4.0	0.12964074471043285
4.0	0.12964074471043285
4.0	0.12777531299998796
4.0	0.1272937693043289
4.0	0.1272937693043289
4.0	0.12626906806902632
4.0	0.12371791482634838
4.0	0.12198750911856662
4.0	0.12148858061010873
4.0	0.12076147288491196
4.0	0.11694189527970464
4.0	0.11527808354084698
4.0	0.11396057645963795
4.0	0.10978875820670997
4.0	0.1091089451179962
4.0	0.10829496400017513
4.0	0.10800345616589684
4.0	0.10482848367219183
4.0	0.10350983390135311
4.0	0.10350983390135311
4.0	0.10101525445522107
4.0	0.0997155044021832
4.0	0.0975900072948533
4.0	0.0975900072948533
4.0	0.0975900072948533
4.0	0.09752368720068674
4.0	0.09643959372630745
4.0	0.09643959372630745
4.0	0.09600307214746386
4.0	0.09547032697824667
4.0	0.0944911182523068
4.0	0.0944911182523068
4.0	0.09261982170436853
4.0	0.09166984970282112
4.0	0.09166984970282112
3.0	0.09166984970282112
4.0	0.09078412990032035
4.0	0.08964214570007953
