True Label: 0.0
4.0	0.3692744729379982
0.0	0.24498947175305572
3.0	0.23838355809380388
4.0	0.23094010767585035
4.0	0.19565594803123165
4.0	0.1846372364689991
4.0	0.18298126367785
3.0	0.18298126367784998
0.0	0.18056790630155511
3.0	0.1766274536530668
4.0	0.17323371679589583
3.0	0.16902333146783705
4.0	0.16839382851364085
0.0	0.1665706328547944
4.0	0.1655665446331305
4.0	0.1655665446331305
3.0	0.16390251702679648
3.0	0.16194106887384005
4.0	0.16012815380508716
0.0	0.15975241260567347
4.0	0.15895959176841618
4.0	0.15832512409528093
4.0	0.15430334996209194
4.0	0.1538227731398883
4.0	0.15309310892394867
4.0	0.1527777777777778
3.0	0.15040748168272539
4.0	0.15002479953724476
3.0	0.14921229763095858
4.0	0.14857640593449822
4.0	0.14731391274719743
4.0	0.14691063206231758
4.0	0.14638501094228
0.0	0.1445879362059515
4.0	0.14433756729740646
4.0	0.14359419290989078
3.0	0.14206656045715385
3.0	0.14206656045715385
3.0	0.14164154569623552
4.0	0.14143809546400452
4.0	0.140028008402801
4.0	0.1395363930464869
4.0	0.1388888888888889
4.0	0.1386750490563073
4.0	0.13847792735174932
2.0	0.13608276348795437
3.0	0.13491909482838416
4.0	0.1345305006251579
4.0	0.13245323570650439
4.0	0.13245323570650439
