True Label: 0.0
0.0	0.35742536685366083
4.0	0.2658522658241319
4.0	0.25238308733862125
0.0	0.21436594354420482
0.0	0.17503798979747345
4.0	0.1611168079950227
3.0	0.15770628312808094
2.0	0.15471318693881903
4.0	0.1512673985904092
3.0	0.14737658618664085
1.0	0.1461507214318566
2.0	0.1336917511611279
0.0	0.12606259676496367
3.0	0.12382109909351438
0.0	0.1193638151398557
0.0	0.1168869674248374
1.0	0.11625015228779925
0.0	0.11522515419035939
0.0	0.11483889832725261
4.0	0.11478687946167025
3.0	0.11448333665414699
4.0	0.11345054894280689
1.0	0.11121384909987587
4.0	0.1077284357109812
2.0	0.10762864093670325
0.0	0.10692146977400979
4.0	0.10620161376490417
3.0	0.1042682754951243
0.0	0.10425579051926744
2.0	0.10151838512155537
0.0	0.10109950405656763
3.0	0.09972721235986096
3.0	0.09972721235986096
3.0	0.09957563333869753
4.0	0.09933482129732168
4.0	0.09909129242242502
4.0	0.09521938427231731
2.0	0.09506758637959326
2.0	0.09506758637959326
3.0	0.09504326041992915
4.0	0.09188630773666188
4.0	0.09188630773666187
3.0	0.0907529700813485
1.0	0.09070401864578875
1.0	0.09029194300901837
4.0	0.09002982732126875
3.0	0.08989887477585048
3.0	0.08977369642581766
4.0	0.08932370012631208
4.0	0.08887142532082949
