True Label: 0.0
4.0	0.24253562503633297
4.0	0.16495721976846453
4.0	0.14285714285714285
4.0	0.13468700594029479
3.0	0.13245323570650436
4.0	0.12909944487358055
3.0	0.12828950144769635
4.0	0.12126781251816648
4.0	0.1188643277625491
4.0	0.117563600326971
0.0	0.11664236870396087
4.0	0.11546055130292672
0.0	0.11364216126212369
0.0	0.10692217131196412
4.0	0.10665896379743041
4.0	0.10206207261596575
0.0	0.10164463907684075
0.0	0.10164463907684075
4.0	0.10032098331096906
4.0	0.0938813882485954
3.0	0.09352195295828244
0.0	0.09137173558097589
4.0	0.0893633203101749
1.0	0.08928571428571427
4.0	0.08817334283548109
4.0	0.08748177652797065
0.0	0.08726388882593229
4.0	0.0871420401900598
4.0	0.08661986608440463
0.0	0.08661986608440463
3.0	0.08661986608440463
4.0	0.08649576609748699
4.0	0.0861460984507896
4.0	0.08571428571428572
4.0	0.08417937871268424
2.0	0.08247860988423225
4.0	0.08247860988423225
2.0	0.08247860988423225
4.0	0.08111071056538127
4.0	0.08111071056538127
4.0	0.08099238707340582
4.0	0.08099238707340582
1.0	0.08001600480160055
2.0	0.07985957062499249
4.0	0.07924288517503274
4.0	0.07905694150420947
4.0	0.07905694150420947
4.0	0.07905694150420947
4.0	0.07824607964359515
4.0	0.07824607964359515
