True Label: 0.0
0.0	0.29462782549439487
4.0	0.27872104691767524
0.0	0.2701307813500994
1.0	0.26083601501916664
0.0	0.25041771123531664
3.0	0.24618298195866548
4.0	0.23354968324845693
3.0	0.19910804339600105
3.0	0.18057877962865385
4.0	0.157485197087178
0.0	0.15745916432444343
0.0	0.1574591643244434
1.0	0.14638501094227999
4.0	0.1395363930464869
1.0	0.1336306209562122
4.0	0.12962962962962962
0.0	0.12216944435630524
4.0	0.08908708063747481
3.0	0.07883602747994004
3.0	0.06804138174397718
4.0	0.06454972243679029
4.0	0.06454972243679029
0.0	0.06337242505244779
1.0	0.06262242910851495
4.0	0.06154574548966637
3.0	0.06019292654288461
0.0	0.06019292654288461
0.0	0.057228569528738685
4.0	0.05634361698190112
3.0	0.052704627669472995
4.0	0.052704627669472995
0.0	0.05184758473652127
0.0	0.05025189076296061
4.0	0.05025189076296061
4.0	0.048795003647426664
4.0	0.048112522432468816
0.0	0.048112522432468816
3.0	0.048112522432468816
3.0	0.047457899787624956
4.0	0.04564354645876385
0.0	0.04508348173337162
3.0	0.044543540318737404
3.0	0.04351941398892446
4.0	0.04351941398892446
3.0	0.042562826537937436
2.0	0.04210759605332595
4.0	0.04166666666666668
4.0	0.04166666666666668
4.0	0.03928371006591931
4.0	0.038575837490522985
