True Label: 0.0
4.0	0.22041550751119346
3.0	0.20871953325897305
4.0	0.20512820512820512
4.0	0.19594670432025912
3.0	0.19277164398874674
4.0	0.1849000654084097
1.0	0.17841031003501578
4.0	0.177607501439777
4.0	0.17295817388759027
3.0	0.16694514082354445
4.0	0.16269036695641684
4.0	0.15534712747612348
4.0	0.1486011668184866
2.0	0.14617633655117152
4.0	0.14322297480788657
4.0	0.14131671592979875
4.0	0.13932155628620455
4.0	0.13655774839978377
4.0	0.1320989873168695
4.0	0.1320989873168695
3.0	0.12958900583523497
3.0	0.12919817564850816
4.0	0.12815484182225426
1.0	0.12810252304406972
4.0	0.12659242088545833
4.0	0.11503946170861017
4.0	0.11408658578622727
2.0	0.11322770341445958
3.0	0.11081861572869366
3.0	0.11081861572869366
1.0	0.11039892086155285
0.0	0.11027943360301598
4.0	0.10872991400366036
4.0	0.10872991400366036
4.0	0.10840727259799847
2.0	0.10826639239215334
3.0	0.1081928168536576
4.0	0.10801901301958443
3.0	0.10765298013309717
4.0	0.10699012312772824
4.0	0.10675210253672475
4.0	0.10561576401578021
4.0	0.10561576401578021
4.0	0.10529962529853128
3.0	0.10390486669322622
4.0	0.10241831129983783
4.0	0.10241831129983783
4.0	0.10127393670836667
4.0	0.09709195467257717
4.0	0.09709195467257717
