True Label: 0.0
4.0	0.19338076916709301
4.0	0.16927779169233603
4.0	0.14659886790209345
4.0	0.13245323570650439
4.0	0.12983013961742002
3.0	0.12707606131310362
4.0	0.1261618331723417
4.0	0.12411432056761819
3.0	0.12096414962536436
4.0	0.12014420959119786
4.0	0.11928286867968778
4.0	0.11707322644771173
4.0	0.112956498944981
4.0	0.11243619908556621
2.0	0.1121413706226361
4.0	0.1104736353332215
4.0	0.11037769642208699
3.0	0.10890655402346602
4.0	0.10619884881071831
4.0	0.10259783520851541
4.0	0.10259783520851541
3.0	0.09984038297885897
4.0	0.09984038297885897
4.0	0.09872481295984874
4.0	0.09637388493048532
2.0	0.09549356299256653
3.0	0.09334163073596638
4.0	0.09296394674096273
4.0	0.09183979479633064
4.0	0.09116056881941459
4.0	0.09116056881941459
4.0	0.09086217008485094
0.0	0.09048278567177283
4.0	0.08830215713766959
4.0	0.08788123877225702
3.0	0.08771929824561406
3.0	0.08471737420873575
4.0	0.08463889584616802
4.0	0.08310187492698515
4.0	0.08278327231656524
4.0	0.08265581531669758
4.0	0.08265581531669758
3.0	0.08111071056538129
4.0	0.08031157077540443
4.0	0.08031157077540443
4.0	0.07947194142390264
4.0	0.07947194142390264
4.0	0.07888067964762194
3.0	0.07830603067752898
4.0	0.07830603067752896
