True Label: 0.0
4.0	0.29319773580418684
4.0	0.20341905108624309
4.0	0.19999999999999996
4.0	0.1951800145897066
4.0	0.19462473604038072
3.0	0.19452678699741785
4.0	0.19364916731037082
3.0	0.19034674690672024
4.0	0.18549555830406728
4.0	0.18257418583505536
2.0	0.17722938923964165
4.0	0.17457431218879388
3.0	0.17457431218879388
3.0	0.15491933384829668
4.0	0.1522773975253762
0.0	0.15214515486254615
4.0	0.15109947130387485
4.0	0.14085904245475275
3.0	0.13912166872805048
3.0	0.13869638860387629
4.0	0.13801311186847084
4.0	0.13801311186847084
0.0	0.13315591032282684
3.0	0.13284223283101426
4.0	0.13140086396352085
4.0	0.13009893936608252
3.0	0.12909944487358055
4.0	0.12909944487358055
4.0	0.12909944487358055
4.0	0.12909944487358055
4.0	0.12524485821702988
4.0	0.12524485821702988
4.0	0.1224744871391589
4.0	0.12171612389003691
4.0	0.11547005383792514
2.0	0.11547005383792514
4.0	0.11547005383792514
4.0	0.11336404025302714
3.0	0.1126872339638022
4.0	0.11236664374387367
4.0	0.1118033988749895
4.0	0.11009637651263604
4.0	0.11009637651263604
4.0	0.11009637651263604
4.0	0.11009637651263604
3.0	0.10846522890932808
4.0	0.10846522890932807
4.0	0.10801234497346432
3.0	0.10767638041163309
4.0	0.10767638041163309
