True Label: 0.0
4.0	0.4714045207910316
3.0	0.4216370213557839
0.0	0.16666666666666666
2.0	0.15713484026367724
4.0	0.14907119849998596
4.0	0.14285714285714285
2.0	0.13608276348795434
4.0	0.10540925533894598
4.0	0.10540925533894598
1.0	0.09673016668133488
4.0	0.07647191129018724
4.0	0.07066652533375734
3.0	0.04914731871829904
1.0	0.047619047619047616
2.0	0.04578685464956301
4.0	0.0445435403187374
4.0	0.043033148291193514
4.0	0.03928371006591931
4.0	0.03823595564509362
4.0	0.03823595564509362
3.0	0.03823595564509362
4.0	0.03823595564509362
3.0	0.03726779962499649
4.0	0.036369648372665396
4.0	0.0314970394174356
4.0	0.0314970394174356
4.0	0.0314970394174356
4.0	0.031108864440917205
0.0	0.030949223029508643
4.0	0.03059950306810523
4.0	0.030429030972509225
1.0	0.029934217004462478
2.0	0.028925422270859303
3.0	0.02817180849095055
4.0	0.027692438781085564
4.0	0.027399831217559546
4.0	0.026425821129084495
4.0	0.026352313834736494
4.0	0.026352313834736494
4.0	0.026048822172152118
4.0	0.026028960314767677
4.0	0.025031308716087945
3.0	0.024914503091731197
4.0	0.02457365935914952
4.0	0.024056261216234408
4.0	0.024056261216234408
0.0	0.023931938620591273
2.0	0.02392438950985597
4.0	0.023570226039551584
4.0	0.023338001400466827
