True Label: 0.0
0.0	0.2151821406588767
0.0	0.1905302032918164
0.0	0.16122923187750418
0.0	0.1500468969841066
0.0	0.13637755173041208
0.0	0.125391373370258
0.0	0.11598220191017661
0.0	0.1087454495654074
0.0	0.10700403963703888
0.0	0.10184171812255001
0.0	0.10151294522759395
1.0	0.10108864927040555
3.0	0.09877295966495897
0.0	0.09838022268349253
0.0	0.09782903259380449
0.0	0.09771003753871507
0.0	0.09678879559864771
0.0	0.09639253854237598
1.0	0.09563650695950074
2.0	0.09542374472273958
4.0	0.09391318550208924
1.0	0.09354271784300335
0.0	0.09166897631975714
4.0	0.09016696346674324
0.0	0.08805605945080529
1.0	0.08300831288919683
2.0	0.08277192825727026
2.0	0.08155908717405554
4.0	0.08126550959862477
0.0	0.0810885622801009
0.0	0.0810885622801009
2.0	0.07857340827407754
0.0	0.07808688094430304
4.0	0.07578292430727832
4.0	0.07513913622228603
0.0	0.0751283776462217
2.0	0.07413766244021276
2.0	0.07413766244021276
4.0	0.0737851670126194
4.0	0.0737851670126194
1.0	0.07362101738323104
1.0	0.07329765414738601
0.0	0.0725018488207177
1.0	0.0725018488207177
0.0	0.07154873142361845
4.0	0.07109391190546029
0.0	0.06984302957695782
1.0	0.06966779035124639
0.0	0.06950405853769946
1.0	0.06887675637968181
