True Label: 0.0
2.0	0.15756771943166706
0.0	0.11573861377084657
2.0	0.10107973914385379
3.0	0.09197658427828392
2.0	0.09172220120342726
3.0	0.09104463009115371
4.0	0.08738604149508325
0.0	0.08734373989235099
3.0	0.0864364759104401
3.0	0.0843199095011761
3.0	0.08337966824563375
2.0	0.08304547985373996
2.0	0.08030480759121397
3.0	0.0796741010771075
1.0	0.07940203699626316
2.0	0.07879688507092227
4.0	0.07580980435789035
3.0	0.07580980435789035
3.0	0.07580980435789034
0.0	0.07463675983519241
4.0	0.07172364328692438
1.0	0.070607783407285
4.0	0.07018624063435963
4.0	0.07018624063435963
4.0	0.06949232066139949
4.0	0.06892931400379636
4.0	0.06868828247317466
2.0	0.06654515005710032
3.0	0.06623065249444837
4.0	0.06606227469540413
4.0	0.06565321642986129
3.0	0.06565321642986127
0.0	0.063077570029677
3.0	0.0625978857295168
4.0	0.06228410989030497
4.0	0.06228410989030497
3.0	0.06189844605901729
3.0	0.06177147475391077
1.0	0.06151985873962964
2.0	0.0611406179246457
4.0	0.060424462088307054
0.0	0.05970258547797379
1.0	0.05943962929568426
2.0	0.059108008922335725
0.0	0.058722021951470346
4.0	0.058722021951470346
4.0	0.058582704977137294
2.0	0.05808023194967747
4.0	0.05690479370493014
4.0	0.05690479370493014
