True Label: 0.0
4.0	0.37721676807715887
4.0	0.3289758474798845
4.0	0.2727272727272727
4.0	0.2727272727272727
4.0	0.23354968324845687
0.0	0.2193817272381392
4.0	0.21536524612697402
4.0	0.17407765595569782
3.0	0.16116459280507606
4.0	0.1574591643244434
4.0	0.1556997888323046
4.0	0.1531679162134967
4.0	0.15228622596829317
4.0	0.14625448482542613
4.0	0.1421338109037403
3.0	0.13957263155977062
4.0	0.13483997249264842
4.0	0.1315903389919538
0.0	0.128564869306645
4.0	0.12856486930664499
4.0	0.12856486930664499
4.0	0.12309149097933275
4.0	0.12087344460380704
4.0	0.12087344460380704
4.0	0.12060453783110546
4.0	0.11980845957463077
4.0	0.11677484162422844
4.0	0.11677484162422844
4.0	0.11631052629980887
4.0	0.11197850219117086
4.0	0.1037571695799112
0.0	0.10050378152592121
3.0	0.09897594780811197
3.0	0.09731236802019037
4.0	0.09534625892455924
4.0	0.09430419201928972
4.0	0.09417632186960223
4.0	0.09329556203566843
4.0	0.09090909090909091
4.0	0.09090909090909091
4.0	0.09000450033752813
4.0	0.0886968593983624
4.0	0.08703882797784893
4.0	0.08703882797784893
4.0	0.08703882797784893
4.0	0.08703882797784893
1.0	0.08480006566249601
4.0	0.08362420100070908
0.0	0.08324089477650336
4.0	0.08257228238447704
