True Label: 0.0
1.0	0.5338137972631636
0.0	0.4698527499941865
3.0	0.38846348614837245
4.0	0.36623351038235724
4.0	0.3632995072753774
0.0	0.36171447178434635
4.0	0.3467943681051926
3.0	0.30317017847058475
4.0	0.2662540210094558
1.0	0.25015959146215216
0.0	0.2501595914621521
4.0	0.24743582965269678
4.0	0.2419553954370992
3.0	0.23036964956043252
0.0	0.2177951556205486
0.0	0.1990365919423376
4.0	0.18731716231633883
3.0	0.1839507307865267
3.0	0.18192024671345164
4.0	0.1797639524803984
4.0	0.17563460416685409
4.0	0.16735967034880078
4.0	0.1660929414988223
2.0	0.1404878717372541
1.0	0.1391788018992191
0.0	0.13245323570650436
4.0	0.12171612389003693
4.0	0.11785113019775793
4.0	0.11111111111111113
4.0	0.10675210253672476
4.0	0.10481572188821145
3.0	0.10390122789237295
3.0	0.10286889997472795
4.0	0.09856283612727638
3.0	0.09705729891056204
3.0	0.09651100402393102
3.0	0.09316612939941984
4.0	0.09118611158914357
4.0	0.08771944271074252
1.0	0.08758230904089802
4.0	0.08703882797784893
4.0	0.08641264122753545
4.0	0.08597799245053851
4.0	0.08569688226976326
4.0	0.0839921051131616
2.0	0.08344140810470115
4.0	0.0829104720807569
4.0	0.08168300490163391
4.0	0.08142831970030646
4.0	0.07954545454545454
