True Label: 0.0
4.0	0.3104611843449113
0.0	0.25979436665882194
1.0	0.24642612570381567
0.0	0.23557606388139093
4.0	0.22160919423440179
2.0	0.21436594354420482
4.0	0.1961308690802159
0.0	0.1892667050071332
4.0	0.18455878427235392
0.0	0.1668478064513176
0.0	0.16671805465748685
3.0	0.16669496721873142
4.0	0.15745916432444343
0.0	0.1499923475244192
4.0	0.1438250224010468
3.0	0.13436308338603997
0.0	0.13269099076359303
3.0	0.13269099076359303
1.0	0.128186179620115
0.0	0.12777853245431406
1.0	0.12709154611926762
1.0	0.12293152796051149
0.0	0.12026142323020866
4.0	0.11752602301232419
4.0	0.1116599282819358
0.0	0.10913546327250562
4.0	0.10660035817780521
3.0	0.10613040574309426
3.0	0.10546216244134511
3.0	0.10502100630210073
4.0	0.10445895631164906
4.0	0.10425720702853739
4.0	0.10227272727272728
1.0	0.10227272727272727
4.0	0.10085458113185984
1.0	0.09784331549037273
4.0	0.09718590614997251
4.0	0.09717765292027311
3.0	0.09690941652527747
4.0	0.09639500136221266
4.0	0.0948372781162794
1.0	0.09426833588458411
4.0	0.09389050536260404
2.0	0.0927837023781507
4.0	0.09218371622435903
4.0	0.0921712620061151
4.0	0.09206394569901359
4.0	0.09147550817044595
4.0	0.09128709291752768
3.0	0.09117925225032704
