True Label: 0.0
3.0	0.17648794279159083
4.0	0.17159653777223283
3.0	0.16273248289448056
4.0	0.14608968794080393
4.0	0.1404606344514945
0.0	0.1386913492111945
0.0	0.1363043736074725
1.0	0.13354123131605417
4.0	0.13287979975578576
4.0	0.13196323816836228
3.0	0.13120002513035628
2.0	0.1294082193319429
2.0	0.126663831268897
3.0	0.12553143712452428
4.0	0.12176018987175119
4.0	0.12176018987175119
2.0	0.12021610235432206
4.0	0.1186905815692876
3.0	0.11838676850871772
3.0	0.11838676850871772
1.0	0.11829954120828479
4.0	0.11778638544308341
2.0	0.1177177733411216
4.0	0.11764436554858845
1.0	0.11726036151349564
1.0	0.11701460933374257
4.0	0.116708507378903
0.0	0.11573861377084657
0.0	0.11539957235311302
0.0	0.11526316351695041
4.0	0.1143390627373469
2.0	0.1115795371136522
1.0	0.11134513020903261
4.0	0.1102841654084365
3.0	0.11027806856087255
0.0	0.11026812757436516
1.0	0.11017987775824796
4.0	0.10958954886865374
4.0	0.1062448821240248
3.0	0.10366550044967793
0.0	0.10342232237045859
3.0	0.10337012088488234
3.0	0.1031036236807086
4.0	0.10246520501183184
1.0	0.10162035484325474
3.0	0.10120668016122479
2.0	0.10071960496475714
1.0	0.09983432268063623
4.0	0.0998306398037151
3.0	0.0998296543622553
