True Label: 0.0
3.0	0.34063937335442646
4.0	0.33600511319059645
4.0	0.3032248155309842
4.0	0.30048115508062645
4.0	0.27914526311954124
4.0	0.26928853702142336
4.0	0.26013299085723596
4.0	0.23904572186687872
4.0	0.22677868380553634
4.0	0.22360679774997894
2.0	0.22237479499833035
4.0	0.21677749238102995
4.0	0.21128856368212914
4.0	0.1920061442949277
3.0	0.19153271942071842
3.0	0.1889822365046136
4.0	0.1781741612749496
4.0	0.17684210758205654
4.0	0.17416604977346511
4.0	0.17342199390482396
4.0	0.1690308509457033
4.0	0.16800255659529822
4.0	0.16678109624874776
4.0	0.16442642142942065
3.0	0.16391478685439603
4.0	0.1636634176769943
4.0	0.1636634176769943
4.0	0.16366341767699427
4.0	0.16116459280507606
4.0	0.16116459280507603
4.0	0.15724272550828775
3.0	0.1569449170487236
3.0	0.1569449170487236
4.0	0.1565750251438247
2.0	0.1559023911155809
4.0	0.1558129924092702
4.0	0.1543033499620919
3.0	0.15246164126793132
4.0	0.14940357616679922
4.0	0.14824986333222023
4.0	0.14747708842932605
3.0	0.14584583779923696
2.0	0.14547859349066158
2.0	0.1440046082211958
1.0	0.14037248126871926
3.0	0.140152977645347
4.0	0.13980819735027
2.0	0.13801311186847082
4.0	0.13791932109184263
4.0	0.13750477455423168
