True Label: 0.0
4.0	0.5000000000000001
4.0	0.25617376914899
4.0	0.24021525542732797
4.0	0.22268849079920194
4.0	0.2139114834310732
4.0	0.20225995873897262
4.0	0.1992047682223989
3.0	0.16502739940140698
4.0	0.15971914124998499
1.0	0.14992352790734176
4.0	0.149071198499986
4.0	0.14433756729740643
4.0	0.14433756729740643
4.0	0.13801311186847084
4.0	0.13649512803842256
3.0	0.13607784178001997
4.0	0.13116516715679058
3.0	0.12909944487358058
2.0	0.1285058810634358
3.0	0.12584790953797578
4.0	0.12346619958119871
4.0	0.12240769277577576
3.0	0.12112034878123863
3.0	0.12042474265726208
2.0	0.11961651377587032
4.0	0.11928641587313162
4.0	0.11785113019775792
4.0	0.11414351433835285
3.0	0.11172584819014515
4.0	0.11170680844756323
4.0	0.1098967455659645
4.0	0.1098967455659645
4.0	0.10895886025398807
4.0	0.10840342283956415
4.0	0.1069557417155366
3.0	0.10660035817780522
4.0	0.10606601717798213
4.0	0.10490679092703531
4.0	0.10490679092703531
4.0	0.10476454436543672
4.0	0.10357099185877257
4.0	0.10350983390135314
4.0	0.10259783520851541
4.0	0.10259783520851541
4.0	0.10164463907684076
4.0	0.10164463907684076
4.0	0.10077822185373189
4.0	0.1
4.0	0.1
4.0	0.09960238411119945
