True Label: 0.0
3.0	0.32775470473172374
4.0	0.3077935056255462
4.0	0.28749445424997294
4.0	0.25927901912051726
4.0	0.2480694691784169
4.0	0.2051956704170308
4.0	0.19999999999999998
3.0	0.195286101972983
4.0	0.18257418583505539
4.0	0.17897877584746397
4.0	0.17610411189931968
4.0	0.17460757394239454
0.0	0.16770509831248423
4.0	0.1616674476707158
4.0	0.15169496905422947
4.0	0.15169496905422947
3.0	0.1510088991933086
4.0	0.15
3.0	0.14940357616679922
4.0	0.14700162286241267
4.0	0.14659886790209342
4.0	0.14374722712498647
4.0	0.14338192227236238
4.0	0.14314958357846708
4.0	0.14301938838683884
4.0	0.1414213562373095
4.0	0.13801311186847084
4.0	0.13762047064079505
0.0	0.13733756639338396
4.0	0.1357445927633974
4.0	0.1357445927633974
3.0	0.13416407864998736
4.0	0.13333333333333333
4.0	0.1318760946791574
4.0	0.1318760946791574
4.0	0.1315587028960544
4.0	0.13046561461068845
4.0	0.12909944487358058
2.0	0.12801546729290464
2.0	0.12678097217426004
2.0	0.12572371141874242
4.0	0.12532010295690074
4.0	0.12498972841939182
4.0	0.12403473458920845
3.0	0.12403473458920845
0.0	0.12403473458920844
0.0	0.12335879094879222
4.0	0.12048289933537483
4.0	0.11858541225631421
4.0	0.11798497593106737
