True Label: 0.0
2.0	0.11008956846288077
3.0	0.08178608201095307
0.0	0.07134772412317411
3.0	0.06882327126544589
1.0	0.06537204504606135
0.0	0.06459178807985831
4.0	0.06362847629757777
3.0	0.06201736729460423
4.0	0.06201736729460423
0.0	0.06163335513613657
4.0	0.05981486045545792
4.0	0.05913123959890826
4.0	0.05913123959890826
3.0	0.056613851707229795
2.0	0.054305870306685336
2.0	0.053816356113702196
1.0	0.05337605126836238
4.0	0.05236232083094429
2.0	0.05063696835418333
3.0	0.049029033784546004
4.0	0.04869206048708966
1.0	0.048192910997186686
4.0	0.04622501635210243
3.0	0.04292398989303268
3.0	0.042295493443781355
2.0	0.040893041005476534
0.0	0.040646376723980394
0.0	0.04045566970313674
1.0	0.04003203845127179
4.0	0.03922322702763681
3.0	0.03883678186903087
4.0	0.038461538461538464
4.0	0.038461538461538464
0.0	0.03782046792444744
3.0	0.03733006833947206
4.0	0.037062465833055065
0.0	0.037062465833055065
3.0	0.03580574370197164
4.0	0.03580574370197164
4.0	0.035414412348741424
3.0	0.03522349768381735
1.0	0.03522349768381735
2.0	0.03503563769002888
4.0	0.03466876226407682
0.0	0.03433508017497366
0.0	0.033883707378584864
4.0	0.03363363969981562
4.0	0.03363363969981562
4.0	0.032686022523030676
4.0	0.03223356259467385
