True Label: 0.0
1.0	0.4458472960839867
4.0	0.39036002917941326
0.0	0.3677473252630061
3.0	0.36623351038235724
3.0	0.351382110749967
4.0	0.3330259719647587
0.0	0.3160514472041247
0.0	0.3136561361440702
4.0	0.2576278631216972
4.0	0.2500216440847122
1.0	0.23914335132647974
3.0	0.21947762087548445
4.0	0.21723492176893444
0.0	0.1993421034805062
3.0	0.19633669895110234
3.0	0.19576004562947108
4.0	0.18516401995451032
1.0	0.18122009407318745
0.0	0.17856841468222132
4.0	0.1741430863868585
4.0	0.16973368495830113
4.0	0.15494494670022807
1.0	0.1508877622505137
1.0	0.14819171472698972
3.0	0.14467925450979954
4.0	0.127775312999988
4.0	0.1268540658512312
4.0	0.1250152615835988
4.0	0.12313775728090237
4.0	0.12207783679411907
4.0	0.11952286093343939
4.0	0.11736911946539276
3.0	0.11652682398149183
4.0	0.11598902298689068
4.0	0.1138550085106622
4.0	0.10251356592513192
4.0	0.09897433186107871
0.0	0.09759000729485334
4.0	0.09759000729485333
4.0	0.09673518784288834
4.0	0.09640225504243013
4.0	0.095831484749991
4.0	0.09562960652968121
4.0	0.09562960652968121
2.0	0.09498713802919553
4.0	0.09390602830316852
4.0	0.09295457490296918
4.0	0.09284025876335442
4.0	0.09258200997725516
2.0	0.09200874124564724
