True Label: 0.0
4.0	0.5089038334989334
4.0	0.44571242241930276
3.0	0.41056451645394626
4.0	0.3852347298744614
4.0	0.37913645868402124
4.0	0.3457820374040623
4.0	0.3364595182238408
2.0	0.3172083195826086
4.0	0.3143473067309657
4.0	0.30799620140360723
4.0	0.3009646327144231
4.0	0.27975144247209416
4.0	0.26946120806176077
4.0	0.26697534996903843
3.0	0.2637521893583148
4.0	0.2528608687120868
0.0	0.24077170617153845
3.0	0.23762422826087873
3.0	0.23344976391192052
4.0	0.2323209277987099
2.0	0.23022328907525955
2.0	0.22913326005048193
4.0	0.22757478184087812
0.0	0.22455693714251102
3.0	0.2243176793289664
4.0	0.22227711223719354
2.0	0.21889686078185677
4.0	0.21541253478209937
4.0	0.20851441405707477
4.0	0.2044652050273827
4.0	0.20432574937512776
0.0	0.20348923188911994
4.0	0.20228869496966945
4.0	0.20228869496966945
4.0	0.202042708452068
0.0	0.1978141420187361
4.0	0.19054287961914104
4.0	0.18956822934201062
3.0	0.18860838403857944
4.0	0.1872514715682846
4.0	0.18552705963032046
4.0	0.1852902156248077
4.0	0.18430244519362143
4.0	0.18248971940174205
3.0	0.18200630207731605
4.0	0.18200630207731605
1.0	0.18148850216015694
1.0	0.18148850216015694
0.0	0.18076561752615214
4.0	0.1796624624013439
