True Label: 0.0
4.0	0.49999999999999983
4.0	0.49999999999999983
4.0	0.1951800145897066
3.0	0.1636634176769943
4.0	0.14173667737846019
4.0	0.11952286093343936
3.0	0.11821656093586509
4.0	0.09869275424396534
4.0	0.0975900072948533
4.0	0.0944911182523068
4.0	0.09320546490018
2.0	0.0890870806374748
4.0	0.0890870806374748
4.0	0.08671099695241198
4.0	0.08671099695241198
2.0	0.08451542547285165
4.0	0.08183170883849715
4.0	0.07938841860374446
4.0	0.07412493166611012
4.0	0.07273929674533079
4.0	0.07273929674533079
4.0	0.07273929674533079
1.0	0.07273929674533079
4.0	0.07142857142857141
4.0	0.07142857142857141
0.0	0.07018624063435963
3.0	0.06788442333021306
0.0	0.06784066926615714
4.0	0.06681531047810609
3.0	0.06681531047810609
4.0	0.06388765649999398
4.0	0.0629940788348712
4.0	0.0629940788348712
4.0	0.06052275326688024
4.0	0.060138477932426354
4.0	0.05976143046671968
4.0	0.059108280467932546
4.0	0.059028133610095526
4.0	0.05763904177042349
0.0	0.05698028822981897
4.0	0.05698028822981897
4.0	0.05698028822981897
4.0	0.05698028822981897
4.0	0.05698028822981897
4.0	0.055131784641997125
4.0	0.0545544725589981
4.0	0.0545544725589981
4.0	0.05399492471560388
3.0	0.052925612402496304
4.0	0.052414241836095915
