True Label: 0.0
4.0	0.4532984139116245
4.0	0.43031115501174144
4.0	0.40701932201208785
3.0	0.3969058409438471
3.0	0.33698777191602386
4.0	0.32878573503006703
4.0	0.31860690793567925
3.0	0.30630490234793484
4.0	0.303785299662897
4.0	0.303455492487535
4.0	0.303455492487535
4.0	0.29429694828409747
4.0	0.2926028679903264
2.0	0.2875430708824757
4.0	0.2754438892829332
4.0	0.2702949513597944
4.0	0.2654243731222853
4.0	0.2641219885556169
2.0	0.2617119612951068
3.0	0.2574905238314873
0.0	0.2482817665807104
4.0	0.24159485970495043
4.0	0.23408229439226114
4.0	0.22245516710084084
4.0	0.2220699630592816
4.0	0.21761921176845594
4.0	0.21703470119700258
4.0	0.21305750365969206
3.0	0.21173540197217566
4.0	0.21173540197217566
4.0	0.19870653453128084
3.0	0.1891369382683098
3.0	0.18885391917852928
4.0	0.18768337412695635
4.0	0.18768337412695635
3.0	0.18065152032833254
4.0	0.18019663423986293
4.0	0.1798570887445877
4.0	0.17808219178082194
4.0	0.17556172079419585
4.0	0.17556172079419585
3.0	0.17083336359718304
0.0	0.16900621626642862
4.0	0.16816968473377
4.0	0.16762385989463907
4.0	0.16561967292569157
0.0	0.16438356164383564
4.0	0.1611064840623164
3.0	0.15933895251252067
3.0	0.15826851764978614
