True Label: 0.0
4.0	0.2893187811789223
4.0	0.26650089544451305
4.0	0.26516504294495535
4.0	0.25607375986579195
3.0	0.2551551815399144
4.0	0.22941573387056174
4.0	0.223606797749979
4.0	0.20782257302089557
4.0	0.20539595906443728
4.0	0.20203050891044216
4.0	0.19521720236075757
4.0	0.19364916731037082
4.0	0.1889822365046136
4.0	0.1767766952966369
3.0	0.17500000000000002
4.0	0.16960013132499205
3.0	0.16204530402191716
1.0	0.1523892288326842
4.0	0.15158476564770812
0.0	0.14433756729740646
4.0	0.14433756729740646
4.0	0.14433756729740646
4.0	0.13875846262719205
3.0	0.13671718540493266
4.0	0.13638618139749525
4.0	0.13470397652008118
4.0	0.1336306209562122
4.0	0.1336306209562122
3.0	0.13258252147247765
3.0	0.13100189972176374
3.0	0.13046561461068845
4.0	0.13032150878567172
4.0	0.12909944487358055
4.0	0.12862393885688161
4.0	0.1282056485170927
4.0	0.12797267422224787
2.0	0.1270001270001905
4.0	0.1257389226923863
4.0	0.125
4.0	0.12126781251816648
4.0	0.12126781251816648
4.0	0.12126781251816648
4.0	0.12126781251816648
4.0	0.12009611535381534
4.0	0.11785113019775793
3.0	0.11766450913024183
4.0	0.11547005383792514
4.0	0.11481397398657331
3.0	0.113215708318985
0.0	0.11306675421666136
