True Label: 0.0
4.0	0.3139477956457165
1.0	0.2696799449852968
2.0	0.25152755930151505
2.0	0.2323652517560277
4.0	0.22663309388018807
2.0	0.20762587603385801
0.0	0.2052706551337369
0.0	0.19906988963853545
3.0	0.1924599083615354
3.0	0.19072819799123053
4.0	0.1905158688831361
3.0	0.18637781470661902
4.0	0.18489349923836168
4.0	0.18097496507665392
0.0	0.18036108361264552
4.0	0.17131207221604822
1.0	0.1701599941011203
4.0	0.16754156331667816
0.0	0.16589166892588336
1.0	0.1651445647689541
4.0	0.16170405300293425
4.0	0.15811388300841897
4.0	0.14951420452417669
4.0	0.1475608130513894
2.0	0.13723116159876972
3.0	0.13515512647532232
4.0	0.13043729868748774
4.0	0.12929996186453133
0.0	0.1250977708401336
1.0	0.1224744871391589
2.0	0.12001448753473648
4.0	0.11737850050086375
2.0	0.10985362601633218
1.0	0.10734582431007834
0.0	0.10350983390135313
3.0	0.10302443927398633
3.0	0.10109201053789857
4.0	0.0998452578785459
4.0	0.0975817197480425
4.0	0.09695896898516745
4.0	0.09352375699090108
3.0	0.09155837759558928
0.0	0.09128709291752768
0.0	0.0906596827823249
4.0	0.0900020232087167
4.0	0.08814585515395444
0.0	0.08758320255102135
4.0	0.08616404368553292
1.0	0.08606629658238704
4.0	0.08569101917507707
