True Label: 0.0
0.0	0.2774751902477184
0.0	0.2677973733277014
3.0	0.22966770070528586
4.0	0.22659149542547125
4.0	0.22502027241102535
3.0	0.2114722130550724
4.0	0.20902671793493827
1.0	0.20212076154344988
4.0	0.1981329813056588
4.0	0.19347037568577669
3.0	0.1887935372698335
0.0	0.1763834207376394
4.0	0.17115710875401685
4.0	0.16903085094570336
4.0	0.15430334996209194
0.0	0.1460834966964259
3.0	0.14467925450979952
4.0	0.14244246232238394
2.0	0.14085904245475278
4.0	0.13669418497887667
2.0	0.1366533436151313
4.0	0.13565948792607996
4.0	0.1338923854009157
0.0	0.13017979379106653
4.0	0.12938729237669142
1.0	0.1269477927002927
4.0	0.12677313820927752
3.0	0.1249398536449009
4.0	0.12440333788202984
4.0	0.12352200351606211
1.0	0.12298800925361816
1.0	0.12279806626883456
4.0	0.12171697757997806
0.0	0.12114909705895298
4.0	0.11882184103986773
2.0	0.11850215171517903
2.0	0.11850215171517903
3.0	0.11810962598776083
1.0	0.11769797726729994
4.0	0.11681633206491382
4.0	0.11645766174927479
0.0	0.11638287479252929
4.0	0.1159031043331032
2.0	0.11566851297119005
0.0	0.11443442705426587
0.0	0.11428571428571431
4.0	0.11222850838908133
4.0	0.11116980316445593
3.0	0.10791646182542892
3.0	0.10690449676496974
