True Label: 0.0
4.0	0.6040686963408963
4.0	0.28138742976632514
4.0	0.27524094128159016
4.0	0.27272727272727276
4.0	0.2696799449852968
4.0	0.2472066162365221
3.0	0.23262105259961774
4.0	0.20533080093573816
4.0	0.20515248496555458
4.0	0.20100756305184242
4.0	0.18999014891433708
3.0	0.17654696590094993
4.0	0.17407765595569785
4.0	0.17407765595569785
4.0	0.16943474841747153
4.0	0.16514456476895412
4.0	0.161627045958809
0.0	0.1615926535664718
4.0	0.15151515151515155
4.0	0.15075567228888184
4.0	0.15075567228888181
4.0	0.15075567228888181
4.0	0.149270358506633
3.0	0.14519080172812557
4.0	0.14519080172812554
4.0	0.14484136487558028
4.0	0.14346842995764314
3.0	0.14213381090374033
4.0	0.13977653617040256
4.0	0.13957263155977065
4.0	0.1392621247645583
0.0	0.1371450962647483
4.0	0.1367753011080483
4.0	0.1348399724926484
3.0	0.1343433226559697
1.0	0.13400504203456162
4.0	0.13400504203456162
4.0	0.13055824196677338
3.0	0.1250610798961445
4.0	0.1250610798961445
4.0	0.12224549132560925
4.0	0.12070113739631691
4.0	0.11677484162422844
4.0	0.11605177063713189
4.0	0.11149893466761211
2.0	0.11134044285378084
4.0	0.11134044285378081
4.0	0.11009637651263607
3.0	0.10660035817780524
4.0	0.10633485251477837
