True Label: 0.0
4.0	0.21304517217774588
2.0	0.17891501337389773
0.0	0.17036708399998393
4.0	0.14352823119132735
4.0	0.14132324914521238
0.0	0.13989092759813318
1.0	0.12992686923449073
4.0	0.12677313820927746
4.0	0.11952286093343936
3.0	0.1183040963502554
1.0	0.11692108443873354
2.0	0.1133315344343652
4.0	0.10892385771565849
4.0	0.10403129732205986
4.0	0.10145993123917846
4.0	0.09968895725584535
3.0	0.09923721235559482
4.0	0.09794332112236977
4.0	0.09116846116771035
4.0	0.0906100470365937
3.0	0.09028632307554521
1.0	0.08918825850158446
0.0	0.0891788756959721
2.0	0.08893595740629327
3.0	0.08696565534786725
2.0	0.08629489272626913
4.0	0.0857142857142857
3.0	0.08451542547285165
3.0	0.08451542547285165
4.0	0.08199200616907877
4.0	0.08132500607904443
1.0	0.08095689876252216
4.0	0.07559289460184544
4.0	0.07476671794188401
1.0	0.07439272850477585
4.0	0.07412493166611012
0.0	0.07396705090823068
3.0	0.07356123579206246
0.0	0.07323922906700686
4.0	0.07319250547113999
1.0	0.07319250547113999
0.0	0.07273929674533078
3.0	0.07267102550825016
4.0	0.07227641798688508
4.0	0.07142857142857142
4.0	0.06965451903188581
4.0	0.06947125179709104
3.0	0.06900655593423542
4.0	0.06900655593423541
4.0	0.06689119387618835
