True Label: 0.0
2.0	0.23791547571544325
4.0	0.21821789023599236
3.0	0.20780245578474588
4.0	0.19245008972987526
4.0	0.17868542247296582
4.0	0.1728252824550709
4.0	0.17213259316477408
4.0	0.1684303842133038
4.0	0.16666666666666669
4.0	0.16666666666666669
4.0	0.15729003520546933
4.0	0.15214515486254615
4.0	0.15027827244457206
4.0	0.1499149321140883
4.0	0.14814814814814817
4.0	0.14547859349066158
4.0	0.14433756729740643
4.0	0.14213381090374028
4.0	0.14213381090374028
2.0	0.1405456737852613
0.0	0.12435400084345175
4.0	0.12297746456210365
4.0	0.12297746456210365
4.0	0.12234326761721756
4.0	0.12126781251816647
4.0	0.12126781251816647
4.0	0.12009611535381534
3.0	0.11907241805196005
2.0	0.11895773785772162
4.0	0.11724207635210987
4.0	0.11664236870396087
4.0	0.1160517706371319
0.0	0.11268723396380223
4.0	0.1111111111111111
4.0	0.10658824656517987
1.0	0.1042749182674367
4.0	0.10369516947304253
3.0	0.10307788420850861
4.0	0.10286889997472795
4.0	0.10257624248277727
4.0	0.10032154423814102
4.0	0.10014201121283478
3.0	0.09963599949660178
4.0	0.09901475429766743
0.0	0.09785609399199768
2.0	0.09759000729485331
4.0	0.09622504486493763
4.0	0.09622504486493763
0.0	0.09346202568200737
4.0	0.09335200560186732
