True Label: 0.0
4.0	0.25724787771376323
4.0	0.25584085962673253
4.0	0.23664319132398465
3.0	0.2225540144120574
4.0	0.21766269588592319
4.0	0.21073180760588117
3.0	0.20851441405707477
4.0	0.20272867406772088
4.0	0.20124611797498107
4.0	0.19445436482630055
4.0	0.19402850002906638
3.0	0.1937240214067294
4.0	0.1918806447200494
4.0	0.18902160370356258
2.0	0.18810798862519204
4.0	0.18257418583505536
4.0	0.18190171877724973
4.0	0.18190171877724973
4.0	0.18164110880472267
4.0	0.17917796483665047
4.0	0.17693034738587657
2.0	0.17609421998443509
4.0	0.17336902313221408
4.0	0.17336902313221406
4.0	0.17088413878674902
4.0	0.16681153124565984
4.0	0.16583123951777
4.0	0.16583123951777
1.0	0.16537377315791296
1.0	0.16537377315791296
3.0	0.16499158227686112
4.0	0.16338538880840484
4.0	0.16195828104387033
4.0	0.16165807537309518
4.0	0.16164477182409742
3.0	0.16064269285079585
4.0	0.16063490102892156
4.0	0.16032502588195843
0.0	0.15942010234151477
4.0	0.15764815627361645
4.0	0.15674350997340125
4.0	0.15652475842498528
4.0	0.15652475842498526
4.0	0.15460413650478516
4.0	0.15301409312053074
4.0	0.15275252316519466
3.0	0.15254255396193803
0.0	0.15118578920369088
4.0	0.15062370331392066
4.0	0.15
