True Label: 0.0
4.0	0.2777777777777778
4.0	0.18670401120373464
4.0	0.17843445967710359
4.0	0.17407765595569782
4.0	0.17407765595569782
4.0	0.17010345435994292
4.0	0.16798421022632323
4.0	0.1543033499620919
4.0	0.15396007178390023
4.0	0.14907119849998596
4.0	0.14907119849998596
3.0	0.14814814814814814
3.0	0.13898464132279895
4.0	0.13400504203456162
4.0	0.1242259987499883
4.0	0.1242259987499883
3.0	0.12309149097933271
4.0	0.11785113019775793
4.0	0.11785113019775793
2.0	0.11322770341445959
3.0	0.11180339887498948
4.0	0.1106002527218662
4.0	0.10540925533894598
4.0	0.099313261921854
4.0	0.09720197391996738
4.0	0.09335200560186732
3.0	0.09245003270420485
4.0	0.08921722983855179
4.0	0.08921722983855179
2.0	0.0890870806374748
4.0	0.08660930699488413
4.0	0.08660254037844388
4.0	0.08624248161136684
4.0	0.08606629658238704
4.0	0.08333333333333334
4.0	0.08333333333333334
4.0	0.08333333333333334
4.0	0.08333333333333334
3.0	0.08258823847190737
3.0	0.08253126141202305
3.0	0.08119979429411502
1.0	0.08050764858994133
4.0	0.08050764858994133
3.0	0.08025723539051281
4.0	0.08022165248679505
3.0	0.07982457867856663
4.0	0.07930515857181442
3.0	0.0778498944161523
2.0	0.0778498944161523
4.0	0.07715167498104596
