True Label: 0.0
0.0	0.32133050776995525
3.0	0.30317017847058475
3.0	0.2808947589668526
0.0	0.2739964882573928
4.0	0.2674487902207202
0.0	0.26123516190885837
1.0	0.25548592124384034
4.0	0.2479502909494975
4.0	0.2352483732750147
4.0	0.22807299503948822
4.0	0.21727963411308784
3.0	0.2167191774309263
3.0	0.21177447679541395
4.0	0.21134944498685962
3.0	0.21122766482982444
4.0	0.2081268721566084
4.0	0.2063639044242494
0.0	0.20441806064007687
3.0	0.20396391416975687
4.0	0.19633669895110234
4.0	0.1893828483347551
0.0	0.18287854552867114
4.0	0.18140143499576641
2.0	0.17981516651568663
1.0	0.17540788684448794
3.0	0.17457234695898022
4.0	0.17445134105676008
4.0	0.17258784256307388
4.0	0.1687970143329029
4.0	0.16805378581857022
0.0	0.15864822410193677
4.0	0.15183792360022466
4.0	0.15128636446005353
4.0	0.14743964307667137
3.0	0.14557253696962577
4.0	0.1441601940264815
2.0	0.14163034155084242
3.0	0.1413197079928506
4.0	0.13734256950779847
1.0	0.1362598440560773
1.0	0.13048571559394306
3.0	0.13031977964755334
2.0	0.12601651996668883
2.0	0.12601651996668883
2.0	0.12376786942800415
4.0	0.12319475349550417
4.0	0.12201383304331848
4.0	0.12191014380187964
3.0	0.12174117609239958
4.0	0.11968484353994827
