True Label: 0.0
1.0	0.5000000000000001
4.0	0.42220033092074905
2.0	0.39863962449548096
4.0	0.37998029782867415
4.0	0.3674047167570346
2.0	0.3586710748941078
4.0	0.3470857078109787
3.0	0.3282439759448873
4.0	0.32328707534629597
3.0	0.273693182387739
4.0	0.2631806779839076
4.0	0.2631286196948049
4.0	0.24517195928059624
3.0	0.24370871833797697
4.0	0.24174688920761409
4.0	0.24123762618319178
4.0	0.23796129477715178
3.0	0.2305773772513343
4.0	0.21885688981825288
2.0	0.2181154912620742
4.0	0.21699680102187535
3.0	0.21560621613163938
3.0	0.2117934355218394
4.0	0.21110016546037452
4.0	0.2110579412044345
4.0	0.20464157101828673
4.0	0.20145574100634508
2.0	0.1947405496394669
4.0	0.19152294809099643
4.0	0.18999014891433708
4.0	0.18999014891433708
4.0	0.18749446208373208
4.0	0.18593295227064197
4.0	0.1837023583785173
4.0	0.1837023583785173
3.0	0.18148850216015694
4.0	0.1797126893619461
2.0	0.1793355374470539
4.0	0.17912443020795962
4.0	0.1783673040539077
3.0	0.17558326017365683
4.0	0.17516226243634264
4.0	0.17480147469502524
4.0	0.17480147469502524
4.0	0.1746488721124934
4.0	0.1743796122207214
4.0	0.1743469177654398
4.0	0.17407765595569785
4.0	0.17170914210964272
4.0	0.17004442140506437
