True Label: 0.0
4.0	0.25505639266809255
4.0	0.21602468994692864
4.0	0.20942695414584772
4.0	0.20812595431507352
4.0	0.20254787341673333
4.0	0.1926686588971131
3.0	0.18257418583505536
4.0	0.18257418583505536
4.0	0.16926545321120212
4.0	0.15978709238739222
4.0	0.15936381457791915
4.0	0.158113883008419
4.0	0.15731330124142312
4.0	0.15191090506255
4.0	0.1485667259923031
4.0	0.1460593486680443
4.0	0.14433756729740643
4.0	0.14142135623730948
4.0	0.14090046549415863
4.0	0.13762047064079508
4.0	0.13693063937629152
4.0	0.13693063937629152
4.0	0.136127520194801
4.0	0.13561270072416207
4.0	0.1328422328310143
4.0	0.13185240790848063
4.0	0.13043729868748774
4.0	0.12821215295120647
3.0	0.12357217770393572
3.0	0.12307213544953632
3.0	0.12274328238644311
0.0	0.1224744871391589
4.0	0.1224744871391589
3.0	0.1224744871391589
4.0	0.1224744871391589
4.0	0.1217161238900369
3.0	0.12113592796308723
3.0	0.1208897998497521
0.0	0.11834115780078219
4.0	0.11782083038232005
4.0	0.11677484162422842
4.0	0.11611694995742755
0.0	0.1157548679884317
4.0	0.11476952126219175
4.0	0.11420804814403215
3.0	0.11420804814403215
0.0	0.11296201426438297
4.0	0.11285321907949183
4.0	0.11123730207865243
4.0	0.11070186069251191
