True Label: 0.0
3.0	0.3383751574078812
3.0	0.31825208039302466
0.0	0.3138458116525211
4.0	0.30006001800600207
4.0	0.27056277056277056
4.0	0.2518311258631033
4.0	0.24939187455541986
4.0	0.24505429367721024
4.0	0.24322932863408203
4.0	0.24161633517249034
0.0	0.24147264420814757
4.0	0.23975611190807816
4.0	0.23809523809523808
4.0	0.23328473740792172
4.0	0.2238141290858972
4.0	0.21138001080334737
4.0	0.19704465948817038
4.0	0.1904761904761905
4.0	0.17693696431894504
4.0	0.17407765595569785
4.0	0.1725910560973989
3.0	0.17197979012252743
4.0	0.17145691375685113
4.0	0.1714285714285714
4.0	0.16666666666666666
4.0	0.16055756769971896
4.0	0.15978826877594388
4.0	0.15861031714362883
3.0	0.1580904985694819
1.0	0.15698790688696282
4.0	0.15649215928719035
3.0	0.15649215928719032
4.0	0.15593309930219626
4.0	0.1554327741604617
4.0	0.15014110121296803
4.0	0.15003000900300104
4.0	0.14920941939059815
4.0	0.14754222271266348
2.0	0.14728100877622677
4.0	0.1443689007542604
4.0	0.1443689007542604
3.0	0.14398646590827704
2.0	0.14293152825289276
4.0	0.1416909425905965
4.0	0.14002800840280097
4.0	0.13842325574998696
4.0	0.13498731178900972
4.0	0.13399094440241124
0.0	0.13325461402089206
4.0	0.13245323570650436
