True Label: 0.0
4.0	0.4449765370057892
3.0	0.3319087930318349
0.0	0.3251338153202058
4.0	0.3135864394056317
3.0	0.2771483952105142
4.0	0.276172385369497
4.0	0.2747740351926008
3.0	0.2710952541885742
3.0	0.25505849425870813
4.0	0.24170329586324965
3.0	0.23644481670580958
4.0	0.23147611520013578
4.0	0.2217540166251436
4.0	0.2217540166251436
3.0	0.2191806208966069
2.0	0.21698151830137313
3.0	0.21672886226466956
0.0	0.21565440176452091
3.0	0.2150662019582432
4.0	0.21252952003903938
4.0	0.21252952003903938
4.0	0.21187814889010087
4.0	0.20332350003890828
2.0	0.20168779363584427
4.0	0.19900338390524075
4.0	0.19859348978538272
3.0	0.1982072530570979
3.0	0.1982072530570979
4.0	0.19726598954964072
3.0	0.19653957224516375
4.0	0.1962671679947149
4.0	0.19488113459933576
4.0	0.19007487139298024
4.0	0.1900748713929802
3.0	0.1871542501207123
4.0	0.18696958875347633
4.0	0.1859841585440341
4.0	0.18558342497949176
4.0	0.18540335723837864
4.0	0.18526206815833912
4.0	0.1841149235796647
4.0	0.18411492357966466
4.0	0.18222713016823544
3.0	0.1788654743215543
4.0	0.17883252619846055
4.0	0.17840051007840063
2.0	0.1749697310384314
3.0	0.17366496893643496
4.0	0.17280282955485826
4.0	0.17273555112213854
