True Label: 0.0
0.0	0.19462473604038072
0.0	0.1556997888323046
3.0	0.14301938838683886
3.0	0.10827043935570556
3.0	0.09731236802019037
0.0	0.08703882797784893
0.0	0.08598377289022688
4.0	0.07918075824648958
4.0	0.07537783614444091
1.0	0.07435223956449145
4.0	0.07106690545187015
3.0	0.07057846732405856
0.0	0.06741998624632421
3.0	0.06596992457003137
1.0	0.0657951694959769
0.0	0.0652791209833867
4.0	0.06286946134619315
4.0	0.06286946134619315
0.0	0.061688709086449876
4.0	0.05802588531856595
4.0	0.05598925109558543
0.0	0.05370448459763444
2.0	0.053300179088902604
4.0	0.04794020790754448
4.0	0.047088160934801115
0.0	0.046479964945939166
0.0	0.04611429759107164
0.0	0.04611429759107164
3.0	0.04541785897120407
1.0	0.045340194215641665
3.0	0.044189379229751385
2.0	0.04397994971335425
0.0	0.04351941398892446
4.0	0.04351941398892446
4.0	0.04351941398892446
4.0	0.04285495643554834
4.0	0.04181210050035454
0.0	0.04103049699311091
1.0	0.040291148201269014
0.0	0.040291148201269014
4.0	0.040291148201269014
4.0	0.040291148201269014
0.0	0.04000640153640971
4.0	0.03993615319154359
4.0	0.03892494720807615
2.0	0.03892494720807615
4.0	0.038291979053374184
4.0	0.038291979053374184
4.0	0.038291979053374184
4.0	0.03818945683712754
