True Label: 0.0
3.0	0.38207334642953567
3.0	0.34384244573801015
4.0	0.28412708272914255
3.0	0.26343422397525684
4.0	0.2606823245537546
4.0	0.25831850934577055
4.0	0.25348970020979117
0.0	0.2328451577118999
3.0	0.22657400092284516
4.0	0.2242501035843003
2.0	0.22089631215321717
4.0	0.21619130152100108
4.0	0.21297394722600083
4.0	0.20826304035018697
4.0	0.20555095856524308
4.0	0.20354083960790276
4.0	0.2016498217266994
4.0	0.19857101769644858
4.0	0.19333983136523777
4.0	0.18408026012768097
0.0	0.181141103733185
4.0	0.1811017893314777
4.0	0.1798570887445877
4.0	0.17742818760474402
4.0	0.1646463899845355
4.0	0.16362689789127197
2.0	0.15992494540620933
3.0	0.15941241592536742
3.0	0.15865646515797477
4.0	0.1584310626311195
4.0	0.15771394453755025
3.0	0.15747199937890144
4.0	0.15738530161433717
4.0	0.15738530161433717
4.0	0.1552301051412666
4.0	0.15403263208805953
4.0	0.15403263208805953
4.0	0.15211182259029543
4.0	0.1510898895497637
3.0	0.15047286627647186
4.0	0.1484283701558622
4.0	0.14667866221221437
4.0	0.14543735361192336
4.0	0.14170505031628391
4.0	0.14061078644744565
4.0	0.1383306364814723
4.0	0.13816242405837684
3.0	0.13799970147035645
4.0	0.13794704992266724
0.0	0.13731631330767255
