True Label: 0.0
4.0	0.41247895569215276
4.0	0.38650060290946864
3.0	0.3644600612151717
4.0	0.3585685828003181
0.0	0.2795084971874737
3.0	0.24722693486691327
2.0	0.21516574145596762
4.0	0.21320071635561044
4.0	0.21213203435596428
4.0	0.20623947784607638
4.0	0.20623947784607638
4.0	0.2051524849655546
4.0	0.2000330660496597
4.0	0.19920476822239894
3.0	0.19658927487319622
4.0	0.19611613513818404
3.0	0.18977827907052924
4.0	0.18925832465255626
4.0	0.1887128390240993
4.0	0.18446619684315546
4.0	0.18446619684315546
3.0	0.1840525434580776
4.0	0.18144368465060579
4.0	0.18002057495577392
4.0	0.1725163898355886
4.0	0.17213259316477408
4.0	0.17213259316477408
4.0	0.17149858514250885
4.0	0.17149858514250885
4.0	0.17071583991052797
4.0	0.17071583991052797
4.0	0.17022072666229754
4.0	0.16933350266692068
4.0	0.1646381935245437
4.0	0.16222142113076254
3.0	0.15972878583447192
3.0	0.15936381457791915
4.0	0.157485197087178
4.0	0.15713484026367724
4.0	0.15294382258037453
3.0	0.15294382258037453
3.0	0.15244613469156326
4.0	0.15214515486254615
4.0	0.15214515486254615
4.0	0.15097027121927944
4.0	0.15089291007086422
4.0	0.15075567228888181
0.0	0.15001962335068192
4.0	0.14967108502231244
3.0	0.149376359921712
