True Label: 0.0
4.0	0.4382299106011074
4.0	0.4137050392539741
3.0	0.4047748295440011
2.0	0.3685770701003708
4.0	0.35145097319720825
4.0	0.293547632874049
3.0	0.282842712474619
3.0	0.27975144247209416
4.0	0.2752409412815901
4.0	0.2737199309863917
4.0	0.2711630722733202
4.0	0.2710523708715754
4.0	0.26967994498529685
4.0	0.2581988897471611
3.0	0.2439750182371333
4.0	0.24096579867074966
0.0	0.24003967925959163
4.0	0.23975611190807816
4.0	0.23836564731139806
3.0	0.22934123614693147
4.0	0.2191149553005537
4.0	0.21693045781865616
4.0	0.2151657414559676
4.0	0.20952908873087345
4.0	0.2076136996343499
2.0	0.20701966780270625
2.0	0.2041241452319315
4.0	0.20225995873897262
4.0	0.2004094170098539
3.0	0.19845697717700703
4.0	0.19839384831092682
4.0	0.19364916731037085
0.0	0.19264838972038067
4.0	0.18981415059132414
2.0	0.1842885350501854
4.0	0.17954621161490195
4.0	0.1790287185098582
2.0	0.17830725801511715
1.0	0.17516226243634264
1.0	0.17516226243634264
4.0	0.17213259316477408
4.0	0.17183771287514424
4.0	0.1707825127659933
0.0	0.1690308509457033
4.0	0.1690308509457033
2.0	0.16659019652423024
3.0	0.1657034312216982
4.0	0.16542328997110672
0.0	0.1653796461189446
4.0	0.1632993161855452
