True Label: 0.0
4.0	0.24701609087778553
4.0	0.21828607518125714
4.0	0.21589388479418642
4.0	0.21402925123634756
4.0	0.2110081934782109
3.0	0.20903191312977426
4.0	0.2058467423981546
4.0	0.20506355601096415
4.0	0.19886684640449767
4.0	0.19840809874297355
4.0	0.19626716799471494
3.0	0.18557407043479948
4.0	0.18528883514114874
4.0	0.17664045119524344
4.0	0.17664045119524344
4.0	0.1735852146410985
3.0	0.1664154024516653
4.0	0.16248558255167678
3.0	0.16110055813220658
4.0	0.15787724448766816
4.0	0.15545406488240326
4.0	0.15266002995467645
0.0	0.15246164126793135
4.0	0.15070869473257345
1.0	0.14982047586544328
0.0	0.1476203493915369
3.0	0.14552405012083808
4.0	0.1426148065624585
4.0	0.14168634669269295
4.0	0.13948811890802557
4.0	0.13948811890802557
4.0	0.1391434140124021
4.0	0.13878184541334224
4.0	0.13808619268474853
4.0	0.13808619268474853
0.0	0.13615102560064407
3.0	0.13499961187667378
4.0	0.13449584980357304
4.0	0.13440323049513725
4.0	0.13057580309967504
4.0	0.13018891098082386
4.0	0.12820117729284186
4.0	0.12802974119240743
4.0	0.12766073029704134
4.0	0.12757365919656471
4.0	0.12657900996101945
4.0	0.1264536919716524
4.0	0.1264536919716524
0.0	0.12637767531797078
4.0	0.12630179559013455
