True Label: 0.0
4.0	0.09090909090909091
2.0	0.08703882797784893
3.0	0.07987230638308718
4.0	0.0778498944161523
4.0	0.07312724241271307
4.0	0.07312724241271307
4.0	0.07312724241271307
4.0	0.07106690545187015
4.0	0.06741998624632421
4.0	0.06428243465332249
4.0	0.060326897166085566
2.0	0.06030226891555273
4.0	0.05698028822981897
4.0	0.05567022142689041
4.0	0.052486388108147805
4.0	0.04767312946227962
4.0	0.045454545454545456
0.0	0.044946657497549475
3.0	0.044455422447438706
0.0	0.044455422447438706
2.0	0.0430730492253948
4.0	0.04181210050035454
4.0	0.04181210050035454
4.0	0.04181210050035454
4.0	0.04045199174779453
4.0	0.04045199174779453
4.0	0.040291148201269014
4.0	0.03892494720807615
4.0	0.037688918072220454
4.0	0.035754847096709716
2.0	0.035533452725935076
0.0	0.03537007966412014
4.0	0.033709993123162106
3.0	0.033709993123162106
4.0	0.033709993123162106
2.0	0.03309516961607476
3.0	0.03289758474798845
4.0	0.03289758474798845
3.0	0.03289758474798845
1.0	0.03281089794448553
3.0	0.03143473067309657
4.0	0.03143473067309657
4.0	0.030772872744833188
2.0	0.030151134457776365
2.0	0.030151134457776365
2.0	0.029565619799454133
4.0	0.029012942659282975
3.0	0.029012942659282975
0.0	0.028618190351607124
4.0	0.028490144114909487
