True Label: 0.0
0.0	0.27309071775117405
1.0	0.2531975870958269
4.0	0.23161065234054617
0.0	0.22186486769517041
4.0	0.19906988963853545
0.0	0.19756314926409752
1.0	0.1899853476308383
3.0	0.18575986772059883
3.0	0.18305610625497534
1.0	0.18301758029300913
4.0	0.18139300527346902
2.0	0.16819106759512772
4.0	0.16233130657520592
2.0	0.16159459120251804
2.0	0.15742450007794478
4.0	0.15497569889795074
4.0	0.15260951874330314
4.0	0.14943322855890753
4.0	0.14242382918357652
4.0	0.13933489740337696
0.0	0.13781510286611398
4.0	0.13320850884037497
4.0	0.13146175379298697
3.0	0.12941030925578842
1.0	0.1280617269892007
4.0	0.12362783988552024
3.0	0.12272562852548202
4.0	0.12128174734297756
4.0	0.12110797765160954
1.0	0.11954658284712606
1.0	0.11763710916201495
4.0	0.11270959919850963
2.0	0.11124614010434206
4.0	0.11053293306091734
4.0	0.10863790870736026
1.0	0.10621172998595042
0.0	0.10587339824581343
4.0	0.10438597797023871
4.0	0.10432372551054916
2.0	0.10077389181859389
0.0	0.10021392901290847
4.0	0.09878380238467091
3.0	0.09757272912056793
0.0	0.09668615641167366
3.0	0.09605864925767504
0.0	0.09555162805530652
3.0	0.0948677684589698
4.0	0.0942915887451776
4.0	0.09350252392113027
4.0	0.09345386270319955
