True Label: 0.0
2.0	0.32778114068761827
4.0	0.28653412753062635
4.0	0.23767469863579355
4.0	0.2357022603955159
4.0	0.2332847374079217
1.0	0.21488612374010144
3.0	0.19920476822239894
2.0	0.19856408961486066
4.0	0.19304683562633607
2.0	0.19047619047619047
0.0	0.18241211373401756
4.0	0.17817416127494962
4.0	0.17695959932414138
4.0	0.17496355305594125
4.0	0.1732337167958958
4.0	0.16840826742715195
4.0	0.1649048773207662
4.0	0.16366341767699433
4.0	0.1628347368197324
4.0	0.16198789882296566
4.0	0.16116459280507608
4.0	0.15936381457791915
4.0	0.157485197087178
0.0	0.15691884725400138
4.0	0.15590239111558093
4.0	0.1559023911155809
2.0	0.15590239111558088
2.0	0.15590239111558088
3.0	0.14969623771302396
4.0	0.14836636618975407
0.0	0.14803913136594804
4.0	0.148039131365948
4.0	0.14638501094227999
3.0	0.14564381625088385
4.0	0.14159846508095772
4.0	0.14067598969066597
4.0	0.14062009564580388
3.0	0.13856849886842332
4.0	0.13468700594029479
4.0	0.1343038273375634
4.0	0.13418626003042333
3.0	0.13243883470230783
0.0	0.13122266479195596
0.0	0.13098420799889596
4.0	0.13093384794432705
4.0	0.12858612496840993
4.0	0.1283881477532739
4.0	0.1272937693043289
4.0	0.12485257690353488
4.0	0.12471164898158096
