True Label: 0.0
3.0	0.397064053244206
4.0	0.3764668957932682
4.0	0.34114004641810713
4.0	0.3401564798608107
4.0	0.3221659605628318
4.0	0.3032248155309842
3.0	0.2917299829957891
4.0	0.2917299829957891
4.0	0.2677097925641018
4.0	0.24655683636076897
4.0	0.24082334178648615
4.0	0.21879748724684184
4.0	0.2144100456355058
4.0	0.21053798026662976
4.0	0.20664207128868395
4.0	0.2062842492517587
4.0	0.20628424925175867
3.0	0.20348271910212398
4.0	0.20214038441061496
3.0	0.20105383930838658
4.0	0.2002453486917181
3.0	0.19945798984776095
4.0	0.1979097737100941
3.0	0.19569842191603265
4.0	0.19569842191603265
3.0	0.19086946363347868
0.0	0.18948418223996677
2.0	0.18909389514744548
4.0	0.1882334478966341
4.0	0.18676098402828817
4.0	0.18659112407133685
4.0	0.1849176272705767
4.0	0.18405048238782
4.0	0.18246624956441243
3.0	0.18029395487781788
4.0	0.17985042664168813
3.0	0.17864740025262413
4.0	0.17849306121711517
4.0	0.17828094366109132
4.0	0.17828094366109132
4.0	0.17688728441930623
4.0	0.17681507078722175
4.0	0.17626626219418767
4.0	0.1751781884501444
3.0	0.17510947764599097
3.0	0.17488598109333614
4.0	0.17395415281425125
4.0	0.17352622067078344
0.0	0.17190354104313227
4.0	0.17081958701211897
