True Label: 0.0
0.0	0.3250936811147515
4.0	0.28319175044705996
1.0	0.2677973733277014
4.0	0.2517617339177457
1.0	0.23301849590140306
4.0	0.20357345237430668
3.0	0.19229869776850883
4.0	0.17427416889423142
4.0	0.15258286904105797
4.0	0.14570952792982605
4.0	0.14228058813737482
4.0	0.14028084280983538
2.0	0.1383306364814723
4.0	0.13364474308264065
3.0	0.13286470449755447
3.0	0.13214064077187035
4.0	0.1309856348654352
1.0	0.13047539892769053
0.0	0.12405537367858857
3.0	0.11760456427466821
4.0	0.1158447957418253
4.0	0.11525247298917485
4.0	0.1144371517807935
4.0	0.11243098701778528
0.0	0.11210491258196666
3.0	0.11058214727889255
4.0	0.10919699903471047
3.0	0.1076327122274044
3.0	0.10705779091939743
4.0	0.10519507185703524
3.0	0.10375854480333921
0.0	0.10355778842507526
4.0	0.10225575471288656
3.0	0.10020060200702528
3.0	0.10020060200702528
3.0	0.09919353522139875
3.0	0.09710314325264792
0.0	0.09709065490544784
4.0	0.09709065490544784
2.0	0.09618088304237207
4.0	0.09553752543358543
2.0	0.09341209780762262
1.0	0.09222042432098154
0.0	0.09018054180632276
4.0	0.09008078453927705
1.0	0.0899947938401996
0.0	0.08782180171943166
0.0	0.08629947052927156
1.0	0.08502303018977035
4.0	0.08502303018977035
