True Label: 0.0
4.0	0.18481233109010925
4.0	0.12048289933537483
2.0	0.11827091898224817
4.0	0.11235088294097076
3.0	0.11085479909473867
4.0	0.10516609640992379
4.0	0.09962709627734359
3.0	0.09943840842563345
3.0	0.09943840842563345
1.0	0.09677419354838712
3.0	0.09379580992210838
4.0	0.09379580992210837
4.0	0.08980265101338747
4.0	0.08980265101338746
4.0	0.08980265101338746
0.0	0.08918544334893944
4.0	0.08712136837380642
0.0	0.08641264122753545
3.0	0.08614446762173705
4.0	0.08122955416108237
2.0	0.08115430675802944
1.0	0.0790466852467548
4.0	0.078052939773725
4.0	0.07777137710478191
4.0	0.07777137710478191
4.0	0.07532126740390681
1.0	0.0747203222080077
4.0	0.07381732441968658
3.0	0.07357423707102438
3.0	0.07332355751067667
4.0	0.07283956834350813
0.0	0.072571501142966
4.0	0.07184212081070997
2.0	0.0704469953676347
4.0	0.06994439445189526
4.0	0.06956083436402524
4.0	0.06956083436402524
2.0	0.06881227169853149
2.0	0.06788442333021306
3.0	0.06788442333021306
4.0	0.06788442333021306
4.0	0.0676912951342353
4.0	0.06696078269577119
4.0	0.06582683985617241
4.0	0.0657168367047311
4.0	0.06534102628035482
3.0	0.06451612903225808
4.0	0.06414475072384818
4.0	0.06350006350009525
4.0	0.06350006350009525
