True Label: 0.0
0.0	0.3205815600379925
0.0	0.247361569026508
0.0	0.1961377250077356
3.0	0.19490903347182875
1.0	0.18607557751445541
4.0	0.16167144157977112
4.0	0.155726717517416
3.0	0.1528678241346793
1.0	0.14192531349425108
4.0	0.13869158193721207
4.0	0.13682211993888413
1.0	0.135046009585879
4.0	0.13297084800334633
0.0	0.1322079106744083
0.0	0.13138708007084396
0.0	0.12998212675444734
0.0	0.129069939800661
4.0	0.12800653378950033
0.0	0.12738914117153993
4.0	0.12675865233387065
0.0	0.1258576207402672
0.0	0.12490093576034028
3.0	0.12432064275866703
4.0	0.12176037512823149
2.0	0.11931428883106718
2.0	0.11764237704284942
0.0	0.11638751723492341
0.0	0.11613086909799207
4.0	0.11083937431729389
1.0	0.11007094391139341
4.0	0.10797750984944651
4.0	0.10792383495838413
2.0	0.1073935488444158
3.0	0.10739229167820996
1.0	0.10689228120225322
4.0	0.10441567592299397
3.0	0.10407653431513612
2.0	0.10346236916139832
0.0	0.10313355337688246
4.0	0.10285714554402345
4.0	0.10285714554402345
4.0	0.10010235171130138
3.0	0.10008636174658476
0.0	0.09834089870607296
3.0	0.09773008567063149
4.0	0.09741320194926024
4.0	0.09626770765379236
3.0	0.09560736281530444
4.0	0.09276466215766829
4.0	0.09210469042630048
