True Label: 0.0
4.0	0.4746444525345672
4.0	0.4607392991208651
4.0	0.4532984139116245
4.0	0.4187628431947845
4.0	0.3709911166081346
4.0	0.36514837167011077
3.0	0.327323477105148
3.0	0.3113995776646092
3.0	0.30996520993903326
3.0	0.30983866769659335
4.0	0.3042903097250923
0.0	0.292943002710219
4.0	0.2927700218845599
2.0	0.2927700218845599
4.0	0.289414380708153
3.0	0.2866710545225105
3.0	0.2817180849095055
4.0	0.2760262237369417
4.0	0.2628017279270417
4.0	0.2618614682831908
3.0	0.2618614682831908
4.0	0.25980762113533157
4.0	0.2581988897471611
4.0	0.2581988897471611
3.0	0.24507154069793588
4.0	0.24397501823713325
0.0	0.24343224778007383
4.0	0.23354968324845687
3.0	0.2284160962880643
4.0	0.223606797749979
3.0	0.21535276082326618
4.0	0.2130032168075646
4.0	0.21081851067789195
4.0	0.20701966780270625
4.0	0.2056471465853062
4.0	0.2025478734167333
4.0	0.202072594216369
4.0	0.202072594216369
4.0	0.19999999999999996
4.0	0.19999999999999996
4.0	0.1987615979999813
4.0	0.1987615979999813
4.0	0.19781414201873607
4.0	0.19462473604038072
4.0	0.19364916731037082
4.0	0.19364916731037082
4.0	0.19364916731037082
3.0	0.19364916731037082
4.0	0.19266865889711307
4.0	0.19245008972987526
