True Label: 0.0
4.0	0.3510298501684228
4.0	0.31036796693554486
4.0	0.3066345141609556
4.0	0.30472470011002206
0.0	0.2891574659831201
0.0	0.285896203942877
2.0	0.2814461669592222
2.0	0.2804452913630867
0.0	0.2773500981126146
4.0	0.26638704324931695
0.0	0.2624920571422959
4.0	0.2568811663687949
1.0	0.25547615401063417
2.0	0.254762332682534
4.0	0.251789873349222
4.0	0.2508726030021272
4.0	0.24565511032296722
4.0	0.24459979523511427
4.0	0.24019223070763074
3.0	0.23387256195082032
3.0	0.23259352185183219
4.0	0.22966770070528583
1.0	0.2269103379934495
4.0	0.21995101913261325
3.0	0.21920332200357276
0.0	0.2086575753606254
4.0	0.20544535090332955
4.0	0.2022010165961681
4.0	0.20182351937026605
4.0	0.20182351937026605
4.0	0.19766648444296034
4.0	0.19457794562353906
4.0	0.18827751470952855
4.0	0.1845342884618493
4.0	0.18405181636707907
0.0	0.18344984642633572
4.0	0.17886363897405214
3.0	0.1769445353705623
4.0	0.17210281046175585
4.0	0.17099353198969633
4.0	0.16691999107985653
3.0	0.16517585103707014
4.0	0.16511776211280596
2.0	0.16504008603193146
4.0	0.16441842172417867
3.0	0.15989693737936184
3.0	0.15847231140814064
3.0	0.15745918881380533
4.0	0.15518398346777243
3.0	0.1548500508242836
