True Label: 0.0
2.0	0.248264415746168
2.0	0.2214037213850238
4.0	0.19305423758702303
4.0	0.1878672873255448
4.0	0.16979054399120352
1.0	0.15731330124142312
2.0	0.1541504986616124
4.0	0.15343905481833345
4.0	0.15214515486254615
4.0	0.15214515486254615
1.0	0.14983228171418253
4.0	0.14433756729740643
2.0	0.14142135623730948
4.0	0.13842325574998696
4.0	0.13801311186847084
4.0	0.13623731522826651
3.0	0.136127520194801
4.0	0.13327849749579576
3.0	0.13324272283470417
3.0	0.13324272283470417
2.0	0.13198172232498967
4.0	0.13116516715679058
4.0	0.1296362432175337
3.0	0.12909944487358055
4.0	0.1275281963340463
4.0	0.12524485821702988
4.0	0.12505410084650617
2.0	0.124132207873084
0.0	0.12368060044980732
4.0	0.12360330811826102
4.0	0.12296734420949118
4.0	0.12203581144044313
4.0	0.12076147288491199
4.0	0.11987805595403908
4.0	0.11952286093343936
4.0	0.11846977555181845
4.0	0.1180842681708234
4.0	0.11801418154786948
4.0	0.1178511301977579
4.0	0.1178511301977579
4.0	0.1178511301977579
4.0	0.11666666666666665
3.0	0.11666666666666664
4.0	0.1162369537271375
0.0	0.1145427417278794
4.0	0.11440615418736014
0.0	0.11348474733984243
4.0	0.11297660412744212
4.0	0.1126872339638022
4.0	0.11236664374387366
