True Label: 0.0
4.0	0.19674775073518586
3.0	0.18070796117392948
4.0	0.17770466332772766
4.0	0.17168607466124008
4.0	0.14430625423330057
4.0	0.14142135623730948
3.0	0.13912166872805048
4.0	0.1385567309839609
4.0	0.12734290799340264
4.0	0.11846977555181845
4.0	0.11846977555181845
4.0	0.11812488464372366
4.0	0.11677484162422844
4.0	0.11677484162422844
4.0	0.11677484162422844
4.0	0.11677484162422844
4.0	0.11666666666666664
4.0	0.11619857875482535
1.0	0.11319369599413569
4.0	0.1126872339638022
4.0	0.10767638041163309
3.0	0.10454859383086938
2.0	0.10276699910774158
4.0	0.10084389681792215
4.0	0.10080972981818898
0.0	0.10079052613579392
2.0	0.09960238411119945
0.0	0.0975900072948533
4.0	0.0975900072948533
1.0	0.09589266029707681
0.0	0.09548198320525769
4.0	0.09428090415820632
4.0	0.09428090415820632
4.0	0.0939336436627724
4.0	0.0939336436627724
0.0	0.09220308927862574
0.0	0.09157015435010395
4.0	0.09147550817044593
4.0	0.09128709291752768
4.0	0.09128709291752768
4.0	0.09128709291752768
3.0	0.09128709291752767
4.0	0.08989331499509894
4.0	0.08964214570007953
4.0	0.08928053815224021
4.0	0.08856148855400951
3.0	0.08853846437849887
4.0	0.08827348295047494
2.0	0.08660254037844385
4.0	0.08660254037844385
