True Label: 0.0
4.0	0.20100756305184242
4.0	0.17660431427533918
1.0	0.16933350266692065
3.0	0.14304702514095818
4.0	0.13608276348795434
4.0	0.12830005981991682
4.0	0.1178511301977579
4.0	0.11433239009500587
4.0	0.11180339887498948
4.0	0.1091089451179962
4.0	0.10540925533894598
4.0	0.10411584125907071
3.0	0.1037998592215364
4.0	0.10101525445522107
4.0	0.09724332766526303
4.0	0.09622504486493763
4.0	0.09622504486493763
4.0	0.09375732507716866
3.0	0.0890870806374748
4.0	0.08219949365267865
0.0	0.08219949365267865
4.0	0.08111071056538127
3.0	0.08084520834544431
0.0	0.08084520834544431
4.0	0.08084520834544431
2.0	0.08084520834544431
4.0	0.08084520834544431
4.0	0.07939884455672182
4.0	0.07856742013183862
1.0	0.07537783614444091
0.0	0.07453559924999299
0.0	0.07453559924999299
0.0	0.07453559924999299
3.0	0.07453559924999298
2.0	0.07453559924999298
3.0	0.07453559924999298
4.0	0.07273929674533079
3.0	0.07273929674533079
4.0	0.07216878364870322
4.0	0.07142857142857142
1.0	0.07001400420140048
4.0	0.06839855680567694
3.0	0.06666666666666667
4.0	0.06666666666666667
1.0	0.06622661785325219
3.0	0.06565321642986127
4.0	0.06537204504606134
1.0	0.06506000486323554
4.0	0.06461569048919966
3.0	0.06429306248420497
