True Label: 0.0
0.0	0.20583232685540795
4.0	0.1878672873255448
4.0	0.17712297710801905
4.0	0.1764705882352941
4.0	0.17503501050350123
4.0	0.1517165212272521
4.0	0.14969623771302396
4.0	0.14705882352941177
4.0	0.14269544824634822
4.0	0.140028008402801
4.0	0.13511320473331348
4.0	0.13231403100624078
4.0	0.13068205256070964
4.0	0.1284985132406471
4.0	0.1266600992762247
4.0	0.12478354962115543
4.0	0.1237684428720843
4.0	0.12298800925361816
4.0	0.1227932537723591
4.0	0.12177204676176309
4.0	0.12126781251816648
4.0	0.12126781251816647
4.0	0.11945322919963342
4.0	0.11852177018919195
4.0	0.11764705882352941
4.0	0.11764705882352941
4.0	0.11504474832710557
4.0	0.11491748639841008
4.0	0.11259433727776123
2.0	0.11070186069251191
4.0	0.1105579985645564
4.0	0.1096908636190696
0.0	0.10906477443467281
4.0	0.10890171046725802
4.0	0.10846522890932808
0.0	0.10846522890932808
4.0	0.10846522890932808
0.0	0.10718661571406801
1.0	0.10674315845371826
4.0	0.10585122480499264
4.0	0.10585122480499264
4.0	0.10555008273018726
2.0	0.10502100630210073
2.0	0.10502100630210073
3.0	0.10401019349846874
0.0	0.10341753799900383
0.0	0.10312858091567376
4.0	0.10188534162169867
4.0	0.101712424200105
4.0	0.10114434748483472
