True Label: 0.0
1.0	0.32364535762509394
1.0	0.3068257242957404
2.0	0.27537505700108095
3.0	0.26919095102908275
0.0	0.24828176658071038
4.0	0.23654181576676658
4.0	0.21125434968082288
4.0	0.20734025084282415
4.0	0.19565594803123162
4.0	0.19046912497583637
4.0	0.18425768059199824
3.0	0.17317708333333337
4.0	0.1726077408559356
4.0	0.16925080009658253
2.0	0.1691203563006365
4.0	0.16666666666666666
4.0	0.15754902950096739
4.0	0.15309310892394862
4.0	0.15241034687629135
3.0	0.151843348352914
4.0	0.13995281025948023
4.0	0.13547261056128837
2.0	0.13238578220179648
4.0	0.13030474825460303
4.0	0.12837787718350094
4.0	0.12677313820927746
4.0	0.12673548525840822
2.0	0.12629537138523064
0.0	0.11992823923934601
2.0	0.1185153055920393
1.0	0.11811864760853233
4.0	0.11798497593106737
1.0	0.11672681577740009
2.0	0.11625779371998672
2.0	0.11132479702049618
3.0	0.10957648862340408
3.0	0.10957648862340408
0.0	0.10920276473159041
3.0	0.10920195062876283
4.0	0.10630250803384514
4.0	0.10579090825700133
4.0	0.10564428184106456
3.0	0.10546197923441133
3.0	0.10469123580495616
2.0	0.1031876031876548
0.0	0.10236537810666568
4.0	0.10228963604812144
4.0	0.1012747473635551
4.0	0.10058223587167468
4.0	0.10057479466670881
