True Label: 0.0
4.0	0.35856858280031806
3.0	0.27115486751765566
2.0	0.2138089935299395
4.0	0.20916500663351886
4.0	0.2055270768301462
4.0	0.19687932316499937
4.0	0.19462473604038072
4.0	0.19174124721184263
4.0	0.19174124721184263
4.0	0.17427535920618922
4.0	0.1689890891536031
4.0	0.15971914124998499
4.0	0.15835845219250205
4.0	0.15649215928719035
4.0	0.15214515486254615
4.0	0.1479019945774904
4.0	0.14301938838683886
3.0	0.14301938838683886
4.0	0.1378663129744339
4.0	0.13693063937629157
4.0	0.1328422328310143
3.0	0.1318760946791574
4.0	0.12843225981358714
4.0	0.12499999999999999
4.0	0.12431128952471174
4.0	0.1224744871391589
4.0	0.1211815140588427
4.0	0.11918282365569904
3.0	0.11889286782095716
4.0	0.11750399798510544
4.0	0.11547005383792516
4.0	0.11547005383792516
4.0	0.11531640100361065
4.0	0.11522033948052686
4.0	0.11504474832710557
4.0	0.11504474832710557
4.0	0.11469554798911044
4.0	0.1124406515471026
4.0	0.1124406515471026
4.0	0.11180339887498951
4.0	0.11067971810589328
3.0	0.10963225241337866
4.0	0.10850463498834273
4.0	0.10840342283956414
4.0	0.10540925533894598
4.0	0.1050854166156088
3.0	0.10471347707292389
4.0	0.10350983390135313
4.0	0.10206207261596574
4.0	0.10127393670836667
