True Label: 0.0
4.0	0.2182178902359924
4.0	0.15130688316720062
4.0	0.14547859349066158
4.0	0.12858612496840993
4.0	0.12222646627042817
0.0	0.11976262619132591
4.0	0.11904761904761907
4.0	0.1126872339638022
1.0	0.11085479909473867
4.0	0.1091089451179962
4.0	0.10585122480499264
4.0	0.10585122480499264
4.0	0.10286889997472795
4.0	0.10286889997472795
0.0	0.10223972648864955
4.0	0.10012523486435176
4.0	0.09759000729485331
1.0	0.08728715609439697
3.0	0.08728715609439697
4.0	0.08478078067985947
4.0	0.08399210511316162
4.0	0.08247860988423225
4.0	0.08224396186997113
4.0	0.08035434036903079
2.0	0.07968190728895957
4.0	0.07938841860374447
4.0	0.07938841860374447
3.0	0.0764442070863689
0.0	0.07576144084141581
0.0	0.07576144084141581
0.0	0.07576144084141581
3.0	0.07576144084141581
2.0	0.0740359995025151
2.0	0.0740359995025151
1.0	0.07344281140221662
4.0	0.07273929674533079
0.0	0.07262730392025629
3.0	0.07079923254047887
4.0	0.07023629858283459
3.0	0.06914781822318997
4.0	0.06900655593423542
0.0	0.06825236327899352
4.0	0.0657951694959769
4.0	0.0657951694959769
4.0	0.0657951694959769
4.0	0.0657951694959769
0.0	0.06546536707079773
4.0	0.06366070140792304
4.0	0.06299407883487121
4.0	0.06299407883487121
