True Label: 0.0
1.0	0.4015173158076243
0.0	0.3721412588215468
3.0	0.3632995072753774
4.0	0.30015317846287876
3.0	0.2942449431682499
0.0	0.2754306972098739
0.0	0.2729298933144549
4.0	0.25584085962673253
4.0	0.2504170917720613
4.0	0.2500216440847122
0.0	0.23974168714477653
4.0	0.22894552281285696
4.0	0.21796176586341728
3.0	0.20542871497869772
4.0	0.20536387346569995
1.0	0.20031323433445375
3.0	0.1893828483347551
4.0	0.17499145570392288
0.0	0.1648058063306571
3.0	0.1578182506843426
0.0	0.1501820912404141
1.0	0.14122933801400886
4.0	0.13674728041105133
3.0	0.13417078735707713
4.0	0.1265060784262475
1.0	0.11700358786034092
4.0	0.11236664374387369
3.0	0.10934588121703731
4.0	0.10552897060221728
4.0	0.10358693620917733
2.0	0.10337157331420194
3.0	0.10269856560587325
4.0	0.10163945352271772
4.0	0.10087809858143491
3.0	0.10063500504957655
3.0	0.10063293940405618
4.0	0.09856291665544398
4.0	0.09811049102515929
3.0	0.09296421084270902
4.0	0.09280323373346189
0.0	0.09147550817044595
1.0	0.09072599084222782
4.0	0.08934350362952098
0.0	0.08918825850158447
4.0	0.08864531392871873
4.0	0.08852677897456387
4.0	0.08827348295047496
4.0	0.08792173066837988
4.0	0.08763704002132353
4.0	0.08740073734751264
