True Label: 0.0
4.0	0.41702882811414954
3.0	0.35759926992607577
4.0	0.2919201796799047
4.0	0.27379283909669677
4.0	0.2514778453847726
4.0	0.2459501847605383
4.0	0.24573659359149527
4.0	0.23312620206007845
3.0	0.22750787759664506
4.0	0.22470176588194146
4.0	0.22291128503014115
4.0	0.22291128503014115
4.0	0.22116293423234573
4.0	0.21535276082326618
4.0	0.20981358185407062
4.0	0.20981358185407062
4.0	0.20851441405707477
4.0	0.20295302744752153
4.0	0.19658927487319622
4.0	0.19658927487319622
4.0	0.19134594929397594
4.0	0.1884336657203579
4.0	0.1884336657203579
4.0	0.18057877962865382
4.0	0.17782168978975482
4.0	0.17083336359718304
4.0	0.16718346377260587
3.0	0.16282240225645905
4.0	0.16058821968029052
4.0	0.16051447078102563
4.0	0.15860415979130432
4.0	0.15762208124782012
4.0	0.15762208124782012
4.0	0.1563858105428061
4.0	0.1563858105428061
3.0	0.14980117725462766
4.0	0.14744195615489716
4.0	0.14744195615489714
4.0	0.14744195615489714
4.0	0.14543584966911588
4.0	0.14350946197048195
4.0	0.14098147537004826
4.0	0.14098147537004826
4.0	0.13900960937138318
3.0	0.13530201829834768
4.0	0.13459547551454137
4.0	0.1264304343560434
4.0	0.1264304343560434
3.0	0.1257389226923863
4.0	0.1257389226923863
