True Label: 0.0
4.0	0.3380617018914066
4.0	0.3206117249455934
4.0	0.3154466340720224
4.0	0.3077287274483318
3.0	0.2942847571110839
4.0	0.2917299829957891
4.0	0.2886751345948129
4.0	0.2671036121482476
4.0	0.26499947000159
4.0	0.26382242650554316
4.0	0.254000254000381
2.0	0.254000254000381
4.0	0.2509621587837262
4.0	0.25
4.0	0.24514516892273006
4.0	0.23570226039551587
4.0	0.23249527748763857
4.0	0.23211917272131483
4.0	0.22941573387056174
4.0	0.22613350843332272
4.0	0.22613350843332272
4.0	0.22360679774997896
4.0	0.22360679774997896
4.0	0.22360679774997896
3.0	0.2230544540547985
4.0	0.2182178902359924
0.0	0.2165063509461097
4.0	0.21320071635561041
4.0	0.21320071635561041
4.0	0.20277677641345318
4.0	0.19695964928958382
4.0	0.19642857142857142
3.0	0.1954822631785076
4.0	0.19518001458970666
4.0	0.19364916731037082
2.0	0.19205531989934396
4.0	0.1889822365046136
4.0	0.1889822365046136
4.0	0.1875
4.0	0.18633899812498247
1.0	0.18569533817705186
4.0	0.18257418583505536
2.0	0.18257418583505536
4.0	0.18190171877724973
4.0	0.18190171877724973
4.0	0.18190171877724973
4.0	0.1796053020267749
2.0	0.1796053020267749
3.0	0.1786086270779401
4.0	0.1767766952966369
