True Label: 0.0
4.0	0.20044593143431827
4.0	0.18898223650461363
4.0	0.1889822365046136
3.0	0.18712029714127995
4.0	0.1749635530559413
4.0	0.16035674514745465
3.0	0.15430334996209194
4.0	0.15430334996209194
4.0	0.14285714285714288
4.0	0.13957263155977065
4.0	0.13801311186847084
4.0	0.13750477455423168
4.0	0.12779426560640605
4.0	0.12262786789699316
4.0	0.12087344460380704
4.0	0.11952286093343936
2.0	0.11709377101687012
2.0	0.11695217633781757
4.0	0.11454053224818188
4.0	0.11145564251507058
4.0	0.11026356928399425
4.0	0.10690449676496977
4.0	0.1037174767056278
4.0	0.10350983390135313
4.0	0.10286889997472795
4.0	0.10101525445522107
4.0	0.09925833339709303
4.0	0.09925833339709303
4.0	0.09723055853282467
4.0	0.09723055853282467
4.0	0.09449111825230681
4.0	0.09449111825230681
4.0	0.09449111825230681
4.0	0.09356014857063996
1.0	0.08948568254131321
4.0	0.0890870806374748
3.0	0.0890870806374748
4.0	0.08748177652797065
4.0	0.08559209850218259
4.0	0.08559209850218258
4.0	0.08451542547285167
4.0	0.08451542547285167
4.0	0.08451542547285167
4.0	0.08417937871268422
4.0	0.08417937871268422
4.0	0.08359173188630294
4.0	0.08151391459392224
4.0	0.08058229640253803
4.0	0.08058229640253803
0.0	0.08058229640253803
