True Label: 0.0
4.0	0.3273268353539886
3.0	0.3254553167805212
3.0	0.3009646327144231
4.0	0.28287619092800903
4.0	0.27216552697590873
4.0	0.268939393939394
4.0	0.262445329583912
4.0	0.2611164839335468
4.0	0.25408390302421974
4.0	0.24504901470490173
4.0	0.24093471232621333
4.0	0.2357022603955159
4.0	0.2314550249431379
0.0	0.22821773229381925
4.0	0.22821773229381925
0.0	0.2253744679276045
4.0	0.22360679774997896
4.0	0.22047927592204924
4.0	0.21957751641342
4.0	0.2175970699446223
4.0	0.214422506967559
4.0	0.21081851067789198
4.0	0.21081851067789198
4.0	0.21067524290009615
4.0	0.2100420126042015
4.0	0.2100420126042015
4.0	0.21004201260420147
0.0	0.20833333333333337
4.0	0.20517363361619226
4.0	0.20412414523193154
4.0	0.20211302086361083
4.0	0.2
4.0	0.1986798535597566
4.0	0.1944444444444445
4.0	0.19364916731037085
4.0	0.19245008972987526
3.0	0.19117977822546817
4.0	0.1904761904761905
4.0	0.18976802881914745
4.0	0.18898223650461363
4.0	0.18633899812498247
4.0	0.18582777905985867
4.0	0.18480531773864325
3.0	0.1846372364689991
3.0	0.1825741858350554
4.0	0.18146654657782446
4.0	0.18146654657782446
4.0	0.18057877962865385
4.0	0.18042195912175807
4.0	0.17817416127494962
