True Label: 0.0
4.0	0.34090909090909094
3.0	0.3198010745334156
4.0	0.313259596525809
4.0	0.2960782627318961
3.0	0.25446702511742253
4.0	0.24210006235312612
4.0	0.23745873604346546
4.0	0.2317059247728407
4.0	0.2297518743202451
4.0	0.2247332874877474
4.0	0.22305671869347438
3.0	0.21784053711447765
4.0	0.21589388479418642
4.0	0.2154101092138323
4.0	0.2117934355218394
4.0	0.20751433915982237
1.0	0.20653399879025403
4.0	0.19680547341524113
4.0	0.19287013017818797
0.0	0.19125921305936242
4.0	0.18642105147413296
4.0	0.18337171616451847
4.0	0.18281810603178267
4.0	0.18090680674665818
4.0	0.17289101870203116
3.0	0.17003985239310565
3.0	0.16927685107455068
4.0	0.16796775328675628
4.0	0.16685595311797868
4.0	0.16670783417789514
4.0	0.16670783417789514
4.0	0.1651445647689541
4.0	0.1645362954286044
4.0	0.1637444351650894
4.0	0.1624591083221647
4.0	0.15909090909090912
4.0	0.15909090909090912
4.0	0.15731330124142318
4.0	0.15691147861521196
4.0	0.15563575436986676
4.0	0.15557179884862515
4.0	0.15411144734724674
4.0	0.15164684658696348
3.0	0.15075567228888181
4.0	0.15075567228888181
4.0	0.15075567228888181
4.0	0.1507556722888818
4.0	0.1507556722888818
0.0	0.14996894455831022
0.0	0.1495732566032748
