True Label: 0.0
4.0	0.20211302086361077
4.0	0.19047619047619047
4.0	0.16666666666666666
4.0	0.16081688022566923
4.0	0.1386750490563073
4.0	0.12830005981991682
4.0	0.12071432805669136
4.0	0.1156320521893267
4.0	0.10910894511799618
3.0	0.10910894511799618
4.0	0.10660035817780522
4.0	0.10660035817780521
4.0	0.10540925533894598
4.0	0.10206207261596575
4.0	0.10206207261596575
4.0	0.10105651043180539
4.0	0.09829463743659808
4.0	0.09820927516479827
4.0	0.09820927516479827
4.0	0.09805806756909201
4.0	0.09622504486493763
4.0	0.09589940926145842
4.0	0.09525009525014289
4.0	0.09454694757372271
4.0	0.0944911182523068
4.0	0.09316949906249122
4.0	0.09245003270420485
4.0	0.09081039465709735
4.0	0.09081039465709735
4.0	0.08980265101338746
4.0	0.08964214570007953
0.0	0.08838834764831843
3.0	0.08778086039709793
4.0	0.08606629658238703
3.0	0.08574929257125441
2.0	0.08481889296799709
4.0	0.08333333333333333
4.0	0.08333333333333333
4.0	0.08333333333333333
4.0	0.08206099398622181
4.0	0.08171505630757667
4.0	0.08111071056538127
4.0	0.08084520834544431
4.0	0.08084520834544431
0.0	0.08084520834544431
4.0	0.08006407690254357
4.0	0.07938161203464003
0.0	0.07905694150420947
4.0	0.07647191129018724
0.0	0.07606059655436889
