True Label: 0.0
4.0	0.9999999999999996
4.0	0.4999999999999998
4.0	0.1624591083221647
4.0	0.15569978883230456
0.0	0.1300780702702738
4.0	0.12856486930664499
4.0	0.12309149097933274
4.0	0.12309149097933272
4.0	0.11677484162422842
4.0	0.11631052629980884
4.0	0.11396057645963795
4.0	0.10660035817780521
4.0	0.10514994558491725
4.0	0.10448925095464309
4.0	0.10448925095464309
4.0	0.09753841331435326
4.0	0.09642365197998373
4.0	0.09594781857618334
4.0	0.09572994763343544
4.0	0.09304842103984708
4.0	0.09278370237815069
4.0	0.09231861823449955
4.0	0.08891084489487741
4.0	0.08869685939836239
4.0	0.08860319399006453
3.0	0.08744460559936335
4.0	0.08703882797784893
3.0	0.08528028654224418
3.0	0.08257228238447703
4.0	0.08257228238447703
4.0	0.07918075824648957
4.0	0.07756315349925286
4.0	0.07756315349925286
4.0	0.07537783614444091
4.0	0.07537783614444091
0.0	0.0753778361444409
3.0	0.0753778361444409
4.0	0.0753778361444409
4.0	0.07422696190252055
4.0	0.07422696190252054
4.0	0.07282190812544191
4.0	0.07207499701564471
3.0	0.07186994682200862
3.0	0.07106690545187014
4.0	0.07106690545187014
4.0	0.07106690545187014
4.0	0.07082640762018087
4.0	0.06978631577988531
4.0	0.06818181818181818
4.0	0.0674199862463242
