True Label: 0.0
4.0	0.2592300199668868
3.0	0.25286852234937635
4.0	0.24333213169614384
4.0	0.20328584951250755
4.0	0.18087471255413523
0.0	0.17427416889423142
4.0	0.15423817430978112
4.0	0.1540789086069842
0.0	0.15389675281277312
4.0	0.15214515486254612
4.0	0.15048231635721154
3.0	0.14896989288278104
1.0	0.14147911460452756
0.0	0.13674137786306492
3.0	0.13402774106187743
3.0	0.13043729868748774
1.0	0.12909944487358058
1.0	0.1270497710556396
4.0	0.12188452260031926
0.0	0.1210455065337605
4.0	0.1194461283053603
0.0	0.11858541225631422
3.0	0.11550541805308884
4.0	0.11482880304365634
1.0	0.11306675421666136
4.0	0.10540925533894599
3.0	0.10482848367219183
3.0	0.10425720702853739
2.0	0.09643959372630746
4.0	0.09643959372630746
2.0	0.09612155319881692
4.0	0.09576635971035923
4.0	0.09039928358475427
4.0	0.09028938981432691
4.0	0.08663791001045901
3.0	0.08492077756084469
1.0	0.08416752162709648
4.0	0.08277215972207039
2.0	0.08084520834544433
4.0	0.08038016213055944
4.0	0.08025723539051281
0.0	0.07995026863335392
0.0	0.07978559231302819
4.0	0.07856742013183862
0.0	0.0776455034172182
4.0	0.07509392614826384
3.0	0.07372097807744857
4.0	0.07365695637359872
0.0	0.07261843774138907
0.0	0.0709034202906507
