True Label: 0.0
4.0	0.3670651741928988
3.0	0.32328954364819484
4.0	0.32118202741878643
3.0	0.2672612419124244
4.0	0.26539552107881487
4.0	0.24120907566221092
4.0	0.23094010767585035
4.0	0.22710998958306758
4.0	0.2267786838055363
3.0	0.202837021134844
4.0	0.2
4.0	0.2
0.0	0.1856558243265828
3.0	0.16329931618554522
4.0	0.15894388284780528
4.0	0.158113883008419
4.0	0.15652475842498528
3.0	0.15491933384829668
4.0	0.1527525231651947
4.0	0.152127765851133
4.0	0.15000000000000002
4.0	0.15000000000000002
4.0	0.15000000000000002
3.0	0.1455213750217998
4.0	0.1455213750217998
0.0	0.14230249470757708
4.0	0.14142135623730953
4.0	0.14
4.0	0.1392621247645583
3.0	0.1392621247645583
2.0	0.1347150628109127
2.0	0.1347150628109127
4.0	0.13333333333333333
0.0	0.1313198307917874
4.0	0.13130643285972254
2.0	0.12780193008453877
4.0	0.12780193008453877
4.0	0.12780193008453877
4.0	0.12572371141874245
4.0	0.12247448713915893
4.0	0.12247448713915893
3.0	0.12060453783110546
4.0	0.12060453783110546
4.0	0.11704114719613057
4.0	0.11470786693528087
4.0	0.1143739277494535
4.0	0.11338934190276817
4.0	0.10954451150103321
4.0	0.10954451150103321
3.0	0.10932163332202426
