True Label: 0.0
0.0	0.11189084777289188
0.0	0.11017987775824796
3.0	0.10296701053586926
4.0	0.10050378152592121
0.0	0.09622504486493763
2.0	0.09030472819714619
1.0	0.08753762190648172
3.0	0.08595177052156613
1.0	0.08574929257125442
0.0	0.07354355067681902
3.0	0.07042952122737639
0.0	0.06955625543275189
4.0	0.06928424943421167
4.0	0.06804138174397717
3.0	0.0668153104781061
1.0	0.06600983619844496
0.0	0.06537204504606135
2.0	0.06354107097191862
4.0	0.06350006350009525
4.0	0.06350006350009525
3.0	0.06253989786553803
4.0	0.06154574548966637
4.0	0.06085806194501846
4.0	0.06085806194501846
4.0	0.06085806194501846
1.0	0.05892556509887897
4.0	0.05892556509887897
2.0	0.05892556509887897
4.0	0.05759122837209067
4.0	0.05716619504750295
4.0	0.05716619504750295
0.0	0.05716619504750295
1.0	0.05637345210021217
4.0	0.055555555555555566
4.0	0.055555555555555566
3.0	0.05462677805469224
4.0	0.05391638660171921
0.0	0.05330017908890261
4.0	0.052704627669472995
0.0	0.052704627669472995
3.0	0.052544024062955254
1.0	0.05212860351426869
0.0	0.051978745039030036
0.0	0.05151116061908373
4.0	0.051434449987363975
4.0	0.051434449987363975
4.0	0.051434449987363975
0.0	0.05050762722761054
4.0	0.049507377148833714
3.0	0.049147318718299055
