True Label: 0.0
0.0	0.1905302032918164
1.0	0.17639562846999557
0.0	0.16755026022360178
0.0	0.1647172818672541
0.0	0.14007888143205532
0.0	0.13273296830047474
0.0	0.13187285887758363
0.0	0.13030665534156438
1.0	0.12828042856590857
0.0	0.12330390612049305
4.0	0.12056070554260304
2.0	0.1081532279164548
0.0	0.10656161554226147
0.0	0.10541621925104284
1.0	0.10099464540584713
4.0	0.10012021643290915
3.0	0.09744805811819829
0.0	0.09606506961737249
4.0	0.09007650560460814
0.0	0.08902598089458542
0.0	0.08895749936068606
0.0	0.08715302009814724
0.0	0.08660510269749343
4.0	0.08598739531867793
0.0	0.08546760083846326
1.0	0.08495482076828985
4.0	0.08330505555217069
3.0	0.0831947907049652
4.0	0.08222171874262181
1.0	0.08174781439921426
2.0	0.08082408062828088
0.0	0.08044366359847484
3.0	0.08013706149099184
1.0	0.07874992309581577
0.0	0.07874992309581577
1.0	0.07871753571089844
2.0	0.07691756512289621
4.0	0.07624928516630233
4.0	0.07624928516630233
0.0	0.07624928516630232
2.0	0.0754829412424069
1.0	0.07483832703767801
3.0	0.0747685755693224
4.0	0.07369919197120553
0.0	0.07006720031199982
4.0	0.06997114285413195
1.0	0.06960575579871306
4.0	0.06894417895253628
4.0	0.0664027248558536
4.0	0.06603381797442179
