True Label: 0.0
4.0	0.3678836036909795
3.0	0.28800921644239164
4.0	0.2672612419124244
0.0	0.24809303088898704
3.0	0.23262105259961774
4.0	0.21821789023599242
4.0	0.1970276015597752
4.0	0.18898223650461363
4.0	0.1860968420796942
4.0	0.18394180184548975
4.0	0.1749635530559413
4.0	0.16205093088804112
4.0	0.15811388300841897
4.0	0.15430334996209194
4.0	0.14400460822119582
3.0	0.13801311186847084
3.0	0.13782182541220572
3.0	0.13552618543578768
4.0	0.1336306209562122
4.0	0.1336306209562122
4.0	0.1336306209562122
3.0	0.1336306209562122
4.0	0.1267731382092775
0.0	0.1267731382092775
4.0	0.11572751247156896
3.0	0.11145564251507058
4.0	0.1111873974991652
0.0	0.10798984943120779
3.0	0.107682623063487
4.0	0.10690449676496977
4.0	0.10690449676496977
3.0	0.10639164838253054
0.0	0.10309826235529032
0.0	0.10309826235529032
0.0	0.10309826235529032
4.0	0.10286889997472795
1.0	0.10286889997472795
4.0	0.10022296571715915
4.0	0.10022296571715915
4.0	0.09925833339709303
4.0	0.09759000729485331
4.0	0.09759000729485331
4.0	0.09723055853282467
3.0	0.09723055853282467
3.0	0.09537837826484191
4.0	0.09449111825230681
0.0	0.09085547303895389
4.0	0.08964214570007953
4.0	0.08964214570007953
4.0	0.0890870806374748
