True Label: 0.0
4.0	0.2184260141652595
4.0	0.21693045781865616
3.0	0.21399624418051005
4.0	0.21053539696267973
4.0	0.2051956704170308
3.0	0.1995059687802532
4.0	0.19518001458970663
4.0	0.18540496217739158
4.0	0.1844661968431555
4.0	0.1844661968431555
4.0	0.17078251276599332
3.0	0.1689594545957618
2.0	0.1538405806861192
2.0	0.15339299776947407
4.0	0.15048437774468645
4.0	0.14699368305183338
4.0	0.14638501094227996
4.0	0.14433756729740643
4.0	0.14433756729740643
4.0	0.14433756729740643
4.0	0.14374722712498647
4.0	0.13623731522826651
4.0	0.13207808392448978
4.0	0.13176156917368248
4.0	0.13176156917368248
4.0	0.13176156917368248
4.0	0.13046561461068845
4.0	0.12909944487358058
3.0	0.12909944487358055
4.0	0.1267731382092775
0.0	0.12652755159045562
4.0	0.12532010295690074
4.0	0.125
4.0	0.12456821978060995
4.0	0.12254313051777951
4.0	0.1224744871391589
4.0	0.1224744871391589
4.0	0.12103072956898178
4.0	0.12060453783110545
4.0	0.12048289933537483
3.0	0.11994857707286395
4.0	0.11952286093343936
4.0	0.11934900940733285
4.0	0.11918282365569903
4.0	0.11798497593106737
4.0	0.11359236684941296
2.0	0.112962014264383
0.0	0.11213565339313257
3.0	0.11213565339313256
3.0	0.11180339887498948
