True Label: 0.0
4.0	0.15897177507980864
2.0	0.14474855717883967
2.0	0.1423736993628749
3.0	0.12925469147547067
4.0	0.12878185658223207
0.0	0.12119654139092992
0.0	0.1147926672786139
3.0	0.10952484349916886
3.0	0.09895063594592308
2.0	0.098599960283944
1.0	0.08943184484877226
2.0	0.0885807893036239
0.0	0.08787495503274936
4.0	0.08718572905786447
3.0	0.083967426956286
3.0	0.083967426956286
0.0	0.08395234524499123
4.0	0.08232716573632745
0.0	0.0800400300250219
3.0	0.07936691581827146
4.0	0.07908745952947444
2.0	0.07342362921566559
3.0	0.07261932421315972
1.0	0.07236915579844028
4.0	0.07073558142707104
1.0	0.0706057228199258
4.0	0.07048548430432512
4.0	0.06931669932133819
3.0	0.06923128129835304
4.0	0.06912495151466894
0.0	0.06734506125235393
4.0	0.06711560552140243
4.0	0.06475993376645184
3.0	0.06386067121621357
4.0	0.06375651943743578
3.0	0.06263607679944926
4.0	0.06213697660012001
3.0	0.061522638394618905
4.0	0.059989227391717845
4.0	0.05953593985730023
0.0	0.05756438557017941
4.0	0.05741926219018881
4.0	0.056190417069524254
3.0	0.05575609872796217
4.0	0.05557700143767284
4.0	0.054979628970255615
3.0	0.05389081563200884
3.0	0.05389081563200884
4.0	0.053584730604531366
4.0	0.05252626970392062
