True Label: 0.0
4.0	0.2175970699446223
4.0	0.20801257358446093
4.0	0.1986798535597566
4.0	0.16984155512168939
4.0	0.157485197087178
3.0	0.15386436372416593
4.0	0.14907119849998599
4.0	0.14907119849998599
4.0	0.1466471150213533
4.0	0.14433756729740646
4.0	0.14237369936287486
4.0	0.1386750490563073
4.0	0.13608276348795437
4.0	0.13245323570650439
4.0	0.1320676359488436
4.0	0.12309149097933274
4.0	0.11547005383792518
4.0	0.1091089451179962
4.0	0.0993399267798783
4.0	0.09682458365518543
4.0	0.0912870929175277
4.0	0.08703882797784893
4.0	0.08703882797784893
4.0	0.08333333333333336
4.0	0.08333333333333334
4.0	0.08040844011283463
4.0	0.08006407690254358
1.0	0.0790964996460416
1.0	0.0777713771047819
4.0	0.07715167498104597
4.0	0.07715167498104597
4.0	0.07647191129018727
3.0	0.074535599249993
4.0	0.07453559924999299
2.0	0.07332355751067665
4.0	0.0730766027769335
3.0	0.0700140042014005
4.0	0.0700140042014005
4.0	0.0700140042014005
4.0	0.0700140042014005
4.0	0.06804138174397718
4.0	0.06762522260005743
3.0	0.06622661785325219
4.0	0.06454972243679029
4.0	0.06454972243679029
4.0	0.06454972243679029
4.0	0.06384423980690615
4.0	0.06299407883487121
4.0	0.06299407883487121
4.0	0.06299407883487121
