True Label: 0.0
2.0	0.3596661933850866
4.0	0.35269337134192436
4.0	0.3367175148507369
3.0	0.3091420111676559
4.0	0.302407368379503
3.0	0.2878600502350114
4.0	0.2619684159977919
4.0	0.25302403842552984
1.0	0.24174688920761409
4.0	0.23929002006233246
4.0	0.23809523809523808
0.0	0.2310553440630889
3.0	0.23031745526979647
4.0	0.22454435656953592
4.0	0.21852076045841218
4.0	0.21732171441573994
4.0	0.21239769762143657
4.0	0.20935894733965593
4.0	0.20619652471058064
4.0	0.2014582846233805
3.0	0.20041123720101048
4.0	0.19483740199642174
4.0	0.19483740199642174
3.0	0.19258222162991082
0.0	0.1925822216299108
4.0	0.1920061442949277
2.0	0.1907567565296838
4.0	0.18712029714127992
4.0	0.18689219429686832
4.0	0.1857716147619803
4.0	0.1851946331679053
3.0	0.18516401995451026
4.0	0.1841357310525886
4.0	0.18156825980064073
3.0	0.18156027930441462
4.0	0.17946791717655225
4.0	0.17699808135119716
4.0	0.17634668567096218
4.0	0.17584498711333246
4.0	0.17295817388759027
2.0	0.1724012125289906
4.0	0.17192047651837583
4.0	0.1709408646894569
4.0	0.17078251276599332
4.0	0.16956156135971895
3.0	0.16208817969462153
4.0	0.16060401860990525
4.0	0.15761957833666804
4.0	0.1567723603339241
4.0	0.1559023911155809
