True Label: 0.0
1.0	0.3702967397323252
3.0	0.2918069599925101
1.0	0.2503915429180672
0.0	0.24382992454708535
4.0	0.2265461887154396
4.0	0.22256129312961365
4.0	0.22155636099045922
2.0	0.21575848566842284
1.0	0.19676758717731274
3.0	0.1891028763103918
2.0	0.18015093964441797
3.0	0.17616606585441102
2.0	0.17507524381296344
4.0	0.17068094718295973
4.0	0.16019234629265466
0.0	0.1591674327231873
1.0	0.1438389904456152
0.0	0.13340746919301402
3.0	0.12576875281166858
2.0	0.12379689211803457
2.0	0.11810199887684344
4.0	0.11584509914826263
3.0	0.11197850219117086
1.0	0.10925355610938446
1.0	0.10666840820591536
0.0	0.10285882219856125
3.0	0.10170952554312154
4.0	0.09480257123538013
0.0	0.09476225544736294
4.0	0.09366142407826775
4.0	0.09163212290897084
4.0	0.08706860716269015
3.0	0.08464779113809698
0.0	0.08304547985373997
4.0	0.08304547985373996
3.0	0.08233697408601097
4.0	0.08206652053732659
4.0	0.08125934677318297
0.0	0.08104408984731078
0.0	0.07942954572189347
4.0	0.0786093659031159
1.0	0.07817746657859839
4.0	0.07580980435789035
1.0	0.07580980435789034
3.0	0.0731489773641256
4.0	0.07252642155445858
1.0	0.07206979736213612
0.0	0.0720697973621361
4.0	0.07191949522280763
4.0	0.0719194952228076
