True Label: 0.0
4.0	0.2419187675721697
2.0	0.21721235238152536
4.0	0.2146796018424562
4.0	0.16850803372845688
2.0	0.16220517803501533
3.0	0.1511236112083802
1.0	0.15018785229652767
4.0	0.14092349409045432
4.0	0.14092349409045432
4.0	0.1390988909444943
2.0	0.13678743832430024
3.0	0.1348527647214732
0.0	0.13261106337369144
3.0	0.12978611895375422
1.0	0.12745968803131344
4.0	0.1226534127088309
1.0	0.1215806423352843
1.0	0.11789480302867991
2.0	0.11740724489094445
4.0	0.11609539092457231
2.0	0.11568735818711644
3.0	0.11441061878873114
4.0	0.1136889179648888
1.0	0.11258964389269988
3.0	0.11057356025068663
4.0	0.11027746280096412
4.0	0.11027746280096412
4.0	0.11018891965245052
4.0	0.10918770203614386
3.0	0.10913418429138906
0.0	0.10880087218748573
2.0	0.10770529070357884
4.0	0.10743300085955514
3.0	0.1071024296996657
2.0	0.10658775513008284
4.0	0.10583327509656544
4.0	0.10549283994371911
3.0	0.10546947884740424
4.0	0.10546895116625166
0.0	0.10302801669778637
4.0	0.10237275297108937
0.0	0.10198026940642285
1.0	0.1001550296083127
3.0	0.10014790558463875
4.0	0.09894493544707869
4.0	0.09851020582472192
4.0	0.09851020582472192
4.0	0.09817259643950041
4.0	0.09636357921640672
2.0	0.09586261402960039
