True Label: 0.0
4.0	0.19795189561622392
4.0	0.16116459280507603
4.0	0.14213381090374028
4.0	0.12856486930664499
3.0	0.11677484162422842
4.0	0.11487593716012254
4.0	0.11363636363636362
4.0	0.11134044285378084
3.0	0.11134044285378081
4.0	0.10879853497231115
4.0	0.1037571695799112
4.0	0.1011299793694863
4.0	0.10050378152592121
4.0	0.09304842103984708
4.0	0.09231861823449955
4.0	0.09231861823449955
4.0	0.09140905301589132
3.0	0.08703882797784893
4.0	0.08427498280790524
4.0	0.08257228238447703
4.0	0.08257228238447703
4.0	0.08257228238447703
4.0	0.08206099398622181
4.0	0.08058229640253801
4.0	0.07858682668274143
4.0	0.07756315349925286
4.0	0.07756315349925286
4.0	0.07624042051648265
4.0	0.07614311298414657
2.0	0.07614311298414657
1.0	0.07409237074573118
0.0	0.07385489458759963
3.0	0.07352551778277434
4.0	0.07336739820667776
0.0	0.07336739820667776
0.0	0.07312724241271305
3.0	0.07304136188700311
0.0	0.07253235664820742
4.0	0.07247759457422594
4.0	0.07106690545187014
3.0	0.06978631577988531
4.0	0.0674199862463242
4.0	0.06668313367115805
4.0	0.06596992457003135
3.0	0.0652791209833867
4.0	0.06428243465332249
4.0	0.06428243465332249
4.0	0.06396021490668313
4.0	0.06396021490668313
4.0	0.06396021490668312
