True Label: 0.0
2.0	0.2482137721205607
0.0	0.19968076595771794
3.0	0.1938287215142766
3.0	0.18392019594868114
0.0	0.1761782164952404
2.0	0.17187769439174624
2.0	0.1624228281215466
3.0	0.15717365336548286
1.0	0.15120368418975152
2.0	0.1452999933934219
1.0	0.1421805577594373
3.0	0.14019992744655632
4.0	0.1291653623886614
0.0	0.12878185658223207
2.0	0.12856486930664499
2.0	0.12613124477737828
4.0	0.12253423897041998
3.0	0.12014809376583731
0.0	0.11197850219117086
4.0	0.10112997936948631
4.0	0.09656090991705352
4.0	0.0882230841550732
0.0	0.08395434125416043
0.0	0.08189266356489212
4.0	0.07990034651257415
2.0	0.0787295821622217
2.0	0.07850686719788597
3.0	0.07763454159857902
4.0	0.07312724241271307
3.0	0.07242068243779014
4.0	0.07207499701564471
2.0	0.07106690545187015
4.0	0.06818181818181819
3.0	0.06562179588897107
3.0	0.06286946134619315
3.0	0.06113949850556481
4.0	0.06037778838023017
4.0	0.06032689716608557
4.0	0.06015207623173695
3.0	0.060003000225018754
4.0	0.0594853644534495
4.0	0.059131239598908265
4.0	0.059131239598908265
3.0	0.05802588531856595
4.0	0.05775909822579078
1.0	0.05623215571155333
4.0	0.05504818825631803
4.0	0.05415303610738824
1.0	0.05405624776173354
4.0	0.053014603935100366
