True Label: 0.0
4.0	0.2909571869813232
2.0	0.28507865803991933
3.0	0.24927430906417195
3.0	0.24767414175691188
4.0	0.24003967925959163
4.0	0.22659016162027282
4.0	0.2168940081069281
4.0	0.20348923188911994
4.0	0.19861533663856867
3.0	0.19781414201873615
4.0	0.19716158838352982
2.0	0.19553742198406354
3.0	0.19518001458970666
4.0	0.19437845056815617
4.0	0.19437845056815617
3.0	0.19424963128577205
4.0	0.1922129361096224
4.0	0.1903038067068491
4.0	0.18548520670059354
4.0	0.18548520670059354
3.0	0.18450080463736207
3.0	0.1842264745887353
2.0	0.1840174824912945
4.0	0.18077800332947894
4.0	0.17910946513585801
4.0	0.17685320544750177
4.0	0.1725163898355886
0.0	0.17133069613002577
3.0	0.17125895768225322
4.0	0.17081958701211897
4.0	0.17078251276599332
4.0	0.16926545321120212
4.0	0.16651298598237932
4.0	0.1664500757152958
4.0	0.16561967292569157
4.0	0.16418995248262497
3.0	0.16398401233815757
2.0	0.16268128799957748
4.0	0.16239958858823006
0.0	0.16201851746019652
3.0	0.1608332892742529
3.0	0.16020037578296287
4.0	0.15964024811538646
4.0	0.15831189671532592
4.0	0.158113883008419
4.0	0.1567093587800413
4.0	0.15670935878004127
4.0	0.1556673046799759
0.0	0.15526475085202973
4.0	0.1551678012635246
