True Label: 0.0
1.0	0.47592258955430355
4.0	0.3710230339408912
2.0	0.37033523794278145
4.0	0.3493335058437492
0.0	0.3490431032591575
0.0	0.332145786130958
4.0	0.30397404280422125
4.0	0.30397404280422125
2.0	0.3013287763838655
0.0	0.29754938301067735
4.0	0.2952406987830738
4.0	0.29185673945755825
3.0	0.2888632578696476
2.0	0.27354872681240433
1.0	0.2711037182327069
4.0	0.2683913156290359
0.0	0.26037782196164777
4.0	0.2556859453772113
4.0	0.252218856848462
0.0	0.24953900016094974
4.0	0.24565511032296722
0.0	0.24293152103545468
1.0	0.23796129477715178
4.0	0.23699122097006609
2.0	0.2328890038958328
4.0	0.23247668901849136
4.0	0.21698151830137313
3.0	0.21499629633507072
4.0	0.2083622745480779
4.0	0.20817276812001337
4.0	0.20712928902712277
3.0	0.20658245576704098
4.0	0.2029444275607638
4.0	0.20157779841894052
0.0	0.1968271325220492
4.0	0.19586370464951255
4.0	0.1919530770468844
4.0	0.1897813192928703
4.0	0.18945269338520182
4.0	0.18645380959497918
0.0	0.1858194121033837
4.0	0.1848804774995239
4.0	0.18416040089876745
2.0	0.1836718063943022
4.0	0.17920430732684967
0.0	0.17538407320066007
4.0	0.17397225015980528
4.0	0.17366496893643502
3.0	0.17273555112213856
4.0	0.17166688898011925
