True Label: 0.0
4.0	0.3375699755192885
3.0	0.30128506961562723
4.0	0.28410266057794153
4.0	0.2798845714165278
4.0	0.25438520029955736
0.0	0.21685161701728115
0.0	0.21133322884776543
4.0	0.20991342856239584
4.0	0.1950768266287065
4.0	0.18302853955092352
3.0	0.1829982843991256
3.0	0.17492785713532988
4.0	0.17049858486761837
1.0	0.16713740352130008
4.0	0.15899075018722333
4.0	0.1585073648686646
4.0	0.15749984619163154
4.0	0.15575050474186472
0.0	0.15564320159117262
4.0	0.15441686675075683
4.0	0.15344872638085655
0.0	0.14907914959999966
4.0	0.14794534429106182
0.0	0.14663102735578776
4.0	0.14651588715165131
4.0	0.1460062651305222
4.0	0.1440976044260587
4.0	0.14052929700415248
4.0	0.13794014696151086
2.0	0.1363988678940947
4.0	0.13458343602478032
4.0	0.13311166512794437
3.0	0.13311166512794437
4.0	0.1320676359488436
4.0	0.1320676359488436
4.0	0.12945217625467909
4.0	0.12580490207067815
4.0	0.12453150548765526
4.0	0.12056070554260304
3.0	0.11812488464372366
4.0	0.11739345417674985
4.0	0.11620402679752966
4.0	0.11555918145523814
3.0	0.11495012246792571
4.0	0.11437392774945351
4.0	0.1143739277494535
4.0	0.11408906073737973
4.0	0.11370310713796442
0.0	0.11177244126706527
3.0	0.11095900821829636
