True Label: 0.0
3.0	0.5000000000000014
3.0	0.22523383334283478
4.0	0.21401225412804686
2.0	0.20272121351984576
3.0	0.20258514986701107
4.0	0.19567763610829866
0.0	0.18081269290614913
4.0	0.17689186581457148
4.0	0.17145756078726831
4.0	0.16946215814238966
4.0	0.16681549836770385
1.0	0.16576299111123122
0.0	0.15821689465126115
4.0	0.15767205495988007
4.0	0.15265785694053158
4.0	0.15179363012435326
4.0	0.1392654367049315
3.0	0.13355866915033426
4.0	0.13264663348894795
3.0	0.12829399921102708
4.0	0.1279348826605924
1.0	0.12775031538398043
1.0	0.12634604474433087
3.0	0.12511162377577786
4.0	0.12358026501298067
0.0	0.1210410728760283
2.0	0.1172057760429686
2.0	0.11375161075198628
4.0	0.1116363001361353
1.0	0.10510605295860626
3.0	0.1025038515072502
3.0	0.10162560226249487
2.0	0.10136060675992288
3.0	0.10045432755294886
0.0	0.10008636174658476
2.0	0.09913867708533697
3.0	0.0989345509893455
2.0	0.09882238196023024
3.0	0.09848253641185334
4.0	0.0981539679025934
3.0	0.09679459790533654
4.0	0.09673600179801793
0.0	0.09596105247487251
0.0	0.09565414963030702
3.0	0.0954365325230202
4.0	0.09484567196615132
0.0	0.0917411923132635
4.0	0.08953502356806381
4.0	0.08920492096227964
3.0	0.08917420738752806
