True Label: 0.0
4.0	0.5000000000000001
4.0	0.19579084860925527
4.0	0.1796292478040997
4.0	0.17645150930251385
0.0	0.16584559657935422
4.0	0.16486083935473897
3.0	0.1620211327501049
4.0	0.1618079669911781
1.0	0.1617472168606377
4.0	0.1561440116717653
4.0	0.15511334686589623
4.0	0.1408357580439061
4.0	0.13973827576682674
4.0	0.13828214353094254
2.0	0.1355544171172596
4.0	0.1343968005571561
4.0	0.1341640786499874
4.0	0.1341640786499874
4.0	0.13403325065334257
3.0	0.13350742100998658
4.0	0.13155870289605442
4.0	0.12851509262439983
4.0	0.12701705922171766
0.0	0.1267731382092775
4.0	0.1264911064067352
0.0	0.12649110640673517
4.0	0.125971633549051
4.0	0.12271677122787275
4.0	0.12264447262990155
3.0	0.12122064363978788
4.0	0.12089913477983964
3.0	0.12001218630339684
4.0	0.11925695879998878
2.0	0.11887150534341145
4.0	0.1164445019479164
4.0	0.11626367179523597
4.0	0.11537513392559247
4.0	0.11523048915281595
4.0	0.11441551070947106
4.0	0.11385089071437121
4.0	0.11333333333333334
4.0	0.1131370849898476
4.0	0.10846522890932808
3.0	0.10550087574332595
3.0	0.10550087574332592
4.0	0.10540925533894599
4.0	0.10327955589886446
0.0	0.102211569643285
4.0	0.10141851056742199
4.0	0.10141851056742199
