True Label: 0.0
3.0	0.29388734334825806
4.0	0.2508726030021272
4.0	0.2223747949983304
4.0	0.19611613513818404
4.0	0.16641005886756877
4.0	0.16012815380508716
4.0	0.16012815380508713
0.0	0.1386750490563073
4.0	0.1345345587992625
4.0	0.13323467750529824
4.0	0.1315587028960544
4.0	0.1307440900921227
4.0	0.1254363015010636
4.0	0.1254363015010636
0.0	0.12403473458920847
4.0	0.12257258446136501
4.0	0.12009611535381537
4.0	0.11891287353862351
3.0	0.11566298639324805
4.0	0.11322770341445959
3.0	0.1111873974991652
4.0	0.1111873974991652
4.0	0.10482848367219183
3.0	0.10090091909944687
4.0	0.09805806756909201
4.0	0.09656090991705353
4.0	0.09607689228305227
0.0	0.0947330933431342
1.0	0.09473309334313419
4.0	0.09302605094190634
4.0	0.09302605094190634
4.0	0.09216600735493985
1.0	0.09183979479633064
4.0	0.09119762801702111
4.0	0.09078412990032038
4.0	0.09078412990032037
0.0	0.0886968593983624
4.0	0.08448190755542287
4.0	0.08362420100070908
4.0	0.08362420100070908
4.0	0.08320502943378438
3.0	0.08158924398306319
0.0	0.08006407690254358
4.0	0.08006407690254358
2.0	0.08006407690254358
4.0	0.08006407690254358
2.0	0.07924288517503274
2.0	0.07924288517503274
4.0	0.07862136275414387
4.0	0.07862136275414387
