True Label: 0.0
3.0	0.4952022329254857
4.0	0.4078501935476654
3.0	0.38865631985900695
4.0	0.3652747862045091
4.0	0.36366703342629186
3.0	0.34437841283691145
4.0	0.3370361046796466
4.0	0.33508312663335643
4.0	0.30588764516074907
4.0	0.2980197803396349
4.0	0.29801978033963483
4.0	0.2969328893886963
4.0	0.29566335232293506
4.0	0.2809757434745082
4.0	0.27348170645824377
3.0	0.2734082984025774
4.0	0.26490647141300877
4.0	0.24975621642178508
3.0	0.23961691914926153
4.0	0.23961691914926153
2.0	0.23693955110363696
0.0	0.23414645289542352
2.0	0.22807017543859653
4.0	0.22550336383057945
4.0	0.22528177844479147
4.0	0.22487239817113241
4.0	0.22213082915965965
4.0	0.21978075058813187
4.0	0.21703470119700258
4.0	0.20519567041703085
0.0	0.2049226221651187
4.0	0.20354083960790276
4.0	0.19968076595771794
4.0	0.1903144272279226
4.0	0.18731716231633883
3.0	0.18232113763882918
4.0	0.17699808135119718
4.0	0.17099639201419237
4.0	0.16692446522239718
4.0	0.16652512382443227
4.0	0.16556654463313047
4.0	0.16222142113076257
3.0	0.15672078199387574
4.0	0.15531518604934885
4.0	0.15502478656928756
3.0	0.14605413564499212
0.0	0.14563564388512532
3.0	0.14273582042094196
4.0	0.14119562368122626
4.0	0.1382147381437882
