True Label: 0.0
4.0	0.24573659359149527
4.0	0.2275747818408781
4.0	0.22227711223719354
3.0	0.20981358185407062
4.0	0.19034674690672027
4.0	0.17732484140379767
4.0	0.17349447958987207
4.0	0.16772892513626184
4.0	0.16718346377260587
3.0	0.15717365336548286
4.0	0.1563858105428061
3.0	0.15328875514936824
4.0	0.1517165212272521
4.0	0.14244246232238397
4.0	0.14187608845979144
0.0	0.14154880754301793
4.0	0.1411323503744789
4.0	0.14045016193339743
4.0	0.13987572123604708
4.0	0.13931955314383823
3.0	0.13543408472149038
4.0	0.13459547551454137
4.0	0.13336626734231613
4.0	0.1333662673423161
2.0	0.13240678533309402
4.0	0.1318760946791574
3.0	0.13107603009779922
4.0	0.13032150878567172
4.0	0.129011711635535
3.0	0.128271030566966
3.0	0.128271030566966
3.0	0.1265603907458266
3.0	0.12335879094879224
4.0	0.12163340819996028
4.0	0.12113592796308725
4.0	0.12038585308576923
4.0	0.12038585308576921
4.0	0.11959121830873497
4.0	0.11959121830873497
1.0	0.11922267746843498
4.0	0.11916610679978462
1.0	0.11876113821298817
4.0	0.11821656093586509
2.0	0.11769231639736101
2.0	0.11769231639736101
4.0	0.11672871290758591
4.0	0.11566298639324805
4.0	0.11566298639324805
4.0	0.11566298639324805
4.0	0.11566298639324805
