True Label: 0.0
4.0	0.4999999999999999
4.0	0.2253744679276044
4.0	0.21496368596018361
4.0	0.2086562123829204
4.0	0.1983538814721859
3.0	0.1878672873255448
4.0	0.18257418583505533
4.0	0.1813690625275029
4.0	0.16993235521110622
4.0	0.1651445647689541
4.0	0.1632993161855452
4.0	0.1628290024282287
4.0	0.16129556770910236
4.0	0.15936381457791915
3.0	0.15811388300841897
4.0	0.15214515486254615
0.0	0.14907119849998599
4.0	0.14638501094227996
3.0	0.14433756729740643
4.0	0.1379693190347907
4.0	0.1372132622556689
3.0	0.13459547551454137
4.0	0.13012000972647106
4.0	0.12909944487358055
4.0	0.12909944487358055
4.0	0.12565617248750865
4.0	0.1242259987499883
4.0	0.1225702826071791
1.0	0.12241204793696706
4.0	0.12171612389003691
0.0	0.11986582537134602
3.0	0.11978733415914553
4.0	0.1161895003862225
4.0	0.11593472394004206
4.0	0.11593472394004206
4.0	0.11547005383792514
4.0	0.11547005383792514
3.0	0.11472573281295877
4.0	0.11420804814403215
4.0	0.1126872339638022
4.0	0.1118033988749895
4.0	0.1118033988749895
4.0	0.11123730207865241
4.0	0.1107018606925119
3.0	0.11009637651263604
4.0	0.10748184298009181
4.0	0.10551336327082936
3.0	0.10540925533894598
4.0	0.10540925533894598
3.0	0.1044465935734187
