True Label: 0.0
4.0	0.3666793988112845
4.0	0.21780342093451605
4.0	0.18190171877724973
4.0	0.15401027590842437
4.0	0.1420143204993453
4.0	0.140028008402801
4.0	0.12964074471043288
4.0	0.12738595105969638
4.0	0.12524485821702988
3.0	0.12478354962115543
4.0	0.12126781251816648
2.0	0.11891287353862352
4.0	0.11803342130469506
4.0	0.1143323900950059
3.0	0.11363310286178555
4.0	0.11070186069251191
4.0	0.10727978097782273
4.0	0.10585122480499264
4.0	0.10502100630210075
3.0	0.10341753799900381
3.0	0.10114434748483472
4.0	0.09994449069791544
4.0	0.09901475429766744
4.0	0.09587062360592132
4.0	0.09587062360592132
4.0	0.09513029883089882
4.0	0.0939336436627724
3.0	0.08939981748151894
2.0	0.08856148855400953
3.0	0.08823529411764705
3.0	0.08712136837380642
4.0	0.08515994337054893
3.0	0.08490445135141556
2.0	0.08470986879350872
4.0	0.08444006618414981
4.0	0.0825122952480562
4.0	0.08199200616907877
4.0	0.08134892168199606
4.0	0.08134892168199606
4.0	0.08134892168199606
4.0	0.080488274115042
4.0	0.07756315349925286
4.0	0.07756315349925286
3.0	0.07585826061362605
4.0	0.07585826061362605
4.0	0.075046918991139
1.0	0.07484811885651198
3.0	0.07484811885651198
2.0	0.07397267214553091
4.0	0.07312724241271307
