True Label: 0.0
4.0	0.2860794159408606
4.0	0.23677853202210838
4.0	0.19391446622548786
2.0	0.16202168197707642
3.0	0.16126279404876018
0.0	0.15878573301595084
4.0	0.1580904985694819
3.0	0.13900960937138318
4.0	0.1388229297158217
4.0	0.13324272283470417
2.0	0.13264569909733742
2.0	0.1264304343560434
4.0	0.1263788195613404
3.0	0.12122362139157866
4.0	0.12010891263824122
4.0	0.11916610679978462
4.0	0.11761799222424117
0.0	0.11620053996192364
4.0	0.11440615418736017
4.0	0.11380004591585388
4.0	0.11216904200586986
4.0	0.11138990635924004
4.0	0.11113855611859677
3.0	0.1092167070653668
3.0	0.10763209647786148
4.0	0.10727978097782273
4.0	0.10727978097782273
4.0	0.10543972937807228
3.0	0.10498884552771254
3.0	0.103209369308428
1.0	0.10266540046786908
0.0	0.10223260251369132
0.0	0.10072203103706699
0.0	0.10072203103706699
0.0	0.10011575623838939
4.0	0.09931326192185401
4.0	0.09890707100936805
4.0	0.09832696588260839
4.0	0.09829463743659808
4.0	0.09677978856435156
4.0	0.09623977506706982
4.0	0.09384699950861607
4.0	0.09383881776971761
4.0	0.09363821838346233
4.0	0.09287970209589211
4.0	0.09287970209589211
4.0	0.09268474973316582
4.0	0.09123683852730705
4.0	0.0912250561499702
4.0	0.09100315103865801
