True Label: 0.0
4.0	0.5000000000000001
3.0	0.30618621784789724
4.0	0.2829582292090551
4.0	0.27036903521793754
4.0	0.26190476190476186
4.0	0.2487341690815455
4.0	0.2414286561133827
4.0	0.22360679774997894
4.0	0.2222222222222222
4.0	0.2204792759220492
2.0	0.21950153595617267
4.0	0.2139192965502544
4.0	0.20960938184084413
3.0	0.20232077051387015
4.0	0.20211302086361077
4.0	0.20211302086361077
4.0	0.2
3.0	0.19569842191603265
0.0	0.19518001458970663
4.0	0.18569533817705186
4.0	0.18529116040041885
0.0	0.18446619684315543
3.0	0.18242348487183135
3.0	0.17964080537450716
4.0	0.17684129485855798
4.0	0.17684129485855798
4.0	0.17213259316477406
4.0	0.1714985851425088
3.0	0.1714539990183524
4.0	0.1701758234142103
4.0	0.16666666666666666
4.0	0.16331864497962195
4.0	0.15748862623214335
3.0	0.15379156298021623
3.0	0.15379156298021623
4.0	0.15271022702063053
4.0	0.15214515486254612
4.0	0.1494035761667992
3.0	0.14870296936986566
3.0	0.14869717232215202
4.0	0.14678414098799653
3.0	0.14583333333333331
4.0	0.14547859349066158
4.0	0.14433756729740643
4.0	0.14433756729740643
4.0	0.14294833797837264
4.0	0.14285714285714285
4.0	0.14213381090374028
4.0	0.14213381090374028
3.0	0.14006096780266963
