True Label: 0.0
4.0	0.5000000000000002
4.0	0.2950658533297016
4.0	0.21886638465297897
4.0	0.21375500150404164
3.0	0.1988517615041626
3.0	0.1988517615041626
4.0	0.1936205273387123
4.0	0.18758061837103218
0.0	0.18511466262457718
3.0	0.1809250829306465
4.0	0.1731690076375218
4.0	0.17149858514250882
4.0	0.16386838133611553
4.0	0.1564921592871903
4.0	0.15430334996209194
4.0	0.15369823645472547
0.0	0.15369823645472547
2.0	0.152043452625769
4.0	0.1507556722888818
4.0	0.15014110121296803
4.0	0.14787119128764736
0.0	0.14787119128764734
4.0	0.14565603494813062
3.0	0.14398931371369675
2.0	0.14068546377827418
4.0	0.13718237135667424
1.0	0.13607156464306125
4.0	0.13552618543578768
4.0	0.13468700594029476
3.0	0.1342312110428049
4.0	0.13422374691117608
3.0	0.13084426560044338
4.0	0.13041013273932525
4.0	0.12987675572814136
4.0	0.12730468409700094
4.0	0.1266851929068377
4.0	0.12626906806902635
3.0	0.12371791482634838
3.0	0.12286994105770373
4.0	0.12255632443517697
4.0	0.1224989893875063
4.0	0.12206891554011842
4.0	0.11787671385814781
4.0	0.11664236870396087
4.0	0.11624763874381927
2.0	0.11454053224818186
4.0	0.11421466947621989
3.0	0.11375393879832252
3.0	0.11375228618672284
4.0	0.11206636293610517
