True Label: 0.0
4.0	0.25438520029955736
4.0	0.1978141420187361
4.0	0.19134594929397594
4.0	0.17782168978975482
4.0	0.16282240225645903
2.0	0.15153203133905097
3.0	0.14980117725462766
4.0	0.14350946197048195
4.0	0.14130434782608695
4.0	0.1383469789278028
4.0	0.13650472655798704
3.0	0.13650472655798704
0.0	0.13336626734231613
0.0	0.1276884796138123
4.0	0.12719260014977868
4.0	0.1264304343560434
4.0	0.1257389226923863
4.0	0.12286829679574764
4.0	0.12286829679574764
4.0	0.12267912301642962
4.0	0.12038585308576923
4.0	0.11656310103003922
4.0	0.11566298639324805
4.0	0.11113855611859677
3.0	0.10767638041163309
0.0	0.10456703596426538
0.0	0.10361954228816342
4.0	0.10223260251369135
4.0	0.10189636042253356
0.0	0.10114434748483472
2.0	0.100321544238141
2.0	0.100321544238141
4.0	0.09890707100936805
4.0	0.09851380077988758
3.0	0.09517337345336012
3.0	0.09517337345336012
4.0	0.0936257357841423
4.0	0.0926847497331658
0.0	0.09164720119112209
4.0	0.09074425108007848
4.0	0.09028938981432692
4.0	0.08891084489487741
0.0	0.08759357437106756
4.0	0.08359173188630294
4.0	0.08340576562282992
4.0	0.08178608201095308
4.0	0.08143879346968548
4.0	0.08025723539051281
4.0	0.08025723539051281
4.0	0.07881104062391006
