True Label: 0.0
4.0	0.4283836420813327
0.0	0.410491541874752
0.0	0.34869483697070247
4.0	0.3327050462214763
4.0	0.30397404280422125
3.0	0.2988812888320308
2.0	0.2875282655644674
4.0	0.2857502857504286
2.0	0.2676169317078552
2.0	0.2632801478500043
4.0	0.2613641051214193
0.0	0.254566587488299
4.0	0.2456150850501438
4.0	0.24391931910136144
4.0	0.24249487301974082
4.0	0.23515854050088617
4.0	0.23186944788008412
4.0	0.23007892341722033
4.0	0.2220361701711518
1.0	0.21885688981825285
0.0	0.2168566737391316
4.0	0.2088962389768579
4.0	0.20365326999063918
2.0	0.20197669196600238
4.0	0.2002133586809517
4.0	0.19596545041740515
4.0	0.19596545041740515
4.0	0.19546687117276645
4.0	0.19354838709677424
4.0	0.1919250434911851
4.0	0.1914598952668709
3.0	0.19050019050028577
3.0	0.1872514715682846
3.0	0.1854955583040673
0.0	0.18536949946633163
3.0	0.18476428366433728
0.0	0.1796053020267749
4.0	0.17886363897405214
4.0	0.17611748841908675
4.0	0.17462517462526195
4.0	0.17038855027411945
4.0	0.1694113034992668
1.0	0.1673192686846229
4.0	0.16591227115686802
4.0	0.16164477182409742
4.0	0.16129032258064518
4.0	0.16064386578049977
4.0	0.15960098149757
4.0	0.15875015875023812
4.0	0.15421443992880274
