True Label: 0.0
3.0	0.42246718961904395
4.0	0.42119850119412505
4.0	0.3621034121889507
2.0	0.32803694724189186
4.0	0.3268602252303068
4.0	0.323575114464717
4.0	0.28263343185959744
4.0	0.258696862996185
3.0	0.24459979523511427
4.0	0.23220259381034092
2.0	0.22645540682891915
3.0	0.22645540682891915
3.0	0.22607125827950403
4.0	0.22500749725101
4.0	0.22500749725101
3.0	0.2228668529936766
4.0	0.22190634114964863
3.0	0.2204155075111935
4.0	0.21794871794871792
3.0	0.2179451461774406
4.0	0.21745982800732072
4.0	0.21745982800732072
4.0	0.21571674297647797
4.0	0.2121693794534059
2.0	0.21089025426025731
1.0	0.20951556517860875
4.0	0.20289921431117264
4.0	0.19594670432025907
3.0	0.1943250826893887
4.0	0.19418390934515434
3.0	0.19277164398874674
4.0	0.19138975058773816
4.0	0.19096396641051544
0.0	0.1887128390240993
3.0	0.18731008228253376
4.0	0.18652556069285725
4.0	0.1849000654084097
3.0	0.1836396549058989
3.0	0.18064892093237817
3.0	0.17850138682385414
4.0	0.17792924822272219
0.0	0.17722938923964165
4.0	0.1754116038614058
2.0	0.1754116038614058
3.0	0.17484714926082778
3.0	0.17484714926082778
0.0	0.17220672280053045
3.0	0.1720316974896351
4.0	0.16949172662437553
3.0	0.16916623811273962
