True Label: 0.0
4.0	0.4601578468344406
3.0	0.41195323745022605
3.0	0.3551969517774207
4.0	0.2954715036721204
2.0	0.29329423004270666
4.0	0.28800921644239164
4.0	0.254000254000381
4.0	0.249067740693359
4.0	0.249067740693359
4.0	0.24722569302909872
4.0	0.24096579867074966
4.0	0.23947373603569988
3.0	0.2264012318192479
4.0	0.2217095981894773
4.0	0.21539178460918468
4.0	0.210605884793558
4.0	0.20739033894608505
4.0	0.20528906550577186
4.0	0.20474156690552386
4.0	0.20080483222562473
0.0	0.1987866419864727
4.0	0.19674775073518586
4.0	0.19674775073518586
3.0	0.193217551544405
4.0	0.19145989526687088
3.0	0.18862329556044632
3.0	0.18780794076406515
2.0	0.18215302221567486
4.0	0.18099581544358864
4.0	0.17424273674761284
4.0	0.17424273674761284
0.0	0.17344355039886686
4.0	0.17322673545232234
3.0	0.17297550002576423
4.0	0.1723139057401838
4.0	0.17038855027411945
4.0	0.16933350266692068
4.0	0.16933350266692068
2.0	0.16933350266692068
3.0	0.16829781403596433
4.0	0.16427762763565265
4.0	0.16260700012185933
4.0	0.16260700012185933
4.0	0.1624591083221647
2.0	0.16129032258064518
2.0	0.16097271743639588
4.0	0.16064386578049977
4.0	0.15624182629013278
4.0	0.15554275420956382
3.0	0.15191979065027333
