True Label: 0.0
0.0	0.25819888974716115
4.0	0.253546276418555
3.0	0.21081851067789195
4.0	0.20459830184114206
3.0	0.1978141420187361
4.0	0.1956559480312316
4.0	0.19289712886816485
4.0	0.18685232967091492
0.0	0.18384776310850234
0.0	0.17616606585441102
3.0	0.16854996561581048
4.0	0.1649604017829085
4.0	0.1632993161855452
4.0	0.158113883008419
4.0	0.15811388300841897
4.0	0.15811388300841897
3.0	0.15389675281277312
4.0	0.149071198499986
4.0	0.14704292441876154
4.0	0.14704292441876154
4.0	0.14638501094227999
4.0	0.14509525002200233
2.0	0.1414213562373095
4.0	0.13801311186847084
4.0	0.1318760946791574
4.0	0.1318760946791574
4.0	0.1315587028960544
4.0	0.1315587028960544
4.0	0.12909944487358058
4.0	0.12684804110397171
4.0	0.1264911064067352
3.0	0.1224744871391589
3.0	0.1224744871391589
4.0	0.1224744871391589
0.0	0.12198750911856666
2.0	0.12179969144117252
4.0	0.11858541225631422
3.0	0.11858541225631422
1.0	0.11744404390294069
3.0	0.11547005383792515
1.0	0.11547005383792515
3.0	0.11547005383792515
0.0	0.11359236684941297
4.0	0.11359236684941297
4.0	0.11180339887498951
4.0	0.11180339887498951
4.0	0.11180339887498948
2.0	0.10846522890932808
4.0	0.10690449676496976
2.0	0.10673521004472303
