True Label: 0.0
4.0	0.3105350470222684
4.0	0.25854384499750954
4.0	0.2526124011407279
3.0	0.2475368857441686
4.0	0.23008949665421113
4.0	0.21693045781865616
4.0	0.2000816826662603
4.0	0.19926334924652145
4.0	0.194665182626192
4.0	0.18333969940564226
4.0	0.17424273674761284
4.0	0.17149858514250885
4.0	0.17149858514250885
3.0	0.15821279692676327
4.0	0.1533929977694741
0.0	0.15339299776947407
4.0	0.15151080381571405
4.0	0.15151080381571405
1.0	0.14783926745495934
4.0	0.14625448482542613
2.0	0.1396259748185727
4.0	0.13750477455423168
2.0	0.13098420799889596
1.0	0.12666009927622474
1.0	0.12666009927622474
3.0	0.1264304343560434
4.0	0.12630179559013455
4.0	0.12620201423387503
4.0	0.12524485821702988
3.0	0.12393574172878484
4.0	0.12252450735245086
3.0	0.12126781251816648
4.0	0.12126781251816647
1.0	0.11891287353862352
4.0	0.11803342130469505
4.0	0.11764705882352941
4.0	0.11764705882352941
4.0	0.11764705882352941
4.0	0.11764705882352941
4.0	0.11764705882352941
4.0	0.11458731212852641
3.0	0.1143323900950059
4.0	0.11417885012536655
2.0	0.11405722148884592
4.0	0.11296010219550252
3.0	0.10975998635806083
4.0	0.10914103126634983
4.0	0.1067365887230757
4.0	0.10641576867450481
1.0	0.10632696304385333
