True Label: 0.0
4.0	0.41602514716892197
3.0	0.3595777992321354
3.0	0.3458094950234274
3.0	0.32998316455372223
4.0	0.2842676218074806
4.0	0.2809757434745082
4.0	0.27216552697590873
4.0	0.24759378423606915
0.0	0.24310831916315762
4.0	0.23990405756162692
4.0	0.22360679774997902
4.0	0.22222222222222227
4.0	0.21629522817435004
3.0	0.21166687833365086
3.0	0.19920476822239894
0.0	0.19444444444444448
4.0	0.1924500897298753
2.0	0.18731716231633883
4.0	0.18257418583505536
4.0	0.1811017893314777
4.0	0.1767766952966369
4.0	0.1767766952966369
4.0	0.1767766952966369
3.0	0.173762011714229
4.0	0.17149858514250885
4.0	0.16666666666666669
4.0	0.16051447078102563
2.0	0.158113883008419
4.0	0.158113883008419
0.0	0.1439780709302267
3.0	0.14187608845979144
3.0	0.14187608845979144
4.0	0.14079697633917965
4.0	0.13900960937138318
4.0	0.13793431476706136
4.0	0.13608276348795437
3.0	0.13518451760896877
4.0	0.1336306209562122
2.0	0.1324532357065044
3.0	0.1320989873168695
2.0	0.12909944487358058
4.0	0.12909944487358058
4.0	0.12909944487358058
4.0	0.1270001270001905
4.0	0.1270001270001905
4.0	0.1147078669352809
4.0	0.11322770341445959
4.0	0.11180339887498951
0.0	0.10863489966773518
4.0	0.10814761408717502
