True Label: 0.0
4.0	0.16269784336399212
4.0	0.11504474832710557
3.0	0.1143323900950059
4.0	0.10846522890932808
2.0	0.10648697361300041
4.0	0.10090091909944687
4.0	0.09901475429766744
4.0	0.09723055853282467
4.0	0.09723055853282467
4.0	0.09723055853282465
4.0	0.09469425238482128
4.0	0.0939336436627724
4.0	0.0939336436627724
4.0	0.09356014857063998
2.0	0.09246584018191364
0.0	0.09224100694021362
3.0	0.08823529411764705
4.0	0.08574929257125442
4.0	0.08574929257125442
4.0	0.08574929257125441
4.0	0.08574929257125441
4.0	0.08346223261119858
4.0	0.08084520834544431
4.0	0.08084520834544431
3.0	0.08084520834544431
3.0	0.08031157077540443
1.0	0.07938841860374447
3.0	0.07868894753646337
4.0	0.07669649888473705
4.0	0.07585826061362605
4.0	0.07352941176470588
4.0	0.0727606875108999
4.0	0.07134772412317411
2.0	0.07134772412317411
4.0	0.07134772412317411
4.0	0.0700140042014005
4.0	0.0700140042014005
4.0	0.0700140042014005
4.0	0.06875238727711584
4.0	0.06726727939963124
0.0	0.06662966046527696
0.0	0.06655435850812526
1.0	0.06642111641550714
2.0	0.06642111641550714
4.0	0.06540699401677286
4.0	0.06540208044624293
4.0	0.06538322262074267
0.0	0.06534102628035482
4.0	0.06534102628035482
4.0	0.0651117013393012
