True Label: 0.0
3.0	0.16368657551923899
4.0	0.15914876753019166
4.0	0.1585187847802434
4.0	0.1558573000398393
4.0	0.13533299049019168
4.0	0.12985284527871857
3.0	0.12272322840092714
0.0	0.12201777521731261
2.0	0.11393317879691248
0.0	0.11051997745152202
0.0	0.10591481821704045
4.0	0.10554465585120322
4.0	0.10356475165074899
4.0	0.10356475165074899
1.0	0.10282301407834693
3.0	0.1016814793477605
4.0	0.10023554032663698
4.0	0.09883324222148016
2.0	0.0963083102633046
4.0	0.09421114395319914
3.0	0.09377931061506661
1.0	0.09340808971963416
3.0	0.09296361315318076
3.0	0.09288103752413637
4.0	0.09245003270420483
2.0	0.0922373569389483
4.0	0.08925325701885609
1.0	0.08812394876805908
3.0	0.08739247757928102
3.0	0.08654171211453701
4.0	0.08652997196552321
2.0	0.08449910565778983
0.0	0.08433712268885626
0.0	0.08410342670623604
4.0	0.08300479535665481
4.0	0.08268982305947228
3.0	0.08184328775961949
0.0	0.08171505630757667
4.0	0.08150308433882973
4.0	0.08006407690254357
4.0	0.08006407690254355
4.0	0.07995341468392918
4.0	0.0792593923901217
3.0	0.07862136275414387
4.0	0.07770178301737168
2.0	0.07739189873304562
4.0	0.07620072673656657
4.0	0.075125313370595
0.0	0.0749093443218469
2.0	0.07456096443679157
