True Label: 0.0
4.0	0.18504537000090032
4.0	0.1535737792084878
4.0	0.14663102735578776
2.0	0.14555080922779262
4.0	0.14186538042638172
1.0	0.13797515567074886
3.0	0.1333393806079054
4.0	0.13325932093055393
4.0	0.13325932093055393
4.0	0.13136130227858858
0.0	0.1278494220755533
3.0	0.11895773785772164
4.0	0.11456663002524096
3.0	0.1096170095311405
4.0	0.10639903531978628
4.0	0.10186932065428747
3.0	0.09868274229828969
0.0	0.09835037748707916
4.0	0.09596278900646882
4.0	0.09428518022706393
4.0	0.09214426752509268
4.0	0.09177788727679405
4.0	0.08992359739952711
4.0	0.0899235973995271
4.0	0.08927525731124829
4.0	0.08798117404291673
0.0	0.08785611189861342
0.0	0.08593956947351135
4.0	0.08580846402802883
0.0	0.08440860444844518
4.0	0.08411582311380666
4.0	0.08283153665625823
1.0	0.08283153665625823
4.0	0.08283153665625823
4.0	0.08179702548889206
4.0	0.08101084098853821
4.0	0.07878560584730045
4.0	0.07798989061877763
4.0	0.07787611974767476
4.0	0.07787611974767475
0.0	0.0765216491239271
1.0	0.0765216491239271
4.0	0.07601514248353713
1.0	0.07527312536285749
1.0	0.07527312536285749
4.0	0.07364050438811338
0.0	0.07341392013851675
3.0	0.0718552854699952
4.0	0.07173421497882157
3.0	0.07073647216035954
