True Label: 0.0
3.0	0.1951800145897066
4.0	0.1878672873255448
4.0	0.1878672873255448
3.0	0.1715500784885551
4.0	0.12403473458920844
4.0	0.12198750911856662
1.0	0.11986582537134602
4.0	0.11236664374387367
3.0	0.10639903531978628
0.0	0.10540925533894598
4.0	0.10540925533894596
4.0	0.10206207261596575
4.0	0.0975900072948533
1.0	0.09274777915203365
0.0	0.09004503377814962
1.0	0.08944271909999156
4.0	0.08885233166386383
4.0	0.08885233166386383
3.0	0.08606629658238703
3.0	0.08606629658238703
4.0	0.08606629658238703
2.0	0.08502303018977035
0.0	0.08489527199560176
4.0	0.08451542547285165
4.0	0.08451542547285165
4.0	0.08333333333333331
3.0	0.08257228238447703
3.0	0.08257228238447703
0.0	0.0805629233294362
3.0	0.0798935461936961
4.0	0.07905694150420949
0.0	0.07874992309581577
3.0	0.07829602926862712
4.0	0.0778498944161523
4.0	0.0778498944161523
4.0	0.07745966692414834
4.0	0.07594084992563561
4.0	0.07453559924999299
4.0	0.07404360971988652
3.0	0.07302967433402215
4.0	0.07161148740394328
3.0	0.07027283689263064
0.0	0.07027283689263064
4.0	0.06900655593423542
4.0	0.06900655593423542
4.0	0.0674199862463242
4.0	0.0674199862463242
4.0	0.06717120316080383
4.0	0.06666666666666665
4.0	0.06666666666666665
