True Label: 0.0
4.0	0.3850273729397961
4.0	0.29600947245468023
4.0	0.2932942300427065
4.0	0.2743516305843671
4.0	0.2627853742640953
3.0	0.23283356616701595
4.0	0.2229330716868157
4.0	0.21885688981825285
4.0	0.20503729774572366
0.0	0.20095352149607293
4.0	0.1920061442949277
4.0	0.18102512888056818
0.0	0.17570497059762866
4.0	0.17038855027411942
4.0	0.16463819352454367
4.0	0.16230861351605888
4.0	0.16064386578049974
3.0	0.1599861529974029
4.0	0.15866822317897344
4.0	0.15774290243912734
3.0	0.15230841670870793
4.0	0.15139419980681001
3.0	0.1512995122489836
4.0	0.15089863644835705
4.0	0.14664711502135325
4.0	0.14637244327803478
4.0	0.1419904585617662
4.0	0.13637904679860474
4.0	0.13576884666042613
4.0	0.13576884666042613
1.0	0.13478996693836337
4.0	0.13264730648561457
4.0	0.13116516715679058
4.0	0.12997603954770753
0.0	0.12941939442218642
4.0	0.12834408111468276
3.0	0.12831622564368414
4.0	0.12819264261814806
4.0	0.12408019353689165
3.0	0.12195643873326363
4.0	0.11973686801784994
3.0	0.11953375189532206
4.0	0.1185236972314441
4.0	0.11757927025044307
4.0	0.11724476240263546
3.0	0.11643470188241173
4.0	0.11408704035701692
4.0	0.11336125294397119
1.0	0.11208122964699727
4.0	0.11108000715330071
