True Label: 0.0
4.0	0.20739033894608508
4.0	0.1825741858350554
4.0	0.18042195912175807
4.0	0.17677669529663692
4.0	0.17677669529663692
4.0	0.1636634176769943
4.0	0.15430334996209194
4.0	0.14907119849998599
4.0	0.14907119849998599
4.0	0.14907119849998599
3.0	0.14852213144650114
3.0	0.14638501094227999
4.0	0.14433756729740646
4.0	0.1404878717372541
4.0	0.140028008402801
4.0	0.13693063937629157
4.0	0.13608276348795437
4.0	0.1276884796138123
4.0	0.12598815766974242
4.0	0.12500000000000003
4.0	0.12309149097933274
3.0	0.12038585308576923
4.0	0.12009611535381537
4.0	0.11547005383792518
4.0	0.11371470653683552
4.0	0.11322770341445959
4.0	0.1091089451179962
4.0	0.10825317547305485
4.0	0.10206207261596578
4.0	0.10136060675992291
4.0	0.09759000729485333
4.0	0.09682458365518543
4.0	0.09682458365518543
4.0	0.09682458365518543
4.0	0.08838834764831846
3.0	0.08703882797784893
4.0	0.08606629658238706
2.0	0.08492077756084469
4.0	0.08183170883849715
4.0	0.08040844011283463
4.0	0.07930515857181443
0.0	0.07921553131555974
4.0	0.07715167498104597
4.0	0.07715167498104597
4.0	0.07715167498104597
4.0	0.07715167498104597
4.0	0.07453559924999299
4.0	0.07453559924999299
4.0	0.07426106572325057
4.0	0.07216878364870323
