True Label: 0.0
3.0	0.33318419302450913
4.0	0.31578947368421045
4.0	0.2809757434745082
4.0	0.27868202556597693
4.0	0.26218941013778485
4.0	0.2545139051903111
4.0	0.2176428750330035
4.0	0.21497230917000557
4.0	0.2051956704170308
4.0	0.2051956704170308
1.0	0.20025046972870353
3.0	0.1908854288927333
3.0	0.18578772668101992
3.0	0.18353258709644937
4.0	0.17770466332772766
4.0	0.17624204863381399
4.0	0.17309229666190915
4.0	0.17292861596651865
4.0	0.17292861596651865
4.0	0.16943474841747147
4.0	0.16777336319889188
4.0	0.16742770563222895
3.0	0.16692446522239715
4.0	0.1574724447330466
4.0	0.15527934546134445
4.0	0.1538967528127731
0.0	0.15221477058564112
4.0	0.15044836914851759
4.0	0.15018785229652765
4.0	0.14870296936986566
4.0	0.14673479641335554
4.0	0.14426307048351616
3.0	0.14424690557595465
4.0	0.14423243612783815
3.0	0.14350946197048195
4.0	0.14301288794875686
4.0	0.14159846508095772
1.0	0.13977653617040253
1.0	0.13977653617040253
4.0	0.1391037210186643
4.0	0.13904693239779645
4.0	0.13904693239779645
4.0	0.13890442759166005
4.0	0.13834289277321493
4.0	0.13810112140601383
4.0	0.13679711361135388
4.0	0.13679711361135388
0.0	0.13560369541377734
3.0	0.13443969366197606
4.0	0.13440323049513725
