True Label: 0.0
4.0	0.380952380952381
4.0	0.33596842045264647
4.0	0.3289758474798845
4.0	0.3055050463303894
4.0	0.2927700218845599
4.0	0.25717224993681986
4.0	0.25197631533948484
4.0	0.2351585405008862
4.0	0.23328473740792174
4.0	0.23028309323591917
4.0	0.22750787759664504
4.0	0.22047927592204924
4.0	0.2182178902359924
4.0	0.21170244960998527
4.0	0.2057377999494559
4.0	0.2057377999494559
4.0	0.2057377999494559
4.0	0.2057377999494559
4.0	0.19518001458970663
4.0	0.19245008972987526
4.0	0.19218555339901836
4.0	0.19094065395649334
4.0	0.1899342940993966
3.0	0.18898223650461365
4.0	0.18898223650461363
4.0	0.18234920215644926
4.0	0.18156825980064076
4.0	0.17817416127494962
2.0	0.17506692887178837
4.0	0.1749635530559413
4.0	0.1749635530559413
2.0	0.17323371679589583
4.0	0.17118419700436519
4.0	0.1690308509457033
4.0	0.1690308509457033
4.0	0.1690308509457033
4.0	0.1649572197684645
4.0	0.15936381457791915
4.0	0.1591517535198076
4.0	0.15877683720748895
4.0	0.15672078199387576
4.0	0.15590239111558093
4.0	0.15586992159713742
4.0	0.1543033499620919
4.0	0.15018785229652765
4.0	0.14803913136594804
4.0	0.14730858484207093
4.0	0.14285714285714288
4.0	0.14028292943742368
4.0	0.13957263155977062
