True Label: 0.0
4.0	0.3964351352207269
0.0	0.38023296405759077
0.0	0.35941942409813826
0.0	0.317545764505747
4.0	0.2811607785577666
3.0	0.2739404761196107
4.0	0.26083601501916664
0.0	0.24642612570381567
0.0	0.24512454633080358
4.0	0.23185423557259255
3.0	0.2074586380880473
3.0	0.1884057971014493
0.0	0.17692132101812405
3.0	0.15727516013708914
1.0	0.15272993165088564
4.0	0.12903971808580209
3.0	0.1286978904175574
1.0	0.12816052735903852
4.0	0.1257389226923863
2.0	0.12055293970758948
4.0	0.11375393879832253
2.0	0.11121384909987587
3.0	0.09705144524564202
0.0	0.0953598053136202
3.0	0.09466969905739606
4.0	0.09285459608054067
4.0	0.09194621406122841
3.0	0.08964609843706581
3.0	0.08841287385171748
0.0	0.08770022675973896
4.0	0.08748107913694352
3.0	0.07617454527212815
4.0	0.07588058171477517
4.0	0.07583595919888168
4.0	0.07529687174283255
4.0	0.07409237074573118
4.0	0.07407234307385677
4.0	0.07384885497854733
4.0	0.07122123116119199
4.0	0.07047932310512822
0.0	0.06914683764647886
3.0	0.06872819031412074
2.0	0.06804610733218608
4.0	0.06677805632941777
0.0	0.06552975829106542
0.0	0.0655297582910654
4.0	0.06478856736768894
1.0	0.06449772909574245
4.0	0.06437615981993774
4.0	0.06286946134619315
