True Label: 0.0
2.0	0.22414860998164327
0.0	0.20180183819889372
1.0	0.1803903429920959
3.0	0.17693620820214617
4.0	0.16954745697009221
4.0	0.1637259963563136
3.0	0.16314711653683206
4.0	0.1535242712190619
0.0	0.13289716036399246
2.0	0.12397524074874558
2.0	0.12121377561425002
4.0	0.11922267746843498
3.0	0.11678341998714963
2.0	0.11536243243422589
0.0	0.11456850651364103
4.0	0.11155016321829003
3.0	0.11058672612085899
4.0	0.10874361401884468
3.0	0.10873404029781202
0.0	0.10604867176786317
4.0	0.10584081201417456
3.0	0.10298156932145433
4.0	0.10282301407834693
4.0	0.10275246654751795
3.0	0.10140923928935458
2.0	0.10124757358499709
2.0	0.10124757358499709
2.0	0.09824395980717036
0.0	0.09784331549037273
1.0	0.09669671413696992
4.0	0.0932829327062819
3.0	0.09291715884113791
0.0	0.09192211066370803
0.0	0.09185681429330271
4.0	0.08988968316207743
0.0	0.08925069341192707
3.0	0.08803634167933042
4.0	0.08769911882009539
0.0	0.08743854137455331
3.0	0.0871285542762974
1.0	0.08707419255879154
4.0	0.08696221409367252
4.0	0.08684168428648434
0.0	0.08668036538710733
4.0	0.08568560000317674
2.0	0.0849739028569766
4.0	0.08487694747918388
3.0	0.08457092023163157
3.0	0.08457092023163157
4.0	0.08415718409536588
