True Label: 0.0
4.0	0.3347270676350703
4.0	0.2542535198465295
4.0	0.2526791795090808
2.0	0.20516900950995837
3.0	0.19919073581590024
4.0	0.17966918524703157
4.0	0.17407965933030847
3.0	0.17333483566243058
4.0	0.1679326821773689
3.0	0.16487322832173282
4.0	0.1640388744406238
4.0	0.16143643859972123
0.0	0.158554926774507
4.0	0.15547589723067046
4.0	0.15398903656636775
4.0	0.14877444443511925
0.0	0.14804822646823138
4.0	0.13889103228555547
4.0	0.13702976700452157
4.0	0.13702976700452157
4.0	0.13547261056128837
3.0	0.1296841170106876
4.0	0.1268957461762762
4.0	0.12256623771276048
4.0	0.12232778177150305
0.0	0.12006416214975003
4.0	0.11697186173536493
4.0	0.1162736129679718
3.0	0.11571345678287054
4.0	0.11571345678287054
4.0	0.10288402219457808
4.0	0.10068247918434148
4.0	0.10027894056973136
4.0	0.09988021556890525
0.0	0.09878380238467091
3.0	0.09791318205976883
4.0	0.0950735536511291
2.0	0.09349856793378901
0.0	0.09249037395179574
4.0	0.09200289997711164
4.0	0.09166878277564272
4.0	0.09154172965460303
4.0	0.09014406392009666
3.0	0.08706279477002847
4.0	0.08566650824470448
4.0	0.08469401324783155
4.0	0.08348691094125925
4.0	0.08309586939600053
4.0	0.08097213504812638
3.0	0.08093082062375807
