True Label: 0.0
4.0	0.25197631533948484
4.0	0.21081851067789195
3.0	0.18102759702922133
1.0	0.14337801261772545
4.0	0.13888888888888892
4.0	0.1380335830230966
0.0	0.13545709229571928
4.0	0.13471506281091267
4.0	0.12598815766974242
4.0	0.12309149097933272
3.0	0.11785113019775793
4.0	0.11340230290662863
4.0	0.11157311356586717
4.0	0.11111111111111113
3.0	0.11037769642208697
4.0	0.10721125348377948
2.0	0.10540925533894598
4.0	0.10540925533894598
4.0	0.10532224809726146
4.0	0.09938079899999065
4.0	0.09938079899999065
4.0	0.09933992677987827
4.0	0.0959294219086619
4.0	0.09492150073749639
0.0	0.09449111825230681
4.0	0.09375732507716866
4.0	0.09365858115816941
2.0	0.09252268500045015
2.0	0.09252268500045015
4.0	0.09016696346674324
4.0	0.0879315572640824
4.0	0.08333333333333334
3.0	0.08253126141202305
4.0	0.08251229524805617
0.0	0.08166315725101855
3.0	0.08157875086438007
4.0	0.08070799974651552
4.0	0.08025723539051281
4.0	0.08025723539051281
4.0	0.08006407690254358
4.0	0.08006407690254358
2.0	0.07820618870057751
3.0	0.07784989441615231
3.0	0.07715167498104597
3.0	0.07715167498104597
2.0	0.07698003589195011
4.0	0.07698003589195011
1.0	0.07607257743127308
4.0	0.07578314362052362
4.0	0.07548513560963972
