True Label: 0.0
4.0	0.4045773899393389
4.0	0.3704792868174742
4.0	0.2533201985524494
4.0	0.2193817272381392
4.0	0.2193817272381392
4.0	0.21693045781865616
4.0	0.20788767860257112
0.0	0.20683507599800763
4.0	0.19802950859533489
4.0	0.18938850476964256
3.0	0.18712029714127995
4.0	0.1764705882352941
4.0	0.17503501050350123
4.0	0.17149858514250885
4.0	0.15655607277128736
4.0	0.14625448482542613
4.0	0.141509827535445
4.0	0.140028008402801
4.0	0.13860924831758192
0.0	0.13795340470068912
2.0	0.1355815361366601
1.0	0.13511320473331348
0.0	0.1325719533387498
4.0	0.13098420799889596
3.0	0.13068205256070964
1.0	0.13017979379106653
3.0	0.12964074471043288
4.0	0.12927192249875477
1.0	0.1288470508005519
4.0	0.12524485821702988
0.0	0.12524485821702988
1.0	0.12320822072673948
4.0	0.1227932537723591
0.0	0.12126781251816647
4.0	0.11764705882352941
4.0	0.11504474832710557
4.0	0.1143323900950059
4.0	0.1129464917246783
4.0	0.11259433727776123
4.0	0.11128297681493143
4.0	0.11095900821829636
3.0	0.11070186069251191
3.0	0.11070186069251191
4.0	0.1096908636190696
4.0	0.1096908636190696
4.0	0.10886919764059902
0.0	0.1084652289093281
4.0	0.10727978097782273
0.0	0.10713431680111603
4.0	0.10585122480499264
