True Label: 0.0
3.0	0.27722741019949276
1.0	0.27006452312170603
4.0	0.2557274291272096
4.0	0.21698256072749417
4.0	0.20868521175527377
4.0	0.20822621155021614
0.0	0.19684947596730384
0.0	0.19272188093368353
3.0	0.18332048772376713
1.0	0.18244941182965668
3.0	0.17689186581457148
4.0	0.1749263702793965
4.0	0.17195418655974795
4.0	0.17095765363684823
2.0	0.1654330342832931
4.0	0.16518490410011438
3.0	0.16333153465605413
0.0	0.155726717517416
3.0	0.15185615910423567
4.0	0.14941627461365115
4.0	0.13961965927729064
3.0	0.1395412817173771
0.0	0.13319129359739187
4.0	0.13034325857390322
4.0	0.12890355289996744
4.0	0.12789252903223972
4.0	0.12769134731011966
4.0	0.12220414472172714
4.0	0.12046325177258128
4.0	0.12046325177258128
4.0	0.11770501270924162
4.0	0.11752512368056713
0.0	0.11667670514421911
4.0	0.11578557731251422
2.0	0.11542653742654609
0.0	0.11510327612901577
3.0	0.11454932108627255
2.0	0.11355625468314624
4.0	0.11149412193707497
0.0	0.10856505886963118
4.0	0.10849128036374708
3.0	0.10822283363465181
4.0	0.10766992353687252
2.0	0.10747827771953064
4.0	0.10728526885571865
4.0	0.10712008743541847
3.0	0.10618487803530949
4.0	0.10569611585330625
4.0	0.10543154471732301
4.0	0.10227197924488118
