True Label: 0.0
4.0	0.6459100397052595
4.0	0.5590509778991232
4.0	0.49552737563403154
4.0	0.49083105597096527
4.0	0.47887014468846645
4.0	0.4715888550720011
4.0	0.4620873428013231
3.0	0.41056451645394626
4.0	0.4047748295440011
4.0	0.39054638013662524
2.0	0.38824485802367653
4.0	0.365958469852297
3.0	0.36191641235393646
4.0	0.3541005788486181
4.0	0.3508904977466217
4.0	0.35046171082749256
4.0	0.34457469381360883
4.0	0.3427592556444707
3.0	0.33957841225098806
3.0	0.3386602794425949
4.0	0.3279749227933328
4.0	0.3254553167805212
0.0	0.3238734008536597
4.0	0.31825208039302466
4.0	0.31513049071233884
4.0	0.30137284040622303
3.0	0.2962617996952164
0.0	0.2929920951977383
4.0	0.2902086032895529
4.0	0.28903609509650074
4.0	0.28593561015603897
4.0	0.2826824066904558
2.0	0.28182461472420717
4.0	0.28020990657918315
3.0	0.2755467025418266
4.0	0.2732672743932998
0.0	0.272740723217479
4.0	0.27115486751765566
4.0	0.27050742848777637
2.0	0.26915198553638375
3.0	0.2685401937488206
3.0	0.2681114302947417
4.0	0.26748278209632825
4.0	0.26303163099960697
4.0	0.2599578624269862
4.0	0.2597196627402334
4.0	0.2597196627402334
3.0	0.2595854216834864
4.0	0.25853602206992954
4.0	0.2585096361442634
