True Label: 0.0
4.0	0.1950270248169677
3.0	0.19021113379816063
4.0	0.13782687566213
4.0	0.129944424547263
4.0	0.12659242088545833
4.0	0.12659242088545833
4.0	0.12009611535381534
1.0	0.1127071135148017
4.0	0.11208048331201154
3.0	0.11134983352076111
3.0	0.11009564541973563
3.0	0.10789915741198385
4.0	0.10534135806621218
4.0	0.10531459340116256
4.0	0.10487727221957427
4.0	0.10482848367219183
2.0	0.10476665619192567
2.0	0.10476665619192567
4.0	0.10453025125088634
4.0	0.10300524052492095
4.0	0.10272267545166476
4.0	0.10003126465607108
4.0	0.0998465079678515
4.0	0.09805806756909202
4.0	0.09745831841044725
4.0	0.09709195467257717
4.0	0.09709195467257717
4.0	0.0970725343394151
4.0	0.09659078181565428
4.0	0.09656090991705353
0.0	0.09629111081495541
4.0	0.09544271444636665
4.0	0.09544271444636665
4.0	0.09302605094190634
4.0	0.09078412990032038
1.0	0.09012958545930584
4.0	0.08951435925492911
2.0	0.08861469461982083
3.0	0.08719300271816643
4.0	0.08719300271816643
0.0	0.08676197643647529
4.0	0.08667190566019206
4.0	0.0861978533959514
3.0	0.0855920985021826
4.0	0.0848769474791839
2.0	0.08453033513610127
4.0	0.08408409924953905
4.0	0.08362420100070908
0.0	0.08321878574196034
0.0	0.08268982305947231
