True Label: 0.0
1.0	0.37166508047061264
4.0	0.3601120674307826
3.0	0.302133320279389
0.0	0.26010470784645845
0.0	0.2545834603467516
4.0	0.2516299559794226
1.0	0.2486823656509969
0.0	0.24618298195866545
4.0	0.24285714285714285
4.0	0.23447857265779776
4.0	0.23406626300544014
0.0	0.23268787336008678
4.0	0.20133504898463617
4.0	0.19599838302001008
1.0	0.191662969499982
3.0	0.17326725956465377
4.0	0.1489388671836248
4.0	0.1489388671836248
4.0	0.14321563060488154
4.0	0.13402774106187743
3.0	0.1337688834049462
4.0	0.1330788059866249
0.0	0.1292191476761844
1.0	0.12828950144769635
4.0	0.12828559012278357
4.0	0.1263788195613404
3.0	0.12620745837125316
3.0	0.12583290418172216
0.0	0.11760456427466821
4.0	0.11544600509168121
4.0	0.11454053224818188
3.0	0.11428571428571428
4.0	0.11179794012446136
4.0	0.10618487803530949
4.0	0.10431265360955043
4.0	0.103481172725696
2.0	0.1018266349953196
2.0	0.09805806756909202
0.0	0.09773008567063149
4.0	0.09720197391996738
0.0	0.09428214390526463
4.0	0.0909208324772263
2.0	0.09071437642870749
4.0	0.09035079029052512
4.0	0.0903507902905251
0.0	0.09012760973486354
3.0	0.08917420738752806
4.0	0.08668283945955968
4.0	0.08661986608440463
4.0	0.08247860988423227
