True Label: 0.0
1.0	0.34026958162739523
3.0	0.31033014448841273
0.0	0.3001901806907392
0.0	0.28319175044705996
2.0	0.28276846917036785
1.0	0.28162400133377125
2.0	0.2799925387184122
4.0	0.27153083825297086
0.0	0.2706952505248415
4.0	0.25966256799750725
0.0	0.23161065234054617
4.0	0.22832586673831093
4.0	0.22663309388018807
4.0	0.22641718472950642
1.0	0.22495684449512252
2.0	0.21616254127290124
4.0	0.2098331833556858
3.0	0.20526016225822236
3.0	0.19478099450256006
0.0	0.1940466693038493
4.0	0.19012323425535405
3.0	0.18457871533301412
4.0	0.17416013767364322
4.0	0.1687176333713419
1.0	0.1637259963563136
3.0	0.16145076869095568
4.0	0.15589099043310495
3.0	0.15266172194183555
4.0	0.15240742685842076
4.0	0.15225484292293812
0.0	0.15107709117025525
2.0	0.1508271035519703
4.0	0.15057625982105113
0.0	0.14863183821027745
1.0	0.14603771505337065
4.0	0.14518118147757905
0.0	0.1438250224010468
4.0	0.1435472425324029
4.0	0.1431040904306198
4.0	0.14025009146724288
4.0	0.13995281025948023
4.0	0.13740208223361708
4.0	0.13630186738314595
4.0	0.13580030822584888
4.0	0.13501191532731466
3.0	0.1349198303453656
2.0	0.13414420690602147
4.0	0.13227165501677987
1.0	0.13209608347441829
4.0	0.13010073697072197
