True Label: 0.0
3.0	0.33703154702740146
1.0	0.20228869496966945
3.0	0.19802950859533489
3.0	0.17031988674109785
2.0	0.10727978097782273
1.0	0.08751750525175062
4.0	0.0733358797622569
4.0	0.0700140042014005
1.0	0.06726727939963124
3.0	0.06647306880234359
4.0	0.06482037235521644
3.0	0.06424925662032355
3.0	0.06424925662032355
3.0	0.056816551430892766
3.0	0.05677329558036595
4.0	0.05564148840746572
2.0	0.04756514941544941
0.0	0.04667600280093366
4.0	0.04437139072658474
4.0	0.04254356298115171
0.0	0.04229129058259507
4.0	0.041594516540385144
4.0	0.041459249461708654
4.0	0.04042260417272216
3.0	0.038348249442368525
4.0	0.038348249442368525
4.0	0.038348249442368525
4.0	0.03787770095392851
4.0	0.035419348499347136
3.0	0.03500700210070025
4.0	0.03241018617760822
3.0	0.03241018617760822
0.0	0.031846487764924096
4.0	0.03031695312954162
1.0	0.03031695312954162
4.0	0.030055111492708498
0.0	0.029630442547297988
0.0	0.029411764705882353
2.0	0.02823662293116958
4.0	0.028187432794318568
1.0	0.02759473928846309
2.0	0.027505867111459036
4.0	0.02711630722733202
3.0	0.02646280620124816
4.0	0.025854384499750954
4.0	0.025347386565699872
3.0	0.02475368857441686
0.0	0.024696586563936376
1.0	0.024529852844284272
2.0	0.023744552981239612
