True Label: 0.0
1.0	0.33198144511133076
2.0	0.2896151323910714
3.0	0.2834363752111694
1.0	0.28052725836264536
0.0	0.27309071775117405
4.0	0.2706952505248415
4.0	0.25650173062827175
3.0	0.2557560402989132
0.0	0.2404767233211203
4.0	0.22026898385775337
4.0	0.22011272658140593
3.0	0.21868071473481915
2.0	0.217688416043077
2.0	0.21121880392126177
0.0	0.21012961991074797
4.0	0.2052706551337369
4.0	0.2004183538963626
0.0	0.19363279686320767
4.0	0.18768105017271974
4.0	0.18010213645317916
1.0	0.17407765595569782
2.0	0.1726087561578785
3.0	0.1496460322759812
1.0	0.14495376266507293
1.0	0.14433756729740646
0.0	0.13918653961052074
4.0	0.13498987693623607
3.0	0.13210484783404441
4.0	0.13126346098938432
4.0	0.12827390928643956
0.0	0.1257417059388149
2.0	0.1256208790165845
4.0	0.12280701754385967
4.0	0.11851078984266182
4.0	0.11424758702288469
2.0	0.11045662156591911
0.0	0.10958087544703807
4.0	0.10958087544703807
4.0	0.10920276473159041
0.0	0.10910894511799618
0.0	0.10386746019187446
3.0	0.1030701754385965
4.0	0.1024340716002004
1.0	0.10141895120797835
1.0	0.10015816538155997
4.0	0.09991136797394727
4.0	0.09852326056141673
0.0	0.09807315690788554
4.0	0.09640910286878146
3.0	0.09602583798308485
