True Label: 0.0
4.0	0.13173888881045848
4.0	0.0910117164442056
3.0	0.08891921336822596
0.0	0.08571148701754475
4.0	0.08502303018977035
1.0	0.08364044975263561
1.0	0.0827379240401869
4.0	0.08029334318954809
2.0	0.07986523020975031
0.0	0.07986523020975031
4.0	0.07840304284977881
3.0	0.07700629766141255
4.0	0.07693120617825662
4.0	0.07610782069349788
4.0	0.07610782069349788
4.0	0.07554494477488184
4.0	0.07534289855918308
3.0	0.0749986979505741
2.0	0.07393449589452242
2.0	0.07393449589452242
4.0	0.0736321040510724
3.0	0.07363210405107239
3.0	0.07301174649120615
3.0	0.07206376717366703
4.0	0.07129397818400376
4.0	0.07122445697957627
4.0	0.07122445697957627
4.0	0.07085252515814196
4.0	0.06916531824073616
4.0	0.0686622910684761
4.0	0.06707815888258854
4.0	0.06652718791768567
4.0	0.06647709027690658
1.0	0.06624381198025303
4.0	0.06585855599381421
1.0	0.06559669191104821
4.0	0.06559669191104821
4.0	0.06467921047552774
4.0	0.06467921047552774
4.0	0.06404305140067548
3.0	0.06295412064573487
1.0	0.06251715743696179
4.0	0.06174722043424953
4.0	0.061517219070757474
4.0	0.06136008670922699
4.0	0.060886256554798304
4.0	0.06074338676880453
4.0	0.05999804091228132
3.0	0.059566973322941204
4.0	0.058671464884885755
