True Label: 0.0
0.0	0.5000000000000002
4.0	0.20095352149607293
4.0	0.18531981638085643
4.0	0.1224744871391589
4.0	0.11952286093343939
4.0	0.11547005383792515
4.0	0.1126872339638022
4.0	0.1111111111111111
1.0	0.1107273064716533
4.0	0.09759000729485333
4.0	0.09525793444156803
3.0	0.09276023293634815
3.0	0.09128709291752769
4.0	0.09038769075777342
4.0	0.08996593650821831
4.0	0.08989331499509895
4.0	0.08989331499509895
4.0	0.08606629658238706
1.0	0.08606629658238706
4.0	0.08546306216710553
4.0	0.08451542547285165
4.0	0.08268982305947231
4.0	0.0816496580927726
0.0	0.08160803195797806
4.0	0.08132500607904444
4.0	0.07968190728895959
4.0	0.07865665062071159
3.0	0.07829602926862714
4.0	0.0769800358919501
4.0	0.07634644457518243
2.0	0.07572824456627532
3.0	0.07543365091413573
4.0	0.07529232524210427
4.0	0.07453559924999299
3.0	0.07453559924999299
4.0	0.07453559924999299
4.0	0.07254762501100118
4.0	0.07239711614047861
3.0	0.07219668012334524
4.0	0.07172191381865586
4.0	0.07128023576877225
1.0	0.07067462882846132
4.0	0.07042952122737638
4.0	0.07027283689263066
4.0	0.06992886597318948
4.0	0.06920456654478331
4.0	0.06900655593423542
0.0	0.06785471093478049
1.0	0.06741998624632421
4.0	0.06725037594933306
