True Label: 0.0
3.0	0.2128375987497577
2.0	0.18852476249421712
4.0	0.16333965194414124
1.0	0.1492184293492061
4.0	0.14796688727296817
4.0	0.14213381090374028
3.0	0.1392654367049315
4.0	0.12760182301773404
4.0	0.12061881309159588
4.0	0.1172303595929565
0.0	0.1142875802206236
0.0	0.11261528210895821
0.0	0.1120583670484751
0.0	0.1102841654084365
4.0	0.10837082921441267
1.0	0.10713739108887083
1.0	0.10153523884287884
3.0	0.10119453729458626
4.0	0.09981867618808632
4.0	0.09913631941932192
4.0	0.09869275424396534
1.0	0.09606047309259091
3.0	0.09515226836973142
4.0	0.09404897046331152
0.0	0.09304842103984708
0.0	0.0909090909090909
0.0	0.08989331499509894
4.0	0.0870388279778489
0.0	0.0865981222196073
0.0	0.08592569179410968
4.0	0.08538708719341415
4.0	0.0844400661841498
3.0	0.08322503785764788
3.0	0.08257228238447704
3.0	0.08257228238447704
0.0	0.08257228238447704
1.0	0.08106224285231999
4.0	0.07884165279854434
0.0	0.07637891367425508
4.0	0.07385489458759964
1.0	0.07339758434175737
1.0	0.0717783036190932
4.0	0.07156423066171504
2.0	0.07049737241963198
4.0	0.06978631577988531
3.0	0.06963271835246575
4.0	0.0664770029347888
4.0	0.0662051122128562
4.0	0.06382422629550633
0.0	0.06315614528336375
