True Label: 0.0
2.0	0.223606797749979
4.0	0.207107221060079
4.0	0.2038588765750502
4.0	0.20080483222562473
4.0	0.1878672873255448
2.0	0.18428853505018536
2.0	0.18428853505018536
3.0	0.18134471605279395
0.0	0.17622684421256032
4.0	0.16685595311797863
2.0	0.16659019652423024
4.0	0.16269784336399212
1.0	0.1556997888323046
4.0	0.15339299776947407
0.0	0.1479019945774904
0.0	0.1479019945774904
4.0	0.1455556274348955
1.0	0.14532958974404492
0.0	0.1447071903540765
4.0	0.14064216928154863
4.0	0.14056338255793732
4.0	0.1355815361366601
4.0	0.13483997249264842
4.0	0.13333333333333333
4.0	0.1304372986874877
4.0	0.12909944487358055
0.0	0.12909944487358055
4.0	0.12866255886641637
2.0	0.12678097217426004
4.0	0.1267731382092775
4.0	0.1242259987499883
4.0	0.12403473458920845
3.0	0.12403473458920845
0.0	0.12272017341845398
1.0	0.12253577034896795
2.0	0.1224744871391589
4.0	0.1224744871391589
4.0	0.1224744871391589
4.0	0.12198750911856665
2.0	0.12076147288491199
4.0	0.11677484162422845
4.0	0.11666666666666667
4.0	0.11415741278435239
4.0	0.11268723396380219
0.0	0.11180339887498948
0.0	0.10910894511799618
0.0	0.10910894511799618
4.0	0.10846522890932808
4.0	0.10846522890932808
3.0	0.10846522890932808
