True Label: 0.0
4.0	0.24313226954193232
4.0	0.18015093964441797
4.0	0.17040572913692198
4.0	0.15256428831468233
4.0	0.14149998919097345
4.0	0.12780429685269148
4.0	0.12780429685269148
4.0	0.11986582537134602
4.0	0.11197850219117086
4.0	0.11197850219117086
4.0	0.1072112534837795
4.0	0.10543316579753614
4.0	0.10344827586206896
4.0	0.10300524052492095
4.0	0.09967105174025309
4.0	0.09589266029707681
3.0	0.09284766908852593
4.0	0.09284766908852593
2.0	0.09104463009115372
4.0	0.08808303292720551
4.0	0.08808303292720551
4.0	0.08608581939007431
4.0	0.08398387664337814
4.0	0.08304547985373996
4.0	0.08304547985373996
4.0	0.08040844011283463
4.0	0.07989000504854918
4.0	0.07918075824648957
4.0	0.07427813527082075
4.0	0.07214530267080864
2.0	0.07074999459548673
4.0	0.07018624063435963
4.0	0.06963575181639445
4.0	0.06963575181639445
4.0	0.06896551724137931
4.0	0.06780635036208103
4.0	0.06755660236665674
4.0	0.06755660236665674
4.0	0.06755660236665674
3.0	0.06670373459650701
4.0	0.06565321642986129
4.0	0.06565321642986127
4.0	0.06390214842634574
4.0	0.06383277249836158
4.0	0.06277648205743444
4.0	0.06228410989030497
4.0	0.0618984460590173
2.0	0.0611406179246457
2.0	0.0611406179246457
4.0	0.06095748113677133
