True Label: 0.0
3.0	0.3737885739238743
2.0	0.30151134457776363
4.0	0.2956561979945413
4.0	0.2901294265928297
4.0	0.28953428868081854
4.0	0.2849014411490949
4.0	0.25482359571881275
0.0	0.22296442893576365
4.0	0.22227711223719354
4.0	0.20683507599800763
4.0	0.20515248496555452
4.0	0.19069251784911845
0.0	0.18716945523936723
3.0	0.18689428696193716
4.0	0.18463723646899907
4.0	0.1818181818181818
4.0	0.17739371879672478
3.0	0.17646109039299346
0.0	0.17467279497708235
4.0	0.17407765595569782
4.0	0.1709408646894569
4.0	0.16708914305210956
4.0	0.16648178955300671
4.0	0.16488712959331456
0.0	0.16448792373994223
4.0	0.16412198797244362
4.0	0.16116459280507603
4.0	0.16113849538885686
4.0	0.16070608663330624
4.0	0.1590909090909091
3.0	0.1580441876439888
4.0	0.15772491837737587
2.0	0.15569978883230456
4.0	0.15512630699850571
4.0	0.15512630699850571
3.0	0.15481742998339842
4.0	0.15386436372416593
4.0	0.15362746694975674
3.0	0.1531679162134967
3.0	0.152171249563855
4.0	0.15075567228888181
3.0	0.149270358506633
4.0	0.14782809899727065
3.0	0.14691660545142712
4.0	0.14673479641335552
4.0	0.14572412715649125
4.0	0.14476714434040927
3.0	0.1440520327600152
4.0	0.14389327077494804
4.0	0.14301938838683884
