True Label: 0.0
2.0	0.18772086356546358
4.0	0.1633660098032678
4.0	0.1436067394758882
4.0	0.1414447374652509
4.0	0.1374929852307176
0.0	0.13608276348795434
4.0	0.13608276348795434
2.0	0.1344332144844662
2.0	0.12037422328783011
3.0	0.11694106924093725
3.0	0.11677484162422846
3.0	0.11605177063713189
3.0	0.11605177063713189
0.0	0.11467707700936444
4.0	0.11166106476397188
4.0	0.10626278551055637
3.0	0.1058475493514314
0.0	0.10574021142908589
4.0	0.10540925533894596
4.0	0.10512220373139244
3.0	0.10393492741038726
4.0	0.10114952150573407
3.0	0.10111600794089377
0.0	0.10107973914385379
0.0	0.10071960496475714
1.0	0.0997509336107633
4.0	0.09901475429766744
4.0	0.09829463743659808
4.0	0.09722222222222224
4.0	0.09722222222222224
3.0	0.09540329587437546
4.0	0.09525793444156803
4.0	0.09338592095470355
4.0	0.09231861823449955
1.0	0.09200874124564723
3.0	0.09128709291752769
4.0	0.09072184232530289
3.0	0.09072184232530289
4.0	0.0878410461157883
1.0	0.08775561838236154
0.0	0.08715611522682239
4.0	0.08695819912499182
4.0	0.08606629658238704
4.0	0.08589118694710288
3.0	0.08505172717997146
0.0	0.0839921051131616
2.0	0.08399210511316159
3.0	0.08333333333333334
3.0	0.08333333333333333
4.0	0.08305693677313691
