True Label: 0.0
4.0	0.29012942659282975
4.0	0.25660011963983365
4.0	0.21558722225451818
4.0	0.181848241863327
4.0	0.15097027121927944
4.0	0.13608276348795437
4.0	0.1293133629074097
4.0	0.12326671027227314
4.0	0.12171612389003693
4.0	0.1160517706371319
4.0	0.1160517706371319
3.0	0.10286889997472795
3.0	0.10050378152592121
4.0	0.09938079899999065
4.0	0.09622504486493764
4.0	0.09622504486493763
4.0	0.09622504486493763
3.0	0.09622504486493763
4.0	0.09335200560186732
4.0	0.09335200560186732
4.0	0.09335200560186732
4.0	0.09128709291752769
4.0	0.0907218423253029
4.0	0.08830215713766958
4.0	0.08703882797784893
2.0	0.08606629658238704
4.0	0.08399210511316162
0.0	0.08399210511316162
4.0	0.08333333333333334
3.0	0.08270254750719855
4.0	0.08132500607904443
3.0	0.08090593486820011
4.0	0.07856742013183862
4.0	0.07698003589195011
4.0	0.07548513560963972
4.0	0.0747696205456059
1.0	0.07321628085116325
2.0	0.07273929674533079
4.0	0.0700140042014005
4.0	0.06913011298202835
4.0	0.06737100695453693
4.0	0.06700252101728081
4.0	0.06608763214317868
4.0	0.0652936142499189
4.0	0.06393293950763895
3.0	0.06154574548966636
4.0	0.05802588531856595
3.0	0.05792067057140966
3.0	0.05792067057140966
4.0	0.05773502691896258
