True Label: 0.0
0.0	0.464345433330824
4.0	0.45542003404264886
4.0	0.3886845233474983
0.0	0.38331077069024144
4.0	0.3297198571315994
4.0	0.3144854510165755
1.0	0.3038948705590345
3.0	0.30261376633440124
2.0	0.29559160898273956
0.0	0.2886751345948129
2.0	0.2862098876231264
4.0	0.2793993781135563
4.0	0.2735506022160966
2.0	0.2692850423384597
4.0	0.2556859453772113
4.0	0.24743582965269675
4.0	0.24019223070763074
4.0	0.2357022603955159
4.0	0.23515854050088617
4.0	0.23145502494313785
4.0	0.22307535358861322
0.0	0.2182178902359924
4.0	0.21188917426274861
3.0	0.2061726074380999
4.0	0.19738550848793068
0.0	0.19304683562633607
4.0	0.19206937701335358
4.0	0.19098210422376913
4.0	0.18898223650461363
0.0	0.18557687223952257
4.0	0.1851946331679053
4.0	0.18102512888056818
4.0	0.18005965464253748
3.0	0.1800205749557739
3.0	0.1790018922538694
4.0	0.17891501337389779
1.0	0.17221869092553538
4.0	0.1697250257391052
2.0	0.1695482695374313
1.0	0.16741573411130756
4.0	0.16535945694153692
4.0	0.16532501781652706
4.0	0.16532501781652706
3.0	0.16475712333011017
4.0	0.16263664677640244
4.0	0.15896778957620214
4.0	0.15896778957620214
4.0	0.1567723603339241
4.0	0.1567723603339241
4.0	0.1559023911155809
