True Label: 0.0
2.0	0.3394414288821215
4.0	0.24507154069793588
0.0	0.215375979032619
2.0	0.21524880100025254
4.0	0.18885391917852928
4.0	0.181929425071953
4.0	0.17170914210964275
4.0	0.1615953885212399
4.0	0.15296240785775475
3.0	0.1447996903651082
3.0	0.14439328533356682
3.0	0.13925528192128636
4.0	0.13709360570679877
4.0	0.1356222452011225
4.0	0.1342312110428049
4.0	0.1342312110428049
3.0	0.13288211940534986
4.0	0.13065106689280265
0.0	0.12755391544216982
3.0	0.11933166594877914
4.0	0.11864474946906238
4.0	0.10709630898931494
4.0	0.10611908999450223
3.0	0.10228428509895356
4.0	0.10228428509895354
4.0	0.10146925788636821
4.0	0.09930363822093966
2.0	0.09531046156683999
4.0	0.0949157995752499
0.0	0.09376526251536363
4.0	0.09208185110322618
4.0	0.09008508049295053
4.0	0.08948747402853659
4.0	0.08948747402853659
4.0	0.08948747402853659
3.0	0.08904321992598724
3.0	0.08904321992598724
4.0	0.08892799946003715
4.0	0.08892799946003715
4.0	0.08710071126186843
3.0	0.08585457105482137
4.0	0.08520077500819608
0.0	0.08417098465368095
3.0	0.083967426956286
4.0	0.08284930213349334
1.0	0.08255746810034689
4.0	0.08219949365267867
3.0	0.0805716197153229
4.0	0.08021849185198157
2.0	0.07931439675212087
