True Label: 0.0
4.0	0.49999999999999994
4.0	0.3223291856101521
4.0	0.22454435656953595
4.0	0.2223747949983304
4.0	0.20145574100634506
4.0	0.1620509308880411
4.0	0.16116459280507606
4.0	0.1515228816828316
0.0	0.14245072057454744
3.0	0.14159846508095775
4.0	0.1393195531438382
4.0	0.1336306209562122
4.0	0.1310356045902398
4.0	0.1310356045902398
4.0	0.12964074471043288
4.0	0.12964074471043288
4.0	0.1267731382092775
4.0	0.12598815766974242
4.0	0.12087344460380704
4.0	0.11664236870396087
3.0	0.11572751247156896
3.0	0.11396057645963795
4.0	0.11396057645963795
4.0	0.11145564251507058
3.0	0.11145564251507058
4.0	0.10854507082585144
4.0	0.10714285714285715
4.0	0.1018266349953196
4.0	0.10101525445522107
4.0	0.09925833339709303
0.0	0.09723055853282467
4.0	0.09600307214746387
4.0	0.09449111825230681
4.0	0.09449111825230681
2.0	0.0944911182523068
4.0	0.09197090092274487
3.0	0.09177788727679406
3.0	0.08912076832279207
0.0	0.0890870806374748
0.0	0.0885422004151433
4.0	0.08817334283548109
4.0	0.08671099695241201
3.0	0.08625819491779428
4.0	0.08547043234472845
4.0	0.08547043234472845
4.0	0.08504865111251245
4.0	0.08451542547285167
4.0	0.08247860988423225
4.0	0.08183170883849716
4.0	0.08183170883849716
