True Label: 0.0
3.0	0.509603071869397
3.0	0.4890306160111312
4.0	0.4341215710622296
4.0	0.4023313355893651
3.0	0.37947331922020555
0.0	0.3354101966249685
4.0	0.33508312663335643
4.0	0.31950482521134693
4.0	0.31622776601683794
4.0	0.31622776601683794
4.0	0.3067859955389482
4.0	0.3042903097250923
4.0	0.29065917948808984
4.0	0.2860387767736777
4.0	0.2839809171235324
3.0	0.27975144247209416
3.0	0.27524094128159016
3.0	0.2672612419124244
0.0	0.26093122922137685
4.0	0.25649458802128855
3.0	0.25391668753850405
4.0	0.24227185592617445
4.0	0.23717082451262844
4.0	0.22718473369882594
4.0	0.22360679774997902
4.0	0.22360679774997902
4.0	0.22360679774997902
4.0	0.2220699630592816
4.0	0.22206996305928156
4.0	0.22019275302527214
4.0	0.2176428750330035
3.0	0.21693045781865616
4.0	0.2138089935299395
4.0	0.20988774008055677
2.0	0.20942695414584778
4.0	0.20826304035018697
4.0	0.20554804791094466
4.0	0.2032892781536815
4.0	0.19364916731037085
4.0	0.19364916731037085
0.0	0.19316685232156394
4.0	0.17677669529663687
3.0	0.17038855027411945
4.0	0.16854996561581054
4.0	0.16760038078849776
4.0	0.16685595311797868
3.0	0.16584486966939932
4.0	0.1632993161855452
4.0	0.1632993161855452
4.0	0.16323215627475263
