True Label: 0.0
4.0	0.2139802462554565
4.0	0.20801257358446096
4.0	0.19733805434408158
4.0	0.17160161824591103
4.0	0.17118419700436519
4.0	0.15724272550828777
2.0	0.15348515337873012
4.0	0.1463423517512409
4.0	0.14269544824634825
3.0	0.14269544824634822
4.0	0.14153462926807447
4.0	0.13867504905630731
0.0	0.13617619485048055
4.0	0.13497638119975425
4.0	0.1330452890975436
0.0	0.12543630150106364
4.0	0.12453387034667948
4.0	0.12328224189336073
4.0	0.12267912301642961
4.0	0.11979699629569006
4.0	0.11891287353862354
4.0	0.11826247919781653
4.0	0.1155625408802561
4.0	0.1155625408802561
4.0	0.1155625408802561
4.0	0.11322770341445959
4.0	0.11118739749916517
4.0	0.10963225241337866
4.0	0.10591481821704042
3.0	0.10567049305145206
4.0	0.10567049305145204
4.0	0.10467600579705136
3.0	0.10400628679223047
4.0	0.10241831129983783
4.0	0.10241831129983783
4.0	0.10223260251369135
4.0	0.10127393670836665
4.0	0.10127393670836665
4.0	0.10090091909944687
4.0	0.09513029883089882
0.0	0.09513029883089882
4.0	0.09513029883089882
4.0	0.09435641951204965
3.0	0.09309881282314555
4.0	0.09265616458263765
4.0	0.09245003270420488
4.0	0.09245003270420488
4.0	0.09245003270420488
4.0	0.09104463009115371
4.0	0.09104463009115371
