True Label: 0.0
2.0	0.15944034105518015
3.0	0.14322297480788657
2.0	0.12851660015934327
3.0	0.1259881576697424
0.0	0.11844484241978356
4.0	0.116772438824989
2.0	0.11586227443356201
3.0	0.11228278967468874
3.0	0.11168733812671244
3.0	0.11123730207865244
4.0	0.11065228832064694
4.0	0.1101667534173287
4.0	0.10910894511799618
1.0	0.106509971085184
4.0	0.10636602386962113
4.0	0.10540925533894596
4.0	0.1041158412590707
4.0	0.10372700344116587
4.0	0.10301918332728117
2.0	0.09929831388493525
4.0	0.09527699174583822
4.0	0.0943194097363517
4.0	0.0943194097363517
4.0	0.09166199015381173
3.0	0.0907218423253029
4.0	0.09025299245632169
1.0	0.08936433171888847
1.0	0.08936433171888847
1.0	0.08936433171888847
0.0	0.08872962464554557
0.0	0.08633652109842348
4.0	0.08583191992626976
0.0	0.08572408331227328
0.0	0.08525814444488479
4.0	0.08452971741942764
2.0	0.08386993471378541
0.0	0.08211077318035775
4.0	0.08184605368896308
4.0	0.08094364404286378
0.0	0.0802572353905128
4.0	0.0798188571017626
4.0	0.07938161203464005
3.0	0.07938161203464003
3.0	0.07938161203464002
3.0	0.0785674201318386
4.0	0.07695951608993501
4.0	0.07647191129018724
3.0	0.07567943486441663
2.0	0.07468817996085597
1.0	0.07459133321942978
