True Label: 0.0
2.0	0.5000000000000004
4.0	0.3545475173733748
4.0	0.2922677529299808
3.0	0.2784582198353058
4.0	0.2444064509671058
4.0	0.23042861179277058
4.0	0.2281583237981377
4.0	0.2243750196862247
2.0	0.21680453677608053
4.0	0.21651498133899158
4.0	0.21089025426025731
3.0	0.19675790844047483
3.0	0.19675790844047483
3.0	0.19607847059513453
4.0	0.19114400419929495
3.0	0.19032737092984647
4.0	0.1844905409512274
3.0	0.17777953363369445
4.0	0.1693297563090475
4.0	0.16828126476466848
4.0	0.1648807942724051
4.0	0.16186212629068134
4.0	0.16186212629068134
4.0	0.16186212629068134
4.0	0.1613322979418192
4.0	0.16044989042404387
4.0	0.158541327637247
4.0	0.15235778207711317
0.0	0.15204345262576896
3.0	0.15201924201325795
0.0	0.15111260358864032
3.0	0.15107131787130257
4.0	0.15085093654628073
4.0	0.1505153389413756
4.0	0.15042177227254114
4.0	0.14874102932718242
4.0	0.14830291046878952
4.0	0.1483029104687895
3.0	0.14819317837054719
3.0	0.14722432953272846
4.0	0.14550867031570347
4.0	0.14483345242495158
4.0	0.1431041011051746
4.0	0.1418190069493499
4.0	0.1411081302575396
3.0	0.1411081302575396
1.0	0.13914092510362203
3.0	0.135668971068479
4.0	0.13515922155247134
4.0	0.1344166902124495
