True Label: 0.0
4.0	0.34426518632954817
4.0	0.29408584883752314
3.0	0.23022178522758166
2.0	0.2290393337255473
4.0	0.22473328748774737
2.0	0.2243750196862247
4.0	0.21773242158072692
3.0	0.19740669742132738
4.0	0.19096396641051544
4.0	0.18257418583505539
4.0	0.17599383788596398
4.0	0.17541160386140586
3.0	0.17239697007295562
4.0	0.1721325931647741
4.0	0.16666666666666669
4.0	0.16625666194555222
4.0	0.16362689789127197
0.0	0.1622881651867159
3.0	0.1617683440704229
4.0	0.15891043154093204
4.0	0.15891043154093204
4.0	0.15811388300841897
0.0	0.15494494670022807
4.0	0.14907119849998599
3.0	0.14740554623801777
4.0	0.14253932901995967
4.0	0.14107202341170869
4.0	0.14107202341170869
3.0	0.14061024795535124
3.0	0.1405456737852613
4.0	0.13952631505415958
4.0	0.13949493566225762
3.0	0.13679711361135388
1.0	0.13568582701727583
4.0	0.134962721696486
4.0	0.134962721696486
4.0	0.13483997249264842
4.0	0.13483997249264842
3.0	0.13297017715335208
3.0	0.13297017715335208
3.0	0.13012000972647111
4.0	0.12856542212997188
4.0	0.1278274981412284
3.0	0.1277798247604809
4.0	0.12654276706088277
4.0	0.12654276706088277
4.0	0.1264405403018136
3.0	0.12491917978188
3.0	0.12433397443204185
3.0	0.12413220787308402
