True Label: 0.0
3.0	0.17038789672201193
4.0	0.1629402832932835
3.0	0.16069099615140686
4.0	0.15638078165589933
3.0	0.15384991568772632
4.0	0.1498118977843126
3.0	0.14177866434074388
4.0	0.13319073528261668
4.0	0.1326862231085688
4.0	0.12925978372014696
3.0	0.12587720374450337
3.0	0.1239553015137613
4.0	0.1235241513326091
3.0	0.12302303709083567
4.0	0.12174379550235533
4.0	0.1211253957778773
4.0	0.12087453172719528
3.0	0.11956582340690855
4.0	0.11555041271952535
4.0	0.11555041271952535
4.0	0.11545646537500016
4.0	0.11429737787856864
4.0	0.11312476911735117
2.0	0.11282522029743236
4.0	0.11208493438497505
2.0	0.1115695986236283
4.0	0.11075717265651905
4.0	0.11033745197981905
4.0	0.1100351494934346
4.0	0.10987463131972675
4.0	0.10956204283050468
4.0	0.10920195062876283
4.0	0.10890655402346602
4.0	0.10860248099063807
4.0	0.10648225710436726
3.0	0.10605679524889652
0.0	0.10483237980712372
4.0	0.10471211221694192
1.0	0.1046592934120838
4.0	0.10452043574297692
4.0	0.10364473534515092
4.0	0.10277830647412975
4.0	0.10225790664180436
4.0	0.10207385467344984
3.0	0.10116119291594301
3.0	0.10116119291594301
4.0	0.10100102595251575
3.0	0.1005677619209478
4.0	0.10025265498291136
4.0	0.10003705762587828
