True Label: 0.0
4.0	0.4558423058385518
4.0	0.4264014327112209
4.0	0.37688918072220456
4.0	0.33796318470968734
4.0	0.3113995776646092
4.0	0.30151134457776363
4.0	0.29346959282671115
4.0	0.29012942659282975
3.0	0.2585438449975096
3.0	0.24618298195866545
4.0	0.23961691914926153
4.0	0.23754227473946876
4.0	0.22613350843332272
4.0	0.21661214442955296
4.0	0.21320071635561044
4.0	0.21173540197217566
4.0	0.21173540197217566
4.0	0.2038588765750502
4.0	0.20145574100634506
3.0	0.19738550848793068
3.0	0.19284730395996746
3.0	0.18090680674665818
4.0	0.17782168978975482
2.0	0.1709408646894569
4.0	0.16724840200141816
4.0	0.16724840200141816
4.0	0.1648085632718039
3.0	0.1624591083221647
0.0	0.1624591083221647
4.0	0.16145076869095568
4.0	0.16116459280507606
4.0	0.16116459280507606
4.0	0.16009608648649082
4.0	0.1599005372667078
4.0	0.15717365336548286
4.0	0.15717365336548286
4.0	0.1556997888323046
4.0	0.1556997888323046
4.0	0.1556997888323046
4.0	0.15399810070180361
3.0	0.15231794896123563
4.0	0.15075567228888181
4.0	0.15075567228888181
4.0	0.15075567228888181
4.0	0.1421338109037403
4.0	0.1421338109037403
4.0	0.13834289277321493
4.0	0.13636363636363638
4.0	0.1353825902684706
4.0	0.13450689671224259
