True Label: 0.0
4.0	0.2286647801900118
3.0	0.19622098205031857
4.0	0.18415346150234307
4.0	0.16692446522239712
4.0	0.16269784336399212
4.0	0.15534712747612348
4.0	0.15401027590842437
4.0	0.14002800840280097
4.0	0.13966477041506553
4.0	0.1386483884679505
4.0	0.13860924831758192
4.0	0.1345345587992625
4.0	0.13421887304828983
3.0	0.1264304343560434
4.0	0.12126781251816648
4.0	0.12095963460568769
3.0	0.119832125029733
4.0	0.11883387413123742
3.0	0.11821481480486538
3.0	0.11803342130469505
4.0	0.11764705882352941
4.0	0.11696106429438607
4.0	0.11314381771485651
4.0	0.11227217828476796
4.0	0.11128297681493143
4.0	0.11128297681493143
4.0	0.1096908636190696
4.0	0.1054930132030467
4.0	0.10516834519489586
4.0	0.10502100630210075
4.0	0.1044892509546431
4.0	0.10341753799900381
4.0	0.10218737907520889
3.0	0.10110547351558763
4.0	0.10090091909944687
4.0	0.10047246315504897
4.0	0.09901475429766744
3.0	0.09813998906882795
4.0	0.09799919151000505
4.0	0.09799919151000505
4.0	0.09799919151000505
4.0	0.09701425001453319
4.0	0.09701425001453319
3.0	0.09697982541707542
3.0	0.09697982541707542
4.0	0.09378721544644802
3.0	0.09316051410668053
4.0	0.09166984970282112
4.0	0.0908940683375748
4.0	0.0903876907577734
