True Label: 0.0
4.0	0.15936381457791915
4.0	0.13736056394868904
4.0	0.13608276348795437
4.0	0.13518451760896877
0.0	0.12858612496840993
4.0	0.11952286093343936
4.0	0.11785113019775793
4.0	0.1143323900950059
4.0	0.10660035817780522
4.0	0.10660035817780522
4.0	0.10660035817780522
4.0	0.09901475429766743
1.0	0.0978231976089037
4.0	0.09622504486493764
4.0	0.09128709291752768
2.0	0.0907218423253029
4.0	0.0888336318148377
3.0	0.08838834764831845
4.0	0.08838834764831845
4.0	0.08838834764831845
4.0	0.08703882797784893
4.0	0.08679260732054926
4.0	0.08574929257125442
4.0	0.08574929257125442
4.0	0.08574929257125442
4.0	0.08333333333333334
4.0	0.0790569415042095
4.0	0.07856742013183862
4.0	0.07537783614444091
4.0	0.07126966450997985
4.0	0.07071067811865477
4.0	0.06933752452815366
4.0	0.06861961926681423
4.0	0.06804138174397718
4.0	0.0668153104781061
4.0	0.06565321642986129
4.0	0.06565321642986129
2.0	0.06537204504606135
4.0	0.06429306248420497
4.0	0.06299407883487121
4.0	0.06201736729460425
4.0	0.05892556509887897
4.0	0.05716619504750295
4.0	0.056613851707229795
3.0	0.05639296186099705
4.0	0.055555555555555566
4.0	0.055555555555555566
4.0	0.05407380704358751
4.0	0.05334869997204
4.0	0.05334869997204
