True Label: 0.0
4.0	0.3330259719647587
1.0	0.3003763763573387
4.0	0.28223690318493194
0.0	0.247843951432548
3.0	0.2419553954370992
3.0	0.2351585405008862
4.0	0.21796176586341728
3.0	0.21134944498685962
3.0	0.19544907152139115
0.0	0.18696317044030264
4.0	0.16508332072280235
3.0	0.15415554433928916
4.0	0.1481668148335556
4.0	0.1481668148335556
4.0	0.14567913668701626
0.0	0.13821595010358043
4.0	0.13402192668680962
4.0	0.13326686757039835
4.0	0.12765308825538593
1.0	0.12574886370696423
4.0	0.12545442892019393
4.0	0.12471164898158096
4.0	0.12328224189336073
1.0	0.11553425737574002
4.0	0.11503946170861015
0.0	0.11487593716012255
0.0	0.11430904504318622
4.0	0.11359236684941297
4.0	0.11359236684941297
0.0	0.11331177597167025
3.0	0.11085479909473865
4.0	0.109985336266015
4.0	0.10890171046725802
2.0	0.1084283368695658
4.0	0.10830607221477648
4.0	0.10583343916682543
4.0	0.10369516947304253
4.0	0.10040241611281236
4.0	0.10005560189476052
0.0	0.10005560189476051
1.0	0.10005560189476051
4.0	0.09853688107237653
4.0	0.09798272520870258
4.0	0.09798272520870258
4.0	0.09600307214746387
4.0	0.09123958466923195
4.0	0.08980265101338746
3.0	0.08712136837380642
4.0	0.08712136837380642
4.0	0.08712136837380642
