True Label: 0.0
4.0	0.5
3.0	0.24259054083575432
3.0	0.24130491801796575
4.0	0.2263479546725356
1.0	0.22140372138502382
4.0	0.2101975416981552
4.0	0.20412414523193148
4.0	0.1922322627333814
4.0	0.17895849739771974
4.0	0.17895849739771974
4.0	0.16810223724982593
4.0	0.16516802780306677
4.0	0.16515560495112164
4.0	0.16169041669088866
4.0	0.16115291857528802
4.0	0.1560152902477031
4.0	0.15421318399996814
4.0	0.152828012432548
4.0	0.14852213144650117
4.0	0.1453430195609403
3.0	0.14452797363350683
4.0	0.1445014229028166
2.0	0.1442574465211538
2.0	0.1442574465211538
4.0	0.14347859990257422
4.0	0.14301401606039452
4.0	0.1409004654941586
3.0	0.13835668499624637
4.0	0.13812277665483924
4.0	0.1378508407891641
3.0	0.1365181369493793
3.0	0.1361452871592927
3.0	0.13584712216226488
4.0	0.13572009676161653
4.0	0.1328422328310143
3.0	0.1321696096086382
3.0	0.1321696096086382
4.0	0.1312122050522086
4.0	0.12844058318439744
1.0	0.12803256129287677
4.0	0.1278274981412284
4.0	0.1276613804646258
3.0	0.12619271724213277
4.0	0.1257488637069642
4.0	0.12524485821702988
4.0	0.1246618689002394
2.0	0.12329061457832577
0.0	0.1229831425852644
4.0	0.12222646627042817
4.0	0.1212678125181665
