True Label: 0.0
3.0	0.23245340814854037
4.0	0.22439291367339162
4.0	0.21197648541978326
4.0	0.20951556517860875
4.0	0.19088185114377762
4.0	0.16318603187348185
2.0	0.15295903587580573
4.0	0.14799295759669795
3.0	0.14163596269368153
2.0	0.13914092510362203
4.0	0.13781633492594117
3.0	0.13752500030627962
4.0	0.13568582701727583
3.0	0.13012172615681505
0.0	0.1273524362605361
4.0	0.12592698351820203
4.0	0.12235224370692246
0.0	0.12160762746959985
3.0	0.12086909812348044
3.0	0.11850627744903841
4.0	0.11845916879835183
4.0	0.11845916879835183
3.0	0.11761859641435847
4.0	0.11495508245250087
4.0	0.11493114095844709
3.0	0.1137800422417866
3.0	0.11373565244155667
3.0	0.11373565244155667
4.0	0.11222797953824123
3.0	0.1105820351604688
4.0	0.10997628658185385
3.0	0.10986461660560366
4.0	0.10918525661835217
4.0	0.10915708495934925
4.0	0.10911507206121372
4.0	0.10903535709781007
4.0	0.10903535709781007
0.0	0.10813067765075648
4.0	0.10750823813438265
0.0	0.10642772590553623
4.0	0.10344002217566596
4.0	0.10291428665241595
4.0	0.10291428665241595
4.0	0.1023722183837115
0.0	0.10213282622766352
4.0	0.10094712518703028
4.0	0.10065215795821898
3.0	0.1003811607818198
3.0	0.09964258649570853
3.0	0.09931185636318116
