True Label: 0.0
4.0	0.2788866755113585
4.0	0.2760262237369417
4.0	0.24293289905367482
4.0	0.2356828921173784
4.0	0.20842657359950723
4.0	0.2073787655015633
4.0	0.20225995873897265
4.0	0.18499891602515212
4.0	0.1825741858350554
2.0	0.17179855067707067
4.0	0.16888199063418036
4.0	0.16685595311797868
4.0	0.1632993161855452
4.0	0.1628959413837504
4.0	0.15971914124998499
4.0	0.15389675281277312
4.0	0.15352829263402384
4.0	0.1533929977694741
4.0	0.1533929977694741
4.0	0.1533929977694741
4.0	0.15000000000000002
4.0	0.149071198499986
3.0	0.1443989744762311
4.0	0.14433756729740643
4.0	0.1419904585617662
4.0	0.1414213562373095
4.0	0.13987572123604708
4.0	0.13968605915391563
4.0	0.13944333775567924
4.0	0.13837968120433278
4.0	0.13801311186847084
4.0	0.1355815361366601
3.0	0.1348399724926484
3.0	0.12909944487358058
4.0	0.12909944487358058
3.0	0.12804535410555962
4.0	0.12705706496628802
4.0	0.1267731382092775
4.0	0.12403473458920847
4.0	0.11952286093343936
4.0	0.11928641587313163
4.0	0.11918282365569904
4.0	0.11918282365569904
1.0	0.11744404390294069
0.0	0.11744404390294069
4.0	0.11677484162422844
4.0	0.11656310103003922
4.0	0.11656310103003922
4.0	0.11602387022306429
4.0	0.11547005383792515
