True Label: 0.0
4.0	0.5
3.0	0.2272662057235711
4.0	0.20180183819889375
4.0	0.1878672873255448
3.0	0.16977493752543307
4.0	0.16269784336399212
4.0	0.16169041669088863
3.0	0.15737789507292674
3.0	0.15533534402501417
4.0	0.1429154876187574
4.0	0.140028008402801
4.0	0.1377056581888109
4.0	0.1328422328310143
3.0	0.13098420799889596
4.0	0.12964074471043288
3.0	0.1264304343560434
4.0	0.12478354962115545
4.0	0.12220667411318233
4.0	0.12126781251816648
4.0	0.12126781251816648
4.0	0.11764705882352941
4.0	0.11764705882352941
4.0	0.11669000700233415
2.0	0.11438492048605915
1.0	0.1143323900950059
4.0	0.1143323900950059
4.0	0.1135465911607319
4.0	0.11259433727776123
4.0	0.11243619908556621
4.0	0.11128297681493143
4.0	0.1096908636190696
4.0	0.1096908636190696
4.0	0.1096908636190696
4.0	0.10434388121327737
4.0	0.10341753799900381
2.0	0.10285801610441501
4.0	0.09994449069791544
3.0	0.09901475429766744
4.0	0.09723055853282467
4.0	0.09701425001453319
4.0	0.09701425001453319
4.0	0.09513029883089882
4.0	0.0939336436627724
4.0	0.0939336436627724
4.0	0.09335200560186732
3.0	0.09268689378333354
4.0	0.09166984970282112
4.0	0.09140905301589133
4.0	0.09095085938862486
4.0	0.09095085938862486
