True Label: 0.0
4.0	0.1803339269334865
0.0	0.173259232729684
4.0	0.17158819513824777
4.0	0.1704496542926783
4.0	0.16070147520167405
4.0	0.15151080381571405
4.0	0.14983361059770606
4.0	0.1460871774476944
3.0	0.14483961252558686
0.0	0.14055638569974546
0.0	0.139972008397201
4.0	0.129944424547263
4.0	0.129944424547263
2.0	0.12884782751867424
4.0	0.12795129377364456
4.0	0.12751534261266767
4.0	0.12529156447541653
4.0	0.12346619958119871
4.0	0.12222530175967618
4.0	0.12052610640125554
0.0	0.11805626722019105
4.0	0.11805626722019105
4.0	0.11805626722019105
4.0	0.11805626722019105
3.0	0.11772040233700279
4.0	0.11713032141645456
4.0	0.11713032141645456
4.0	0.11713032141645455
4.0	0.11270870433342906
4.0	0.11157592478608422
4.0	0.11043152607484653
3.0	0.10934350421017386
3.0	0.10908748176672765
4.0	0.1074861545850028
4.0	0.10748615458500278
4.0	0.10748615458500278
4.0	0.10719868107054556
4.0	0.1067859115961747
4.0	0.10476454436543672
4.0	0.10434798389121028
4.0	0.10434798389121028
4.0	0.10329923381766717
4.0	0.10329923381766717
4.0	0.10143783390008615
4.0	0.101338918387628
4.0	0.10122889890194267
4.0	0.10080972981818898
4.0	0.10080972981818898
4.0	0.10080972981818898
4.0	0.09979654098963518
