True Label: 0.0
4.0	0.07319250547113998
1.0	0.06780635036208103
4.0	0.061721339984836754
0.0	0.05838742081211421
4.0	0.057735026918962574
3.0	0.057735026918962574
3.0	0.05443310539518174
4.0	0.05345224838248488
1.0	0.05113099925649135
4.0	0.04879500364742666
2.0	0.04629100498862757
4.0	0.04610694459770734
0.0	0.045456097837375926
4.0	0.044693434876932725
3.0	0.04428074427700476
0.0	0.04428074427700476
0.0	0.04303314829119352
4.0	0.04188539082916955
4.0	0.04176345347922784
3.0	0.0408248290463863
4.0	0.03898035641364574
4.0	0.03761773969316394
2.0	0.03565370164061463
4.0	0.03555544805625303
4.0	0.03480287789935653
0.0	0.03390317518104052
4.0	0.032791291789197645
4.0	0.03178208630818641
4.0	0.030860669992418377
0.0	0.030618621784789725
0.0	0.03034485645172022
4.0	0.030271773945766654
0.0	0.02988071523335984
1.0	0.029704426289300225
4.0	0.02894803666599243
4.0	0.02601574428938419
2.0	0.025882080688195606
4.0	0.025585574621231632
4.0	0.025318484177091666
4.0	0.024999999999999994
4.0	0.024999999999999994
4.0	0.024845199749997663
4.0	0.024845199749997663
3.0	0.024618298195866545
4.0	0.02439750182371333
3.0	0.02439750182371333
4.0	0.02418254167033372
3.0	0.023973165074269203
4.0	0.02357022603955158
4.0	0.0230021853114118
