True Label: 0.0
4.0	0.25554229027928826
3.0	0.22662613175723584
4.0	0.18207845337733738
3.0	0.16140353228810234
4.0	0.15796614486665797
2.0	0.15713264083559392
4.0	0.14383814692154087
2.0	0.13923629482373243
4.0	0.13343220864045763
4.0	0.1325514583642051
3.0	0.12506590117058478
3.0	0.12449096456382379
4.0	0.12318277129664504
3.0	0.12233168423949807
4.0	0.12180638428352397
4.0	0.12177995920798068
4.0	0.11883437387901295
4.0	0.117111899164198
4.0	0.11555568236570181
4.0	0.11531766834911382
2.0	0.11505787508867434
3.0	0.11497058654353537
4.0	0.11497058654353537
4.0	0.11441717497139264
4.0	0.11441717497139264
4.0	0.11214644533565088
4.0	0.1112408135233896
4.0	0.11061885990546066
4.0	0.11059524970229394
4.0	0.10762096646427723
4.0	0.10761049621338438
4.0	0.10526856932194754
3.0	0.10442312657493713
3.0	0.1020399977591371
4.0	0.1018903743576069
4.0	0.10086526884249566
3.0	0.09882238196023024
3.0	0.09882238196023024
4.0	0.09805224792651179
4.0	0.09805224792651179
4.0	0.09731543989442824
4.0	0.09532857437299758
3.0	0.09436437473687963
4.0	0.09435081955836583
3.0	0.09224404689455433
1.0	0.09223522498044626
4.0	0.09153373997711411
4.0	0.09136594196254264
3.0	0.09065592675575503
4.0	0.09041953541010062
