True Label: 0.0
2.0	0.18204497794771468
4.0	0.1759298470180458
1.0	0.1585253387850332
4.0	0.15563278871410996
4.0	0.15211722896920712
1.0	0.15076587916325762
4.0	0.15002528492077016
4.0	0.14770142558669988
4.0	0.14104786592696233
1.0	0.13640059473242555
1.0	0.1344783502337133
4.0	0.1312901669622151
4.0	0.1312901669622151
1.0	0.12897739384665163
1.0	0.12897739384665163
3.0	0.12874482315567534
3.0	0.12714591702118
3.0	0.12714591702118
4.0	0.12638426658588767
1.0	0.12438508099832637
0.0	0.12099934647925288
4.0	0.12062162998744523
4.0	0.11909148393715432
3.0	0.1188974795214549
3.0	0.1188974795214549
4.0	0.11538030053212586
4.0	0.11536088808075046
2.0	0.11219339054627128
4.0	0.11050939708828779
2.0	0.10929797964377187
3.0	0.10674316425871458
0.0	0.10663468253900316
0.0	0.10648512837953227
4.0	0.10627878773721297
3.0	0.10544610131738827
2.0	0.10533537137642957
0.0	0.1035835994931256
1.0	0.10153246277813809
0.0	0.10106400275910159
1.0	0.10075199361416763
3.0	0.09803687943341911
1.0	0.09742222209244522
2.0	0.09680297825858596
3.0	0.09648682855675933
4.0	0.09643683834424972
4.0	0.09612888590532219
4.0	0.09612888590532219
4.0	0.09581010095306072
4.0	0.09424913803922655
4.0	0.09383569755139787
