True Label: 0.0
2.0	0.2060214108575823
4.0	0.1938916835823703
4.0	0.1720618004029213
4.0	0.17105263157894735
4.0	0.16222142113076254
3.0	0.15190549541900847
4.0	0.1471067483318
4.0	0.14673479641335552
4.0	0.14509525002200233
4.0	0.14119562368122623
4.0	0.13497638119975425
4.0	0.12725695259515554
4.0	0.12166606584807188
4.0	0.12159009577144937
4.0	0.11654330934961299
0.0	0.11504875287827815
0.0	0.11504875287827815
0.0	0.11504875287827815
3.0	0.11470786693528087
4.0	0.11470786693528086
4.0	0.11314714296070713
4.0	0.11128297681493143
4.0	0.11128297681493143
4.0	0.10838874619051497
4.0	0.10667614941253299
4.0	0.10526315789473682
0.0	0.10469698546291957
4.0	0.1037571695799112
4.0	0.1025978352085154
4.0	0.10039117221153819
4.0	0.09809657456746182
4.0	0.09782319760890368
0.0	0.09462916232627815
4.0	0.09197090092274487
4.0	0.0917662935482247
0.0	0.09068453126375145
4.0	0.08830215713766958
4.0	0.08830215713766958
4.0	0.08671099695241198
4.0	0.08603090020146065
4.0	0.08603090020146065
4.0	0.08603090020146065
4.0	0.08552631578947367
1.0	0.08520286456846099
4.0	0.0837707816583391
4.0	0.0837707816583391
4.0	0.0837707816583391
2.0	0.0837707816583391
4.0	0.08256852935480055
4.0	0.08240856434303291
