True Label: 0.0
0.0	0.16546806079840615
2.0	0.13471506281091267
4.0	0.1336306209562122
4.0	0.1336306209562122
4.0	0.12792042981336627
4.0	0.11766968108291043
4.0	0.11738783713068446
0.0	0.10637159925032538
4.0	0.10366421106976322
4.0	0.103209369308428
4.0	0.09948320067476141
4.0	0.09897433186107871
3.0	0.09717260841418186
4.0	0.09486832980505139
0.0	0.0875113012593303
4.0	0.08660254037844388
0.0	0.08528028654224418
4.0	0.08164965809277262
4.0	0.08164965809277262
4.0	0.07777777777777778
4.0	0.07745966692414834
4.0	0.07745966692414832
0.0	0.07730206825239258
0.0	0.07696244246562231
1.0	0.07537783614444091
4.0	0.07372097807744857
4.0	0.07372097807744857
4.0	0.0727606875108999
4.0	0.0727606875108999
4.0	0.0727606875108999
4.0	0.07071067811865477
3.0	0.07022468831767835
4.0	0.06859943405700353
4.0	0.06761234037828133
2.0	0.06735753140545633
0.0	0.0670820393249937
1.0	0.0662266178532522
4.0	0.06575959492214292
4.0	0.06575959492214292
4.0	0.06546536707079773
3.0	0.06529286250990105
4.0	0.06488856845230502
4.0	0.0632455532033676
0.0	0.06256495096046201
4.0	0.06155870112510925
3.0	0.06099942813304187
4.0	0.06030226891555273
3.0	0.059794807420154875
1.0	0.05976143046671968
2.0	0.05976143046671968
