True Label: 0.0
3.0	0.20982172726556322
4.0	0.18333969940564224
3.0	0.1786670367982117
0.0	0.1781741612749496
2.0	0.1690308509457033
4.0	0.1690308509457033
4.0	0.1690308509457033
3.0	0.16718346377260584
4.0	0.16029264090937534
4.0	0.15877683720748892
3.0	0.15118578920369088
4.0	0.1488875000956395
4.0	0.14824986333222023
4.0	0.14547859349066158
4.0	0.14285714285714282
2.0	0.13801311186847082
4.0	0.13576884666042613
2.0	0.1336306209562122
4.0	0.13006649542861798
4.0	0.12788721666732716
4.0	0.12777531299998796
3.0	0.1270513677232761
4.0	0.12543191584641125
4.0	0.12446097204675334
4.0	0.12427395320024
4.0	0.12262786789699316
4.0	0.12117984165964052
4.0	0.12104550653376048
4.0	0.12087344460380704
4.0	0.1197675343951021
4.0	0.1197675343951021
4.0	0.11952286093343936
3.0	0.1194417826690948
4.0	0.11922762080956648
4.0	0.11922762080956648
4.0	0.11631052629980884
4.0	0.11396057645963795
4.0	0.1126872339638022
3.0	0.11122918313613925
3.0	0.11042355814481886
3.0	0.10944726824041053
4.0	0.1091089451179962
4.0	0.1091089451179962
4.0	0.10910894511799618
4.0	0.10910894511799618
4.0	0.10798984943120776
4.0	0.10482848367219183
4.0	0.10482848367219183
4.0	0.10438335009588315
4.0	0.10101525445522107
