True Label: 0.0
4.0	0.31200998447925754
4.0	0.23299083623424086
4.0	0.2295390425243835
4.0	0.2113891001584171
4.0	0.19674775073518586
4.0	0.19200614429492774
4.0	0.18549555830406733
3.0	0.18481233109010925
3.0	0.18146654657782443
2.0	0.18086570557453924
3.0	0.16933350266692065
4.0	0.1667763518820053
3.0	0.16510016510024766
4.0	0.16481712868606585
4.0	0.1646381935245437
4.0	0.1627409109768403
4.0	0.15875015875023812
4.0	0.1525222190216408
3.0	0.14912234662243806
0.0	0.14829145570929492
4.0	0.14697408781305385
4.0	0.1466471150213533
1.0	0.14622607735937942
3.0	0.13970013970020956
4.0	0.1388386131576534
4.0	0.13860924831758192
4.0	0.13856849886842332
2.0	0.13730448032419146
4.0	0.13576884666042616
4.0	0.13576884666042616
4.0	0.13538259026847058
3.0	0.13287118395543585
4.0	0.13006210488387
4.0	0.12961896184130317
0.0	0.1291185466632647
1.0	0.12875193564331233
1.0	0.12875193564331233
0.0	0.12831622564368414
4.0	0.1277619822260332
2.0	0.1272388243274282
4.0	0.1270001270001905
3.0	0.1270001270001905
4.0	0.12700012700019048
4.0	0.12673652378373731
4.0	0.12361284651454937
4.0	0.12320822072673948
1.0	0.12143534814378326
4.0	0.12143534814378326
4.0	0.12115787884266638
0.0	0.12087196090239717
