True Label: 0.0
4.0	0.22222222222222227
4.0	0.19364916731037085
4.0	0.17568209223157666
4.0	0.17275582977016066
4.0	0.15430334996209194
4.0	0.15214515486254615
4.0	0.15158476564770812
4.0	0.15089291007086425
4.0	0.15075567228888184
4.0	0.15075567228888181
4.0	0.149071198499986
4.0	0.14864186274334057
4.0	0.13900960937138318
4.0	0.13608276348795437
4.0	0.13608276348795437
2.0	0.13176156917368248
0.0	0.13130643285972257
4.0	0.12909944487358055
4.0	0.12598815766974242
4.0	0.12580490207067815
4.0	0.12309149097933277
4.0	0.12286829679574764
4.0	0.11904761904761907
4.0	0.11878277418329972
0.0	0.11501092655705905
4.0	0.1143323900950059
4.0	0.11180339887498951
0.0	0.11145564251507056
4.0	0.11135885079684349
4.0	0.11111111111111113
4.0	0.11043152607484655
4.0	0.10814761408717502
4.0	0.10814761408717502
4.0	0.10814761408717502
4.0	0.10814761408717502
4.0	0.10744306187005072
4.0	0.10629347069326661
0.0	0.10540925533894599
4.0	0.1047697595156187
3.0	0.10425720702853739
4.0	0.10206207261596578
0.0	0.10138356499504404
4.0	0.10004084133313017
4.0	0.10004084133313017
4.0	0.09829463743659811
2.0	0.09712858623572643
2.0	0.09712858623572643
3.0	0.09622504486493764
3.0	0.09534625892455925
4.0	0.09331086394132779
