True Label: 0.0
4.0	0.5984756276767476
3.0	0.41170901173623525
4.0	0.33260637877997506
4.0	0.31094478193845004
4.0	0.29126575009686123
2.0	0.273633616584944
4.0	0.27309750056498916
0.0	0.26726124191242445
4.0	0.2636560294997084
3.0	0.26290478050258265
4.0	0.2625987321840328
0.0	0.24935637506379374
3.0	0.24460463299967872
0.0	0.2439163633454966
3.0	0.23900960559521273
4.0	0.23580581424344155
0.0	0.23552426949191418
2.0	0.23457871581420908
4.0	0.23388213848187447
4.0	0.22831947894724397
4.0	0.2278184008727649
0.0	0.22218167746733258
3.0	0.21509318881875206
4.0	0.21221935627982735
4.0	0.21115968988930242
0.0	0.2107722136229132
4.0	0.20906050250177272
4.0	0.20809752869259118
3.0	0.2044652050273827
4.0	0.20085750620212145
4.0	0.2005835530993016
4.0	0.2005835530993016
1.0	0.19959982020829833
4.0	0.19645631949643536
4.0	0.1921902121951375
4.0	0.1921902121951375
4.0	0.18941760231437857
4.0	0.1884808262215201
4.0	0.18431495398486647
4.0	0.1838225356025785
0.0	0.18259522682658624
4.0	0.17912193836439694
3.0	0.17867358375248663
4.0	0.1765337031607516
4.0	0.17611748841908675
4.0	0.17600237403039673
2.0	0.17599525439486446
3.0	0.174599677153367
1.0	0.17374096589951915
4.0	0.17323107434945595
