True Label: 0.0
4.0	0.39777864208786506
4.0	0.3156758158735856
4.0	0.3048922693831265
3.0	0.2940176187803321
4.0	0.2858309752375148
4.0	0.27216552697590873
4.0	0.27216552697590873
4.0	0.2561166066426108
3.0	0.2427588516137618
1.0	0.24072846024282474
4.0	0.2286647801900118
4.0	0.22680460581325726
4.0	0.21516574145596762
4.0	0.21516574145596762
4.0	0.21053798026662976
4.0	0.20833333333333331
4.0	0.2062842492517587
4.0	0.2051524849655546
3.0	0.20215947828770758
4.0	0.20211302086361083
4.0	0.20100756305184245
3.0	0.20023554516462583
3.0	0.19968329354635306
4.0	0.19695964928958387
3.0	0.19658927487319622
4.0	0.1944866553305261
2.0	0.19425717247145285
2.0	0.19425717247145285
4.0	0.1924500897298753
3.0	0.18925832465255626
4.0	0.18909389514744548
0.0	0.1873171623163388
3.0	0.18349396085439343
4.0	0.18257418583505536
4.0	0.18002057495577392
4.0	0.17817416127494956
4.0	0.17628903451848635
3.0	0.1756439791836758
2.0	0.17560148562387778
4.0	0.17407765595569785
4.0	0.17228943181614476
2.0	0.17213259316477408
2.0	0.17190354104313227
4.0	0.17149858514250885
4.0	0.16933350266692068
4.0	0.16933350266692068
4.0	0.16933350266692068
4.0	0.16666666666666669
4.0	0.16666666666666666
3.0	0.16666666666666666
