True Label: 0.0
0.0	0.4485426135725302
4.0	0.4123930494211613
4.0	0.34503277967117707
4.0	0.2817180849095055
4.0	0.2581988897471611
4.0	0.2503130871608794
4.0	0.21821789023599242
4.0	0.2182178902359924
4.0	0.2182178902359924
3.0	0.21556199545914567
4.0	0.21501647626876536
0.0	0.21295885499998002
4.0	0.21170244960998527
4.0	0.20701966780270625
4.0	0.19920476822239894
4.0	0.19920476822239894
0.0	0.18519463316790533
0.0	0.18519463316790533
0.0	0.18519463316790533
4.0	0.18156825980064073
4.0	0.18002057495577392
3.0	0.1749635530559413
4.0	0.17323371679589583
4.0	0.1707825127659933
4.0	0.1707825127659933
4.0	0.1690308509457033
2.0	0.16798421022632323
2.0	0.16422569855971142
0.0	0.16283793828912213
4.0	0.1591517535198076
4.0	0.15896778957620217
4.0	0.1543033499620919
4.0	0.1527525231651947
3.0	0.14941367748699375
3.0	0.1476970021094977
4.0	0.14754222271266348
4.0	0.14698618394803284
3.0	0.14451832825402
0.0	0.1432816821076568
3.0	0.14085904245475275
4.0	0.14085904245475275
3.0	0.14067598969066597
4.0	0.13957263155977062
2.0	0.13944333775567924
4.0	0.13829563644637993
4.0	0.13638618139749525
4.0	0.13638618139749525
3.0	0.1336306209562122
4.0	0.13231403100624078
3.0	0.13231403100624078
