True Label: 0.0
4.0	0.5
4.0	0.2958039891549808
4.0	0.2946278254943948
4.0	0.2651650429449553
4.0	0.23717082451262844
4.0	0.23249527748763857
2.0	0.22450662753346862
4.0	0.2182178902359924
4.0	0.20801257358446093
4.0	0.20623947784607638
4.0	0.2048220075932285
0.0	0.1976423537605237
4.0	0.1901597073139162
4.0	0.18844459036110228
3.0	0.1875
4.0	0.185499629001113
4.0	0.18257418583505536
4.0	0.18257418583505536
4.0	0.18190171877724973
4.0	0.17811762496977412
4.0	0.1720618004029213
0.0	0.1720618004029213
4.0	0.16666666666666666
4.0	0.1653594569415369
4.0	0.1599005372667078
4.0	0.1577233170360112
3.0	0.15715463927342804
4.0	0.15715463927342804
3.0	0.15633877721526332
4.0	0.15625
4.0	0.15625
4.0	0.1538643637241659
4.0	0.15075567228888181
4.0	0.15000000000000002
4.0	0.14990633779917228
3.0	0.14503557687531976
0.0	0.14465939058946115
0.0	0.14465939058946115
0.0	0.14465939058946115
4.0	0.14433756729740646
4.0	0.1433848336691011
4.0	0.13975424859373686
4.0	0.13975424859373686
4.0	0.1386750490563073
4.0	0.13693063937629152
3.0	0.13671718540493266
3.0	0.1366520416525303
4.0	0.13470397652008118
4.0	0.1336306209562122
4.0	0.13325044772225653
