True Label: 0.0
4.0	0.3219454348727917
3.0	0.30328763886379523
0.0	0.30120724833843704
4.0	0.2950658533297016
4.0	0.25992955004606755
4.0	0.25400025400038095
4.0	0.23186944788008412
4.0	0.1995716281431565
4.0	0.18725147156828456
4.0	0.16800537625806175
3.0	0.1663687814121731
4.0	0.16508332072280238
4.0	0.16339011369947531
4.0	0.16097271743639585
4.0	0.15850573957717806
4.0	0.1567723603339241
0.0	0.15607452586064402
3.0	0.15554275420956382
4.0	0.15401027590842437
4.0	0.15401027590842437
4.0	0.1525222190216408
4.0	0.15246239465416123
4.0	0.15145648913255064
4.0	0.15111923735717847
4.0	0.15080814250531674
4.0	0.14967108502231244
4.0	0.1475329266648508
3.0	0.14728265858530754
3.0	0.1426028039824924
4.0	0.13860924831758192
4.0	0.13470397652008118
4.0	0.13377816502340914
3.0	0.13228017337664943
4.0	0.13218592315208869
3.0	0.12890821699829874
3.0	0.12890821699829874
4.0	0.12857224855011826
0.0	0.12412427959034776
4.0	0.12320822072673948
2.0	0.12000384018432983
4.0	0.11891392446525259
4.0	0.11442688557362936
0.0	0.11428108036919292
3.0	0.11382490008530152
4.0	0.11359236684941296
4.0	0.11184962728253657
0.0	0.11154548988356301
4.0	0.11114923467068591
4.0	0.11112511112516668
4.0	0.11085479909473867
