True Label: 0.0
4.0	0.2188440547662043
4.0	0.2130032168075646
4.0	0.19641855032959654
4.0	0.1944866553305261
3.0	0.181848241863327
4.0	0.1776672636296754
4.0	0.173762011714229
4.0	0.16933350266692068
4.0	0.16839382851364088
4.0	0.1649915822768611
2.0	0.16178755723235855
4.0	0.15474611514754322
4.0	0.15294382258037453
4.0	0.1517277462437675
4.0	0.1421338109037403
3.0	0.1421338109037403
4.0	0.1421338109037403
4.0	0.13888888888888892
4.0	0.1336306209562122
3.0	0.12858612496840993
4.0	0.12858612496840993
3.0	0.12773438595346326
4.0	0.12598815766974242
4.0	0.1256297269074015
3.0	0.1256297269074015
4.0	0.12436708454077278
4.0	0.12171612389003691
3.0	0.12126781251816648
3.0	0.11785113019775793
4.0	0.11322770341445959
4.0	0.11180339887498951
4.0	0.11180339887498951
4.0	0.11111111111111113
4.0	0.11111111111111113
4.0	0.11111111111111113
4.0	0.10814761408717502
4.0	0.10540925533894599
4.0	0.10540925533894599
4.0	0.10350983390135315
3.0	0.10286889997472795
4.0	0.10286889997472795
4.0	0.10050378152592121
4.0	0.09860132971832694
4.0	0.09829463743659811
3.0	0.09829463743659811
4.0	0.09622504486493764
3.0	0.09622504486493764
4.0	0.09558988911273408
4.0	0.09449111825230681
4.0	0.09428090415820635
