True Label: 0.0
4.0	0.2818009309883172
4.0	0.20341905108624309
4.0	0.18257418583505536
4.0	0.17213259316477408
3.0	0.17038855027411942
4.0	0.16308201826336055
4.0	0.15064871543094188
4.0	0.14256648712805026
4.0	0.12909944487358055
4.0	0.12909944487358055
4.0	0.12909944487358055
4.0	0.12909944487358055
4.0	0.1278724026182012
4.0	0.12712834523274563
4.0	0.12565617248750865
4.0	0.12524485821702988
0.0	0.1209127083516686
4.0	0.1178511301977579
3.0	0.11420804814403215
3.0	0.11370704872299223
4.0	0.11336404025302713
4.0	0.10954451150103323
3.0	0.10679872401050139
4.0	0.10540925533894599
4.0	0.10540925533894599
4.0	0.10540925533894599
4.0	0.10540925533894599
4.0	0.10436403910504673
4.0	0.09999999999999998
4.0	0.09837387536759293
4.0	0.09780857421430686
3.0	0.09771398364036774
4.0	0.09731236802019036
4.0	0.09682458365518541
3.0	0.09567026073818631
4.0	0.09534625892455922
4.0	0.09517337345336013
0.0	0.0948840144095737
4.0	0.09428090415820632
4.0	0.09428090415820632
4.0	0.09421683286017896
4.0	0.09421683286017896
4.0	0.09105510501284467
4.0	0.09105029072119707
4.0	0.09083405243909495
4.0	0.0892199473490941
4.0	0.08896988002019558
2.0	0.08885233166386385
4.0	0.08856148855400953
4.0	0.08856148855400953
