True Label: 0.0
4.0	0.4999999999999999
4.0	0.36514837167011066
4.0	0.28867513459481287
0.0	0.23904572186687872
4.0	0.23693955110363693
4.0	0.21010507881568247
4.0	0.20701966780270625
4.0	0.20161945963637795
4.0	0.1936491673103708
4.0	0.1936491673103708
4.0	0.19266865889711307
2.0	0.18856180831641264
3.0	0.1884336657203579
4.0	0.1878672873255448
3.0	0.1878672873255448
4.0	0.18073922282301277
4.0	0.17978662999019784
4.0	0.1745743121887939
3.0	0.17099639201419237
3.0	0.1675415633166782
2.0	0.16514456476895406
4.0	0.1597524126056734
4.0	0.15491933384829668
4.0	0.15214515486254615
4.0	0.14462030521243743
3.0	0.14433756729740643
4.0	0.14433756729740643
4.0	0.14085904245475275
0.0	0.1369306393762915
4.0	0.13623731522826651
4.0	0.12909944487358055
4.0	0.12909944487358055
4.0	0.12909944487358055
3.0	0.1272054628286961
4.0	0.12524485821702988
4.0	0.12524485821702988
4.0	0.12422599874998833
4.0	0.1224744871391589
4.0	0.12198750911856662
4.0	0.12171612389003691
4.0	0.12171612389003691
0.0	0.12171612389003691
3.0	0.12097167578182677
0.0	0.11952286093343936
0.0	0.11952286093343936
4.0	0.11846977555181845
4.0	0.11846977555181845
0.0	0.11736911946539273
4.0	0.11710800875382396
3.0	0.1126872339638022
