True Label: 0.0
0.0	0.1341640786499874
3.0	0.13110110602126895
2.0	0.12909944487358058
2.0	0.12909944487358058
4.0	0.11393317879691248
4.0	0.11016316230980794
4.0	0.10476454436543674
4.0	0.10277402395547232
0.0	0.10170469499881718
0.0	0.09938079899999064
4.0	0.0978279740156158
2.0	0.09725975251592746
3.0	0.09630868246861538
3.0	0.09435445772025597
2.0	0.09302605094190634
4.0	0.08977310580745097
3.0	0.08539125638299666
2.0	0.08504200642707613
4.0	0.08134892168199606
4.0	0.07938749461770397
4.0	0.0790569415042095
4.0	0.07674257668936507
2.0	0.07669649888473704
4.0	0.07669649888473704
4.0	0.07607257743127306
3.0	0.075
4.0	0.07496402589928142
3.0	0.07456011350793257
4.0	0.07400226315090849
4.0	0.07395099728874518
2.0	0.07375982679069122
0.0	0.07338690821851225
4.0	0.0731001969220028
4.0	0.07144345083117602
4.0	0.07144345083117602
4.0	0.07030512397767563
4.0	0.07030512397767563
0.0	0.0691748238161833
4.0	0.06838249632112599
4.0	0.06761234037828132
4.0	0.06741998624632421
4.0	0.06741998624632421
3.0	0.0671094365241449
1.0	0.0663431115542844
0.0	0.06634311155428439
3.0	0.06614378277661476
0.0	0.06588078458684124
1.0	0.06367856613902975
2.0	0.06339789116762172
4.0	0.06338656910463875
