True Label: 0.0
4.0	0.35231170141429424
0.0	0.34921442960039434
2.0	0.31111289860776353
4.0	0.29556739901431517
3.0	0.26995379041977813
0.0	0.26457708804482094
4.0	0.23991264287428868
4.0	0.23027342864276687
4.0	0.2138121103472685
4.0	0.21304517217774588
1.0	0.20839396207194538
2.0	0.2078271596748396
2.0	0.20594974302626548
4.0	0.1917988185229168
4.0	0.1864322375594512
0.0	0.18641092980035995
4.0	0.17767686700600355
4.0	0.16984106937366136
4.0	0.1679326821773689
4.0	0.16673100431301852
4.0	0.1633810271319573
4.0	0.16188893170327057
3.0	0.15879382666870254
4.0	0.15754902950096739
4.0	0.1553424415003
4.0	0.15423817430978112
3.0	0.15371364026120551
2.0	0.15287945112072304
1.0	0.15091541881358142
4.0	0.14645825838791562
2.0	0.14244326872904117
4.0	0.13941044918342144
0.0	0.13329579051030743
2.0	0.13124655955237108
4.0	0.13034325857390322
1.0	0.12662029602726688
1.0	0.12647572789318012
1.0	0.1250888731004559
4.0	0.12326383509695885
0.0	0.1220716979384735
2.0	0.12072368133368737
1.0	0.12059030605598475
4.0	0.11716660671033248
4.0	0.11604085357195192
3.0	0.11530762304056312
4.0	0.11314714296070713
1.0	0.11125750262533765
4.0	0.11099160922852375
4.0	0.11098379227576713
1.0	0.10874361401884468
