True Label: 0.0
4.0	0.31426968052735443
4.0	0.22222222222222227
4.0	0.20998026278290405
4.0	0.17407765595569785
4.0	0.17010345435994292
4.0	0.16666666666666669
4.0	0.16012815380508716
4.0	0.16012815380508713
3.0	0.1543033499620919
4.0	0.14547859349066158
4.0	0.1403586535110865
4.0	0.1382147381437882
4.0	0.13608276348795437
4.0	0.13608276348795434
4.0	0.1320196723968899
4.0	0.12745318548364543
4.0	0.12598815766974242
3.0	0.11669000700233415
4.0	0.1160517706371319
4.0	0.11547005383792516
4.0	0.11460236069542148
3.0	0.11371470653683552
4.0	0.10758287072798381
4.0	0.10369516947304253
3.0	0.10286889997472795
1.0	0.10154529930749041
4.0	0.10050378152592121
4.0	0.10032154423814102
4.0	0.09938079899999065
3.0	0.09435641951204965
4.0	0.09128709291752769
4.0	0.09128709291752769
4.0	0.0907218423253029
4.0	0.08921722983855179
4.0	0.08921722983855179
4.0	0.08830215713766958
4.0	0.08660254037844388
4.0	0.08606629658238704
4.0	0.08606629658238704
4.0	0.0852705972521439
4.0	0.08486251286955258
4.0	0.08486251286955258
1.0	0.08451542547285168
4.0	0.08399210511316162
4.0	0.08333333333333336
4.0	0.08333333333333334
3.0	0.08333333333333334
4.0	0.08251229524805617
4.0	0.08119622530770387
2.0	0.08094446585163528
