True Label: 0.0
4.0	0.27537505700108095
2.0	0.24478174975308228
3.0	0.21658406165704153
1.0	0.21312227105339138
0.0	0.18101215356399908
1.0	0.17776503522120632
4.0	0.1757510587812691
0.0	0.17311677839032427
0.0	0.16646756152050277
4.0	0.16266274675563444
2.0	0.15668369135597715
1.0	0.14575930497888817
0.0	0.14474855717883967
4.0	0.14238933418531008
1.0	0.1355853053791272
4.0	0.13416259209210574
4.0	0.1322625849795648
4.0	0.12969029210177385
4.0	0.12799492126228446
4.0	0.12758794766588064
2.0	0.12708505663843847
0.0	0.12450471316430774
4.0	0.12122826049685435
4.0	0.12072368133368737
2.0	0.11670570316841973
4.0	0.11584777828095943
0.0	0.11519542913605602
4.0	0.1133315344343652
3.0	0.1115695986236283
2.0	0.1097138978581153
2.0	0.10561429471853923
0.0	0.10427491826743666
3.0	0.10311392102738669
3.0	0.10311392102738669
0.0	0.1023052337677262
2.0	0.10226679782649072
4.0	0.10171706143431711
4.0	0.101383564995044
0.0	0.09955668446019951
2.0	0.09782513177195606
3.0	0.09744904677385466
2.0	0.09689818642221681
4.0	0.09675506592551376
4.0	0.09675506592551376
4.0	0.09578262852211514
3.0	0.09519679655241567
4.0	0.09278127027019661
4.0	0.09274281410197664
4.0	0.09262280663215354
4.0	0.09040728896636897
