True Label: 0.0
4.0	0.19245008972987526
4.0	0.17010345435994292
4.0	0.16666666666666666
4.0	0.15230192477004287
4.0	0.14433756729740646
4.0	0.141313822615248
4.0	0.13819269959814168
4.0	0.13344012817090592
3.0	0.13074409009212268
4.0	0.12909944487358055
4.0	0.1272937693043289
4.0	0.11858541225631422
4.0	0.11785113019775793
4.0	0.11785113019775793
4.0	0.11605958636065741
4.0	0.1138550085106622
4.0	0.11236664374387369
4.0	0.11180339887498947
4.0	0.10832228060328025
4.0	0.10758287072798378
4.0	0.10540925533894598
4.0	0.10476975951561868
4.0	0.10425720702853739
4.0	0.10416666666666666
4.0	0.10311973892303816
3.0	0.10286889997472792
4.0	0.10206207261596575
4.0	0.10206207261596575
4.0	0.10050378152592121
3.0	0.099313261921854
2.0	0.09622504486493763
4.0	0.09622504486493763
4.0	0.09622504486493762
4.0	0.09622504486493762
4.0	0.0944911182523068
4.0	0.0936585811581694
1.0	0.09335200560186731
4.0	0.09245003270420485
4.0	0.09128709291752768
4.0	0.08980265101338746
4.0	0.0890870806374748
4.0	0.0890870806374748
4.0	0.08753762190648169
4.0	0.08606629658238703
4.0	0.08606629658238703
2.0	0.08466675133346033
4.0	0.08333333333333333
2.0	0.08190428478861995
2.0	0.08111071056538127
4.0	0.08111071056538127
