True Label: 0.0
2.0	0.3296817097484501
4.0	0.2072914450684739
4.0	0.19346033336266977
4.0	0.179968508266339
4.0	0.15907119074394444
3.0	0.15215612383663216
4.0	0.14527471236644277
4.0	0.14509525002200233
4.0	0.14509525002200233
4.0	0.14509525002200233
4.0	0.13834289277321493
4.0	0.13327849749579576
4.0	0.12789252903223972
4.0	0.12284561509641301
2.0	0.12262786789699316
4.0	0.11803342130469505
4.0	0.1164681928033949
4.0	0.11561466260321597
4.0	0.11561466260321597
4.0	0.11128297681493143
4.0	0.10814761408717502
3.0	0.10789960940412092
4.0	0.10748615458500278
0.0	0.10526315789473682
4.0	0.10495671428119793
4.0	0.10364572253423696
4.0	0.10324514658393344
4.0	0.09619721404877636
3.0	0.09444896294427421
4.0	0.09280323373346189
1.0	0.08955473256792901
3.0	0.08830215713766958
4.0	0.08671099695241198
4.0	0.08671099695241198
4.0	0.08671099695241198
4.0	0.08671099695241198
4.0	0.085947008518708
4.0	0.08524635983116866
4.0	0.08346223261119858
4.0	0.08346223261119858
4.0	0.08281849174905266
4.0	0.08193419066805777
0.0	0.0815364914991035
3.0	0.08031157077540443
4.0	0.08029550685469661
2.0	0.07878168645790681
4.0	0.07647191129018724
4.0	0.07647191129018724
4.0	0.07621312235413488
3.0	0.07610738529282056
