True Label: 0.0
4.0	0.2251260370993051
4.0	0.1746667529218746
4.0	0.13815528760660287
0.0	0.12253147328576804
2.0	0.11522515419035939
0.0	0.11321570831898503
4.0	0.11234144266139637
3.0	0.10721638238498002
0.0	0.10177748363137175
1.0	0.10108457471827904
2.0	0.09715684600767396
3.0	0.09571679098757077
3.0	0.09560470897547588
3.0	0.09461283395357248
0.0	0.09328108439878127
2.0	0.0924279158491207
4.0	0.09216201317138625
4.0	0.09134658272046443
3.0	0.09101993667326229
4.0	0.0880237696271323
0.0	0.0873333764609373
0.0	0.08703274432452648
3.0	0.08631572125355258
4.0	0.08605213278790583
0.0	0.08558303106230311
0.0	0.08432388606903232
0.0	0.08403658068160179
3.0	0.08365153132187089
1.0	0.08005559508919254
4.0	0.07910070050778194
2.0	0.07820595284103643
3.0	0.07745108556180838
2.0	0.07724968688799838
4.0	0.07656666239879274
4.0	0.07641670440332016
4.0	0.07630297476335493
4.0	0.0760831452687112
0.0	0.07607522040650269
1.0	0.07524996864585293
3.0	0.07477041617313884
4.0	0.07450857156376307
3.0	0.0734235460155939
3.0	0.0734235460155939
4.0	0.07296742189040499
4.0	0.07261590514377235
0.0	0.07180781225058211
0.0	0.07116052896817113
0.0	0.0707086739329446
4.0	0.070604850154956
0.0	0.0701247772826299
