True Label: 0.0
3.0	0.4601789933084222
0.0	0.3702967397323252
2.0	0.334829399311946
4.0	0.32024785969322295
2.0	0.3073181485764296
1.0	0.2792273525973103
4.0	0.2573143414476493
0.0	0.2517685920346127
1.0	0.2438087866714494
2.0	0.2376354103144018
1.0	0.17822655773580134
1.0	0.17307925067797852
0.0	0.16736548175114457
0.0	0.1604916688104892
0.0	0.1561577596587481
4.0	0.1560965270614599
3.0	0.15453763533180181
4.0	0.14077184654319624
4.0	0.13847254819214955
4.0	0.13847254819214955
3.0	0.13685996549319585
4.0	0.13558153613666007
4.0	0.1345022304174911
2.0	0.13351146745863818
4.0	0.13310245292923245
3.0	0.13258289021767888
0.0	0.13153341044116407
4.0	0.12970634732683
4.0	0.1295234179192075
0.0	0.12662604628481045
3.0	0.12602520756252086
3.0	0.12273468661750601
4.0	0.12114383206717982
3.0	0.11485642172393858
0.0	0.1134794407186551
4.0	0.10983537032430477
4.0	0.10945819181695755
4.0	0.10932391781397359
3.0	0.10925471531675762
4.0	0.10488730668544687
2.0	0.1034564094673936
4.0	0.1022619985129827
4.0	0.101009995845964
4.0	0.10068600741966403
2.0	0.10008320622712605
4.0	0.099867936929457
4.0	0.09924475403682738
3.0	0.09446413235478307
2.0	0.09257418493308131
3.0	0.09249945801257604
