True Label: 0.0
4.0	0.15075567228888181
2.0	0.14737658618664085
4.0	0.14708710135363803
2.0	0.1411081302575396
2.0	0.12862393885688161
0.0	0.125
4.0	0.12257258446136503
4.0	0.12019049345510291
4.0	0.11306675421666136
4.0	0.1118033988749895
4.0	0.10660035817780521
4.0	0.10206207261596577
4.0	0.09622504486493763
3.0	0.0944911182523068
4.0	0.08838834764831845
4.0	0.08333333333333333
4.0	0.0829654139499965
4.0	0.07905694150420949
1.0	0.0778178771849334
1.0	0.07715167498104596
4.0	0.07537783614444091
4.0	0.07500000000000001
4.0	0.07500000000000001
0.0	0.07500000000000001
4.0	0.07216878364870323
1.0	0.07111001549857178
4.0	0.07086833868923009
2.0	0.0705540651287698
4.0	0.07001400420140048
1.0	0.06933752452815364
3.0	0.0679018095318889
4.0	0.0668153104781061
4.0	0.06454972243679027
4.0	0.06454972243679027
4.0	0.0625
4.0	0.0625
4.0	0.062136976600120006
4.0	0.06065174763250427
4.0	0.06063390625908324
4.0	0.06063390625908324
4.0	0.06063390625908324
4.0	0.06063390625908324
4.0	0.06042103056535397
4.0	0.05976143046671968
4.0	0.05892556509887897
3.0	0.05892556509887897
4.0	0.0580008743338197
2.0	0.057781270440128034
0.0	0.05773502691896257
0.0	0.057353933467640436
