True Label: 0.0
4.0	0.5000000000000001
4.0	0.2956561979945413
3.0	0.264455451505023
4.0	0.26419797463373906
0.0	0.2434603024354483
4.0	0.2170607855311148
4.0	0.2075841229265092
4.0	0.20088078438073015
4.0	0.1988980632395388
2.0	0.19611613513818404
4.0	0.19611613513818402
4.0	0.173259232729684
3.0	0.1681681984990781
4.0	0.1513513786491703
0.0	0.14944064441601537
4.0	0.14824986333222026
4.0	0.14782809899727065
4.0	0.14326272820676295
0.0	0.14000465807745544
4.0	0.1386750490563073
3.0	0.13706390523690987
4.0	0.1359820733051053
4.0	0.13588932662615227
4.0	0.135880772326523
4.0	0.13461538461538464
4.0	0.1345345587992625
4.0	0.1345345587992625
0.0	0.13441415031764822
4.0	0.1330452890975436
3.0	0.1322277257525115
4.0	0.13080416089248587
4.0	0.12980855668674676
4.0	0.12971863041569273
3.0	0.12892198850808623
4.0	0.12731542121877581
4.0	0.12711879496828166
4.0	0.12711879496828166
4.0	0.12578782292498164
4.0	0.1254363015010636
4.0	0.1245338703466795
4.0	0.12431128952471174
4.0	0.12328224189336072
4.0	0.12009611535381537
4.0	0.12009611535381537
4.0	0.11930339305795831
4.0	0.11930339305795831
4.0	0.11826247919781653
0.0	0.11768913544050105
3.0	0.11732861524559621
4.0	0.11662062518275777
