True Label: 0.0
4.0	0.2587274448341005
3.0	0.2405626121623441
4.0	0.23328473740792174
4.0	0.20412414523193154
4.0	0.19802950859533489
0.0	0.19364916731037085
4.0	0.18257418583505539
4.0	0.18257418583505539
4.0	0.18257418583505539
4.0	0.17407765595569785
0.0	0.17010881186468782
4.0	0.169943715464835
3.0	0.1666666666666667
4.0	0.16336600980326782
4.0	0.16329931618554525
4.0	0.1543033499620919
2.0	0.14907119849998599
4.0	0.14852213144650117
4.0	0.14852213144650117
2.0	0.14433756729740646
4.0	0.14048787173725408
4.0	0.13813398164367524
3.0	0.13723116159876972
4.0	0.13608276348795434
4.0	0.1342312110428049
3.0	0.1331559103228269
4.0	0.1324532357065044
4.0	0.13088918861170878
4.0	0.1307440900921227
4.0	0.1305582419667734
4.0	0.12936372241705024
3.0	0.12901187033899825
4.0	0.12878054909248293
4.0	0.12878054909248293
4.0	0.1256297269074015
3.0	0.12186666955535815
4.0	0.12171612389003693
3.0	0.12141073279465806
4.0	0.12038585308576923
3.0	0.12014124900017316
0.0	0.11952286093343939
3.0	0.11927107455535575
4.0	0.11909826683508275
3.0	0.11821656093586512
4.0	0.11785113019775795
4.0	0.11785113019775793
4.0	0.11785113019775793
4.0	0.11664236870396087
2.0	0.1152143058963853
4.0	0.11322770341445959
