True Label: 0.0
4.0	0.1429154876187574
4.0	0.1388888888888889
2.0	0.1307440900921227
0.0	0.12379689211803457
3.0	0.09901475429766744
0.0	0.09829463743659811
4.0	0.09805806756909202
4.0	0.09622504486493764
2.0	0.0936585811581694
3.0	0.08466675133346034
4.0	0.08333333333333334
4.0	0.08128551833402207
4.0	0.08111071056538127
2.0	0.08084520834544433
4.0	0.08018753738744804
4.0	0.07804881763180783
3.0	0.07749842582921286
3.0	0.07483554251115622
4.0	0.074535599249993
1.0	0.07362101738323104
4.0	0.07106690545187015
3.0	0.07106690545187015
4.0	0.07071067811865477
4.0	0.07071067811865477
0.0	0.06967330142916178
3.0	0.06950480468569159
4.0	0.06804138174397718
4.0	0.06804138174397718
4.0	0.06804138174397718
4.0	0.06804138174397718
3.0	0.06711560552140244
4.0	0.0668153104781061
4.0	0.0668153104781061
4.0	0.06537204504606135
4.0	0.06475239082381762
4.0	0.06350006350009525
4.0	0.06299407883487121
4.0	0.06299407883487121
4.0	0.06299407883487121
3.0	0.06154574548966637
4.0	0.06085806194501846
4.0	0.06081670409998014
4.0	0.06063390625908324
3.0	0.05976143046671968
4.0	0.05892556509887897
4.0	0.05892556509887897
4.0	0.05892556509887897
4.0	0.05892556509887897
0.0	0.058358414604321146
4.0	0.05716619504750295
