True Label: 0.0
4.0	0.22406524510002948
0.0	0.16198477414681164
0.0	0.15971914124998496
4.0	0.1494421767555241
0.0	0.14669093606372427
1.0	0.13488377303708532
4.0	0.13449109746432147
2.0	0.12019246203225056
0.0	0.10965861582662816
3.0	0.10667894623427757
0.0	0.09838022268349253
0.0	0.09606506961737249
4.0	0.09523809523809522
1.0	0.09502695004495115
4.0	0.09455143815519589
4.0	0.09455143815519589
4.0	0.09343531843023134
4.0	0.09343531843023134
3.0	0.09221388919541469
3.0	0.08999154119267314
2.0	0.08908708063747478
3.0	0.08614609845078959
1.0	0.08572408331227327
1.0	0.08343769572029314
4.0	0.08271527783091084
0.0	0.08271527783091084
4.0	0.08012830802150038
4.0	0.07968190728895956
4.0	0.07938841860374445
0.0	0.07858546294299203
3.0	0.07795119555779043
0.0	0.0777615791359739
1.0	0.07730280475365976
4.0	0.07715167498104596
4.0	0.07618941662162575
4.0	0.07610194341477614
4.0	0.07349309197401639
3.0	0.07331431989709532
3.0	0.07273929674533079
0.0	0.07273929674533079
4.0	0.07249313936680665
0.0	0.07042952122737636
0.0	0.07042952122737636
1.0	0.07018624063435963
3.0	0.06900655593423541
4.0	0.06734350297014738
4.0	0.06723334569587362
0.0	0.06606874726434098
2.0	0.0657951694959769
4.0	0.0654653670707977
