True Label: 0.0
4.0	0.32956352306098574
4.0	0.2851124011492332
4.0	0.2738001694628001
4.0	0.22792115291927587
4.0	0.22677868380553634
4.0	0.22565322433338042
3.0	0.22558778976232488
4.0	0.21974390806001973
3.0	0.21505972236036822
4.0	0.20786985482077452
2.0	0.20214987702065612
4.0	0.1951800145897066
4.0	0.19397145798754875
4.0	0.19245008972987526
4.0	0.19094065395649334
4.0	0.18560940330260306
4.0	0.181848241863327
4.0	0.18102512888056815
3.0	0.17842008846070173
4.0	0.17817416127494956
1.0	0.17546560158589908
4.0	0.17255716903243173
3.0	0.16983672369508443
0.0	0.16687539144058627
4.0	0.15593623511709007
3.0	0.1555231582719478
4.0	0.1527830828380352
4.0	0.15018785229652765
4.0	0.14701809237865898
4.0	0.14547859349066156
4.0	0.13363062095621217
4.0	0.1315903389919538
4.0	0.12858612496840993
4.0	0.1272672580535354
0.0	0.1259881576697424
4.0	0.11821656093586509
4.0	0.11396057645963792
4.0	0.11268723396380219
4.0	0.109971479845643
3.0	0.10910894511799618
4.0	0.1080339539253607
4.0	0.1048284836721918
4.0	0.10356162766686666
3.0	0.10101525445522107
4.0	0.09860132971832693
4.0	0.09838022268349253
4.0	0.09759000729485329
4.0	0.09700387582319575
4.0	0.09523809523809522
4.0	0.09358165417914617
