True Label: 0.0
4.0	0.2204792759220492
3.0	0.2018932132718121
2.0	0.19245008972987526
4.0	0.1917988185229168
4.0	0.1720618004029213
4.0	0.16982489337101195
1.0	0.16962722969195404
4.0	0.16666666666666666
4.0	0.15559050516174885
4.0	0.14907119849998599
4.0	0.14907119849998596
4.0	0.14360673947588817
4.0	0.13900960937138318
4.0	0.13702976700452157
1.0	0.13485223234378915
4.0	0.1336306209562122
3.0	0.11458333333333334
4.0	0.11149412193707495
0.0	0.11034745181364905
2.0	0.10021947040037718
2.0	0.09578262852211514
4.0	0.08094048852977201
4.0	0.07856742013183862
4.0	0.07737305757377161
4.0	0.07737305757377161
4.0	0.07671455149152695
2.0	0.07462396395114815
1.0	0.07453559924999299
4.0	0.07372097807744857
2.0	0.07293249574894727
4.0	0.07216878364870322
4.0	0.06846531968814576
4.0	0.06595560662638578
4.0	0.06490565113483139
4.0	0.06454972243679027
0.0	0.0640291516606527
0.0	0.06330595056903791
4.0	0.06299407883487121
0.0	0.06189844605901729
0.0	0.05737753105492469
4.0	0.0569275042553311
2.0	0.055901699437494734
3.0	0.05521576303742326
2.0	0.05438961109706981
4.0	0.053300179088902604
4.0	0.050832856777534886
4.0	0.050251890762960605
4.0	0.050251890762960605
4.0	0.050251890762960605
4.0	0.050251890762960605
