True Label: 0.0
4.0	0.5045454545454545
4.0	0.4500914853571891
3.0	0.39054638013662524
3.0	0.3852347298744614
4.0	0.33826286924148646
4.0	0.33074754631582587
4.0	0.3269077650786026
0.0	0.3155242550986461
4.0	0.3133397807202561
4.0	0.28912165479145596
2.0	0.28549857085853186
4.0	0.2800560168056019
3.0	0.2763397118831029
4.0	0.2583525338486769
4.0	0.2581988897471611
4.0	0.25264557631995566
4.0	0.25205041512504167
0.0	0.24870800168690346
4.0	0.23268467259951842
0.0	0.22430886163681765
4.0	0.22176638128637183
3.0	0.2190890230020664
0.0	0.21666666666666667
2.0	0.21469801604867728
1.0	0.2110579412044345
1.0	0.2110579412044345
3.0	0.2088931871468374
4.0	0.20739033894608502
4.0	0.20655911179772884
3.0	0.20651825350204728
3.0	0.20412414523193148
4.0	0.20339007194925068
4.0	0.2029444275607638
3.0	0.20158105227158782
4.0	0.20155906709848315
2.0	0.20068166997620138
0.0	0.2002069322850476
4.0	0.2
4.0	0.19932317910802477
4.0	0.1974967724404075
4.0	0.19694638556693234
3.0	0.19215378456610455
4.0	0.18925832465255626
4.0	0.18203641092364123
0.0	0.18147857431243203
4.0	0.17888543819998312
4.0	0.17690759253434063
4.0	0.17457431218879385
4.0	0.1732050807568877
4.0	0.17213259316477406
