True Label: 0.0
3.0	0.31909677683352383
2.0	0.30576220946559896
4.0	0.2863692440560761
2.0	0.28456117627474964
1.0	0.282372483201007
3.0	0.2614261205701794
3.0	0.2502235136789772
0.0	0.24238714897403307
2.0	0.23891934294085454
1.0	0.236951850387359
2.0	0.2248324151355523
4.0	0.22310759521872317
1.0	0.22126818190407183
3.0	0.21977383072747694
4.0	0.18638714151762792
4.0	0.18392019594868114
0.0	0.17369428484641986
2.0	0.15882898238187504
4.0	0.14548334513090558
0.0	0.14384308976563387
4.0	0.12978611895375422
1.0	0.12798508507643477
3.0	0.1253810613671968
1.0	0.12227087189088336
3.0	0.12199885626608374
0.0	0.12132134845448851
2.0	0.11883474639485934
4.0	0.11199313129858071
2.0	0.110056363290703
4.0	0.10936239248647338
0.0	0.1008683230982411
0.0	0.10009764580722887
0.0	0.09801826460157367
2.0	0.09683668899794139
3.0	0.09539445011233401
4.0	0.09246584018191364
4.0	0.09196009797434057
0.0	0.09183712499604818
4.0	0.08908217104111728
0.0	0.088778812406755
3.0	0.08850727276162873
2.0	0.08733949374294395
4.0	0.08524929243380919
3.0	0.08378915848902159
4.0	0.08352690695845567
3.0	0.08281029215129486
2.0	0.08128201109529437
4.0	0.07986234251616581
3.0	0.07949537509361168
1.0	0.07874992309581577
