True Label: 0.0
4.0	0.20145574100634506
4.0	0.20145574100634506
4.0	0.1709408646894569
4.0	0.15717365336548286
4.0	0.1315903389919538
0.0	0.128564869306645
4.0	0.1257389226923863
4.0	0.12087344460380704
4.0	0.11826247919781653
0.0	0.11631052629980887
0.0	0.1096908636190696
4.0	0.10830607221477648
3.0	0.10353942082032278
4.0	0.10341753799900383
0.0	0.10050378152592121
4.0	0.09642365197998373
4.0	0.09572994763343545
4.0	0.09534625892455924
4.0	0.09090909090909091
4.0	0.09090909090909091
4.0	0.09090909090909091
4.0	0.09090909090909091
4.0	0.08891084489487741
4.0	0.08703882797784893
4.0	0.0861460984507896
4.0	0.08362420100070908
0.0	0.08324089477650336
3.0	0.08122955416108235
4.0	0.0787295821622217
3.0	0.0778498944161523
4.0	0.0778498944161523
1.0	0.07537783614444091
4.0	0.07367094686837573
4.0	0.07312724241271307
4.0	0.07312724241271307
3.0	0.07312724241271307
4.0	0.07106690545187015
4.0	0.07106690545187015
0.0	0.07015851210375362
3.0	0.06978631577988531
4.0	0.06978631577988531
4.0	0.06917144638660747
4.0	0.06897007348075543
4.0	0.06741998624632421
2.0	0.06741998624632421
4.0	0.06741998624632421
4.0	0.06741998624632421
4.0	0.06286946134619315
4.0	0.06286946134619315
0.0	0.061545745489666376
