True Label: 0.0
4.0	0.20161945963637792
3.0	0.20040455656862563
4.0	0.15834205998066872
4.0	0.15326885060086828
2.0	0.14652131563345774
0.0	0.1460871774476944
3.0	0.1366212754680262
3.0	0.13530568328499903
4.0	0.13391789600139503
4.0	0.13386322447594803
4.0	0.12939264105871254
2.0	0.1289215693606781
0.0	0.12779965811081193
3.0	0.12751534261266764
3.0	0.12049067317796996
4.0	0.11900452556370286
4.0	0.11743400437730696
4.0	0.1164568193883474
2.0	0.11625015228779925
3.0	0.10950739663921878
0.0	0.10906663470108093
3.0	0.10671585155748337
4.0	0.10635915785023836
4.0	0.10609917835346111
0.0	0.10476454436543672
4.0	0.10411584125907071
3.0	0.10358837851534185
4.0	0.1022829659604446
3.0	0.10126266914514764
2.0	0.10080972981818896
4.0	0.10080972981818896
3.0	0.10020227828431282
3.0	0.09938837346736187
3.0	0.09917043796975238
4.0	0.09877295966495894
4.0	0.09877295966495894
4.0	0.09817372485431251
4.0	0.09768609349621742
0.0	0.09563650695950074
4.0	0.09498100569810064
4.0	0.09498100569810064
3.0	0.0949551185881214
4.0	0.0941763218696022
4.0	0.09391318550208923
3.0	0.09374252720097653
3.0	0.09290297485097494
4.0	0.09202627172903877
4.0	0.09188458377475332
2.0	0.09110136110168687
2.0	0.09072875683637006
