True Label: 0.0
4.0	0.22123113173578446
0.0	0.21842482996029194
3.0	0.21739453296466238
3.0	0.21013292020967145
4.0	0.18708936561000966
4.0	0.17947878155372207
3.0	0.17700646798368172
3.0	0.1743184700598067
3.0	0.1743184700598067
4.0	0.16772892513626184
4.0	0.16521201201079772
4.0	0.16225478286296735
4.0	0.1584423585608783
4.0	0.15832512409528093
4.0	0.15832512409528093
4.0	0.15590780467500803
4.0	0.15109290857404006
4.0	0.1485864128307904
4.0	0.1485151643006572
4.0	0.14716573653773893
4.0	0.146862614204502
4.0	0.13874918701886407
4.0	0.134320069808949
2.0	0.13351146745863818
3.0	0.13181142572622528
0.0	0.12838344514910208
4.0	0.12722936101764157
4.0	0.1269543159311278
4.0	0.12666009927622474
4.0	0.1255694187002565
3.0	0.12543831090925284
4.0	0.12415173012025561
4.0	0.12184511847531809
4.0	0.12169108714722551
3.0	0.12117076856858232
0.0	0.12092281092998358
3.0	0.12073319795664762
4.0	0.12065379433217116
4.0	0.1201478189886899
3.0	0.12011031492927118
3.0	0.11996911682395378
4.0	0.11941628680530643
4.0	0.11743577988830126
4.0	0.1170973032040481
4.0	0.11700358786034092
4.0	0.11693085350625601
4.0	0.11662062518275777
4.0	0.11662062518275777
4.0	0.11562432251572008
0.0	0.11498901923222692
