True Label: 0.0
4.0	0.149071198499986
4.0	0.13748305625741009
4.0	0.13545709229571928
2.0	0.13468700594029479
2.0	0.1269717654627324
2.0	0.11907241805196007
4.0	0.11785113019775793
3.0	0.11602387022306428
3.0	0.1155625408802561
4.0	0.1118033988749895
4.0	0.1118033988749895
4.0	0.10758287072798381
4.0	0.10591096809914474
4.0	0.10540925533894599
2.0	0.10326699939512703
1.0	0.09860132971832694
4.0	0.09655402033694294
4.0	0.09622504486493764
3.0	0.09589940926145844
4.0	0.09563650695950075
3.0	0.09435641951204965
4.0	0.09316949906249125
4.0	0.09248633745043212
4.0	0.0907218423253029
4.0	0.088159064907635
0.0	0.0878699364458297
4.0	0.08606629658238704
4.0	0.08451542547285167
2.0	0.08339770826246501
4.0	0.0822903218501698
2.0	0.08183170883849715
2.0	0.081813448945636
3.0	0.08094048852977202
4.0	0.08084520834544433
4.0	0.07856742013183862
4.0	0.07804881763180785
4.0	0.07804881763180785
4.0	0.07715167498104597
4.0	0.07715167498104597
1.0	0.07694837640638656
3.0	0.07647191129018727
4.0	0.07457974233899738
4.0	0.074535599249993
4.0	0.074535599249993
4.0	0.07410810764999065
1.0	0.0727392967453308
3.0	0.0727392967453308
4.0	0.07106690545187015
4.0	0.07106690545187015
4.0	0.07071067811865477
