True Label: 0.0
0.0	0.2017185733574866
4.0	0.14599927901768628
3.0	0.11039892086155285
4.0	0.10869976188343201
4.0	0.08885233166386385
4.0	0.08668348275309887
4.0	0.08603090020146067
4.0	0.0837707816583391
4.0	0.0814228760958803
4.0	0.07987230638308716
3.0	0.0747147266463804
4.0	0.07443229275647868
4.0	0.07443229275647868
4.0	0.07391583808073378
2.0	0.07307962770409294
0.0	0.07169241683455056
0.0	0.07098727864204515
3.0	0.06862523155379188
4.0	0.06645303430125873
4.0	0.06612193531632726
3.0	0.065033247714309
0.0	0.06257827179021987
0.0	0.06257827179021987
0.0	0.06257827179021987
2.0	0.06243905410544627
4.0	0.06113949850556482
0.0	0.05857995763055314
2.0	0.0582716546748065
4.0	0.055824219567359015
4.0	0.05564148840746572
4.0	0.05564148840746572
0.0	0.055147180520534765
3.0	0.05488887848918299
4.0	0.05488887848918299
3.0	0.051925811549657995
4.0	0.05183052680392058
4.0	0.05183052680392058
0.0	0.05150048583695292
0.0	0.05142544961107456
0.0	0.051094944957080474
3.0	0.049669963389939155
4.0	0.04863603830857975
3.0	0.04824373322445078
4.0	0.048211162205545104
4.0	0.047387766947272175
4.0	0.047324852428030105
2.0	0.0473248524280301
0.0	0.046829290579084706
3.0	0.046829290579084706
2.0	0.0455802844097073
