True Label: 0.0
4.0	0.316227766016838
4.0	0.316227766016838
4.0	0.30999370331685144
3.0	0.2730094531159741
4.0	0.27216552697590873
2.0	0.24142865611338277
2.0	0.2405626121623441
4.0	0.22645540682891915
3.0	0.21629522817435004
4.0	0.21320071635561047
3.0	0.2057377999494559
4.0	0.20504156174308186
4.0	0.1924500897298753
4.0	0.18490006540840975
4.0	0.1814436846506058
4.0	0.17213259316477408
2.0	0.17213259316477408
2.0	0.16666666666666669
4.0	0.16222142113076252
4.0	0.15950338297242145
3.0	0.15846089618050946
4.0	0.15113781655796354
4.0	0.15097027121927944
4.0	0.15075567228888184
4.0	0.14937635992171197
4.0	0.14937635992171197
4.0	0.149071198499986
3.0	0.14897007613775545
4.0	0.14870296936986566
4.0	0.14870296936986566
4.0	0.14506471329641488
4.0	0.1421338109037403
4.0	0.1405456737852613
4.0	0.1405456737852613
3.0	0.13872716490205567
3.0	0.13772237400214113
4.0	0.13608276348795434
4.0	0.13608276348795434
4.0	0.13468700594029479
0.0	0.1336306209562122
2.0	0.1330380210475479
3.0	0.13084683595481036
4.0	0.1307440900921227
4.0	0.1307440900921227
4.0	0.13018891098082389
4.0	0.12598815766974242
4.0	0.12598815766974242
0.0	0.12598815766974242
4.0	0.12492194816597693
3.0	0.12324666468226746
