True Label: 0.0
4.0	0.21128856368212912
4.0	0.17640977514801298
1.0	0.15467960838455724
4.0	0.14744195615489714
0.0	0.14335365966423888
1.0	0.14214338317104436
0.0	0.1414213562373095
0.0	0.13975424859373686
0.0	0.13975424859373686
4.0	0.1369306393762915
4.0	0.13448595689788478
4.0	0.1305092244159686
2.0	0.1288561820893767
4.0	0.12629537138523064
4.0	0.12423546683420236
0.0	0.12028130608117203
4.0	0.11816066633743619
4.0	0.1178511301977579
4.0	0.11692679333668564
4.0	0.1146186625770222
1.0	0.11441437905284568
2.0	0.11364216126212369
4.0	0.11180339887498948
4.0	0.10910894511799618
4.0	0.10825317547305484
3.0	0.10718661571406801
4.0	0.10606601717798213
2.0	0.10564428184106456
4.0	0.10352955569516863
4.0	0.10206207261596575
4.0	0.10206207261596575
4.0	0.10171668390084186
4.0	0.10022296571715912
4.0	0.0978279740156158
4.0	0.09682458365518541
2.0	0.09600307214746386
2.0	0.09578262852211512
4.0	0.09525009525014287
4.0	0.09525009525014287
4.0	0.09446113534872719
4.0	0.09365858115816939
4.0	0.09365858115816939
1.0	0.09231861823449955
1.0	0.09231861823449955
1.0	0.08625819491779428
4.0	0.08574929257125441
2.0	0.08519427513705971
4.0	0.08385254915624211
4.0	0.08385254915624211
3.0	0.08333333333333333
