True Label: 0.0
4.0	0.179968508266339
4.0	0.17118419700436519
2.0	0.16984155512168936
4.0	0.1495371511386448
4.0	0.1310356045902398
4.0	0.1310356045902398
4.0	0.13012085969240406
4.0	0.12267912301642962
3.0	0.1224195063479703
4.0	0.1194880298498108
4.0	0.11891287353862352
4.0	0.11766968108291043
4.0	0.1155625408802561
4.0	0.1155625408802561
4.0	0.11248031766646188
4.0	0.11248031766646188
4.0	0.10895340841010226
4.0	0.10853039276555741
4.0	0.10675210253672476
4.0	0.10467600579705136
4.0	0.10453025125088636
0.0	0.10453025125088636
4.0	0.10336227882434039
4.0	0.10127393670836665
3.0	0.10127393670836665
4.0	0.09962709627734359
4.0	0.09805806756909202
4.0	0.09615384615384616
3.0	0.0961161313666907
4.0	0.0961161313666907
4.0	0.09435641951204965
4.0	0.09435641951204965
4.0	0.09421114395319916
4.0	0.09302605094190636
4.0	0.09265616458263765
2.0	0.09245003270420488
4.0	0.09245003270420488
4.0	0.0899842541331695
4.0	0.0899842541331695
4.0	0.0886968593983624
3.0	0.08770580193070293
4.0	0.08717370924267565
0.0	0.086629616364842
4.0	0.08559209850218259
3.0	0.08559209850218259
4.0	0.08534859274986487
2.0	0.08492077756084468
0.0	0.08321878574196034
3.0	0.08178608201095308
1.0	0.08123606849484961
