True Label: 0.0
4.0	0.3865103412619629
4.0	0.36514837167011066
3.0	0.25724787771376323
3.0	0.24385655500206618
4.0	0.23717082451262841
3.0	0.23414645289542346
4.0	0.22821773229381914
4.0	0.22097086912079608
4.0	0.19611613513818402
0.0	0.19050019050028574
4.0	0.1889822365046136
4.0	0.1889822365046136
3.0	0.18844459036110223
4.0	0.18257418583505533
4.0	0.18257418583505533
3.0	0.18190171877724967
4.0	0.17677669529663687
4.0	0.17677669529663687
4.0	0.1670382761952652
4.0	0.16666666666666666
4.0	0.16222142113076252
3.0	0.1599005372667078
4.0	0.15624999999999997
4.0	0.15158476564770806
4.0	0.1507556722888818
2.0	0.1507556722888818
3.0	0.14744195615489714
4.0	0.1414213562373095
3.0	0.13803940759355818
0.0	0.13638618139749523
4.0	0.13448595689788478
4.0	0.1332504477222565
4.0	0.13258252147247765
0.0	0.13167129059564686
4.0	0.13032150878567172
2.0	0.12909944487358055
4.0	0.12862393885688161
4.0	0.125
4.0	0.125
4.0	0.125
0.0	0.125
4.0	0.12376844287208427
4.0	0.12329924047901797
4.0	0.12309149097933274
4.0	0.12166606584807188
4.0	0.12166606584807188
3.0	0.1211253957778773
4.0	0.11952286093343935
4.0	0.11952286093343935
3.0	0.11858541225631421
