True Label: 0.0
0.0	0.14213381090374028
2.0	0.11677484162422842
3.0	0.11396057645963795
4.0	0.11134044285378084
4.0	0.11009637651263604
2.0	0.1077284357109812
3.0	0.10660035817780521
4.0	0.1011299793694863
4.0	0.1011299793694863
4.0	0.09304842103984708
4.0	0.09197908557177084
3.0	0.0909090909090909
0.0	0.08559529790779072
4.0	0.08362420100070908
2.0	0.08122955416108235
4.0	0.0799502686333539
4.0	0.07784989441615228
4.0	0.07756315349925286
4.0	0.07537783614444091
3.0	0.0753778361444409
4.0	0.07336739820667776
4.0	0.07321342658217783
4.0	0.07213811919707512
4.0	0.07191031186131672
4.0	0.07191031186131672
3.0	0.06818181818181818
2.0	0.06623823961658694
1.0	0.06579516949597689
0.0	0.0651165326338279
4.0	0.06428243465332249
4.0	0.06428243465332249
4.0	0.06396021490668313
4.0	0.06396021490668313
0.0	0.06286946134619315
4.0	0.060436722301903514
3.0	0.059708143402653194
4.0	0.05938556868486718
0.0	0.05913123959890826
4.0	0.05857074126574227
4.0	0.05838742081211421
4.0	0.05838742081211421
0.0	0.058025885318565944
2.0	0.05791654682813082
3.0	0.057906857736163705
3.0	0.05743796858006127
3.0	0.05733978888274016
4.0	0.05708146668457774
4.0	0.05698028822981897
0.0	0.05698028822981897
4.0	0.05698028822981897
