True Label: 0.0
4.0	0.3131121455425747
4.0	0.30983866769659335
4.0	0.22019275302527208
4.0	0.20942695414584775
4.0	0.1987615979999813
3.0	0.19720265943665385
4.0	0.1951800145897066
4.0	0.1936491673103708
3.0	0.19266865889711307
4.0	0.1878672873255448
4.0	0.1878672873255448
4.0	0.18257418583505533
4.0	0.17902871850985821
3.0	0.177122977108019
4.0	0.16620941843426232
4.0	0.1632993161855452
4.0	0.16129556770910236
3.0	0.15811388300841897
3.0	0.1556997888323046
4.0	0.1556997888323046
4.0	0.15491933384829665
3.0	0.15275252316519464
4.0	0.15214515486254615
2.0	0.15191090506254998
4.0	0.14808721943977307
4.0	0.1438389904456152
4.0	0.14322297480788657
4.0	0.14186538042638172
4.0	0.14142135623730948
4.0	0.14085904245475275
3.0	0.13992600911156572
4.0	0.13912166872805046
4.0	0.13801311186847084
4.0	0.13801311186847084
3.0	0.13801311186847084
4.0	0.13801311186847084
4.0	0.13623731522826651
4.0	0.13623731522826651
3.0	0.13459547551454137
4.0	0.1333333333333333
3.0	0.1326862231085688
4.0	0.13093073414159542
3.0	0.12909944487358055
4.0	0.12909944487358055
4.0	0.12909944487358055
4.0	0.12198750911856662
4.0	0.12171612389003691
4.0	0.12171612389003691
4.0	0.12171612389003691
4.0	0.12171612389003691
