True Label: 0.0
0.0	0.11343148142323309
0.0	0.11343148142323309
1.0	0.10942202738310215
0.0	0.10005560189476051
0.0	0.09925833339709302
0.0	0.09680038658279579
0.0	0.09680038658279579
4.0	0.09553946329477228
3.0	0.09284766908852593
2.0	0.08927525731124829
3.0	0.08803812696816801
4.0	0.08753762190648172
0.0	0.08337966824563375
4.0	0.08040844011283463
4.0	0.07768193328323317
0.0	0.07511746287542016
3.0	0.07444375004781978
0.0	0.0725018488207177
0.0	0.0725018488207177
4.0	0.0716335318826566
3.0	0.0713275551548211
1.0	0.06896551724137931
4.0	0.06771612231098581
0.0	0.06611394640818899
0.0	0.06599785510456307
4.0	0.06565321642986127
4.0	0.0646508183835236
4.0	0.06433962130157786
4.0	0.06424494082112925
0.0	0.06390214842634576
4.0	0.06203645837318314
4.0	0.06189844605901729
0.0	0.05947010334500526
4.0	0.05884372575446562
1.0	0.05800147905657416
0.0	0.0571437901103118
4.0	0.05598925109558543
3.0	0.05588772925123699
0.0	0.05570860145311556
4.0	0.05570860145311556
4.0	0.05462677805469223
1.0	0.05435018499614351
0.0	0.05405234802160208
3.0	0.05360562674188975
1.0	0.05360562674188973
3.0	0.05260088067653034
4.0	0.051502620262460476
4.0	0.05101443274928474
4.0	0.050652556154569234
4.0	0.05025577586797727
