True Label: 0.0
4.0	0.2838874869788344
3.0	0.22941573387056174
3.0	0.1675415633166782
4.0	0.16531163063339513
4.0	0.14910501299480672
4.0	0.14808721943977304
4.0	0.1338548962820509
4.0	0.1216660658480719
4.0	0.11846977555181845
4.0	0.11846977555181845
3.0	0.11470786693528087
4.0	0.10882143751650175
4.0	0.10814761408717502
4.0	0.10650358071057624
4.0	0.10635399695598369
4.0	0.10635399695598369
4.0	0.10495671428119792
4.0	0.1037571695799112
4.0	0.0993399267798783
4.0	0.09544271444636665
3.0	0.09197090092274487
4.0	0.09197090092274487
4.0	0.0917662935482247
4.0	0.09176629354822469
1.0	0.09068453126375145
4.0	0.08830215713766958
0.0	0.08813576890402883
4.0	0.08671099695241198
4.0	0.08671099695241198
3.0	0.0837707816583391
2.0	0.08365931017628182
4.0	0.07987230638308718
2.0	0.07878168645790681
2.0	0.07878168645790681
2.0	0.07694837640638655
4.0	0.07694837640638655
4.0	0.07530940414109723
4.0	0.07509392614826382
4.0	0.07509392614826382
4.0	0.07509392614826382
4.0	0.07509392614826382
4.0	0.07336739820667776
4.0	0.07254762501100116
3.0	0.07143996263690931
4.0	0.07098103827645424
4.0	0.06988389282191183
4.0	0.06917144638660747
4.0	0.06917144638660747
4.0	0.06748819059987712
4.0	0.06748819059987712
