True Label: 0.0
4.0	0.5
0.0	0.19802950859533489
2.0	0.16351748504193214
4.0	0.10914955890876363
0.0	0.10600714067209772
3.0	0.09541300465126666
2.0	0.09513029883089882
4.0	0.09166984970282112
1.0	0.09038769075777342
0.0	0.08939981748151894
4.0	0.08751750525175062
4.0	0.08380754741901122
2.0	0.08199200616907877
0.0	0.08084520834544431
1.0	0.07974522228289
0.0	0.079679326205847
2.0	0.07893862224383408
4.0	0.07767356373806174
4.0	0.07397267214553091
3.0	0.0727606875108999
2.0	0.07195920781292546
4.0	0.07151985398521515
4.0	0.06726727939963124
4.0	0.06726727939963124
2.0	0.065857564170497
3.0	0.06482037235521644
3.0	0.06424925662032355
3.0	0.0634478730881381
0.0	0.06270609304576777
0.0	0.06262242910851494
2.0	0.06160411036336974
4.0	0.06070984104933799
4.0	0.06063390625908324
4.0	0.06063390625908324
0.0	0.06063390625908324
4.0	0.05970814340265321
4.0	0.05889427330914168
4.0	0.05889427330914168
4.0	0.0548454318095348
4.0	0.05423261445466404
2.0	0.051971919650642774
2.0	0.051971919650642774
3.0	0.051971919650642774
4.0	0.05141744967290608
4.0	0.05113099925649136
3.0	0.05057217374241736
0.0	0.04949126933088699
0.0	0.04925152335778521
4.0	0.048507125007266595
4.0	0.048237745792442055
