True Label: 0.0
4.0	0.2618614682831908
4.0	0.2449489742783178
4.0	0.20519567041703082
4.0	0.18843366572035788
0.0	0.16514456476895406
4.0	0.15936381457791915
0.0	0.15655607277128736
4.0	0.1556997888323046
4.0	0.14907119849998599
4.0	0.1475608130513894
4.0	0.14142135623730948
4.0	0.13801311186847084
0.0	0.1369306393762915
4.0	0.13521679662509475
4.0	0.1333333333333333
4.0	0.1333333333333333
4.0	0.13176156917368248
4.0	0.12909944487358055
2.0	0.12909944487358055
4.0	0.12568925295997524
4.0	0.12403473458920844
4.0	0.1224744871391589
0.0	0.12247448713915889
0.0	0.12247448713915889
4.0	0.12247448713915889
1.0	0.12032128571556508
4.0	0.11846977555181845
4.0	0.1178511301977579
3.0	0.11593472394004206
2.0	0.11547005383792514
4.0	0.1126872339638022
0.0	0.11040405212838955
4.0	0.10767638041163309
4.0	0.10593098718411684
4.0	0.10576962991271238
0.0	0.10540925533894598
4.0	0.10540925533894598
0.0	0.10540925533894596
4.0	0.10350983390135313
2.0	0.10327955589886445
4.0	0.10259783520851541
4.0	0.10206207261596574
4.0	0.09999999999999998
4.0	0.09991745768300442
4.0	0.09960238411119947
4.0	0.09938079899999065
4.0	0.09938079899999065
4.0	0.0975900072948533
4.0	0.0975900072948533
1.0	0.09682458365518541
