True Label: 0.0
4.0	0.1814436846506058
4.0	0.1610152971798827
4.0	0.14142135623730953
4.0	0.14091481717182852
4.0	0.1307440900921227
3.0	0.12598815766974242
4.0	0.12598815766974242
4.0	0.12171612389003691
4.0	0.12065379433217116
4.0	0.11785113019775793
4.0	0.11111111111111113
3.0	0.10050378152592121
3.0	0.10001653302482985
4.0	0.09523809523809525
4.0	0.09523809523809525
4.0	0.09449111825230681
3.0	0.09289773523888237
4.0	0.09128709291752768
2.0	0.0890870806374748
4.0	0.0890870806374748
3.0	0.08882529023711004
4.0	0.08838834764831845
3.0	0.08838834764831845
4.0	0.08574929257125442
1.0	0.08466675133346034
4.0	0.08276058886023681
0.0	0.08276058886023681
4.0	0.08111071056538127
4.0	0.08012699563673527
4.0	0.08006407690254357
4.0	0.07856742013183862
3.0	0.07715167498104597
4.0	0.07715167498104597
3.0	0.07647191129018727
1.0	0.07628394235874975
4.0	0.074535599249993
4.0	0.074535599249993
4.0	0.074535599249993
4.0	0.07372097807744858
3.0	0.07249803804839262
3.0	0.07249803804839262
4.0	0.07106690545187015
4.0	0.07106690545187015
4.0	0.07106690545187015
4.0	0.07071067811865475
3.0	0.0703597544730292
0.0	0.06967330142916178
2.0	0.06933752452815366
4.0	0.06896715738353068
4.0	0.06849957804389889
