True Label: 0.0
2.0	0.4547376485287171
2.0	0.41313495476158396
2.0	0.387524273171299
1.0	0.3627381250550058
3.0	0.3321361106966265
0.0	0.3216721438586535
2.0	0.2984188387811963
1.0	0.2975850320697487
3.0	0.28798158471936136
0.0	0.2847473987257497
4.0	0.2842798691546853
0.0	0.28056585887484736
3.0	0.2614261205701794
4.0	0.25080245827742265
0.0	0.23866718525271902
0.0	0.22688611094742395
1.0	0.21314395616921458
2.0	0.2045825743984375
2.0	0.20203050891044216
4.0	0.1938287215142766
1.0	0.1878216386096904
2.0	0.16751484856512244
4.0	0.16657109542957088
3.0	0.16012815380508713
4.0	0.15873015873015872
0.0	0.15617376188860607
3.0	0.1489388671836248
3.0	0.14744195615489714
4.0	0.1451349025620335
4.0	0.1385917857350474
4.0	0.13725270326150327
2.0	0.1318282687277778
2.0	0.12806020814297073
4.0	0.12526389486326128
0.0	0.1224989893875063
0.0	0.1196365215561852
4.0	0.11802665469126303
3.0	0.11745408600387564
3.0	0.11648715590240039
4.0	0.11180339887498948
1.0	0.11065666703449761
3.0	0.10574426822158503
3.0	0.10425720702853739
3.0	0.10115468206396327
0.0	0.10049500075885895
2.0	0.09811468853477787
3.0	0.09625958864702987
4.0	0.09269795493186431
0.0	0.08999154119267314
4.0	0.08951833052261612
