True Label: 0.0
4.0	0.3042903097250923
4.0	0.19999999999999996
4.0	0.19034674690672024
4.0	0.1878672873255448
2.0	0.1732050807568877
4.0	0.1732050807568877
4.0	0.1675415633166782
4.0	0.14907119849998599
4.0	0.13912166872805046
4.0	0.13801311186847084
4.0	0.13561270072416204
3.0	0.13284223283101426
4.0	0.1318760946791574
3.0	0.1309307341415954
4.0	0.12087957704309987
4.0	0.11846977555181845
4.0	0.11846977555181845
3.0	0.11846977555181845
3.0	0.11420804814403215
4.0	0.1118033988749895
3.0	0.10767638041163309
0.0	0.10652472825826147
4.0	0.10540925533894598
4.0	0.10327955589886445
4.0	0.10282357329265308
4.0	0.10176437026295687
3.0	0.09837387536759294
4.0	0.0975900072948533
4.0	0.0975900072948533
3.0	0.09274777915203365
4.0	0.09128709291752767
3.0	0.08728715609439695
4.0	0.08728715609439694
4.0	0.08660254037844385
4.0	0.08660254037844385
4.0	0.08606629658238703
4.0	0.08496617760555311
3.0	0.08451542547285165
4.0	0.08197822947299412
4.0	0.0816496580927726
4.0	0.0816496580927726
3.0	0.08064778385455118
3.0	0.07942550733204838
4.0	0.0778498944161523
3.0	0.0778498944161523
4.0	0.0778498944161523
4.0	0.07745966692414832
4.0	0.07715167498104594
4.0	0.0769800358919501
2.0	0.07595545253127499
