True Label: 0.0
4.0	0.18090680674665818
4.0	0.16012815380508716
4.0	0.15075567228888181
4.0	0.14961089428620888
4.0	0.1424137989832624
4.0	0.1414213562373095
4.0	0.13093073414159545
4.0	0.13093073414159545
4.0	0.1210940725364818
2.0	0.11766968108291043
4.0	0.11700358786034092
4.0	0.11547005383792518
3.0	0.11527417574296656
4.0	0.1125087900926024
4.0	0.112089707663561
4.0	0.11180339887498948
3.0	0.10954451150103323
3.0	0.10954451150103323
4.0	0.10954451150103323
3.0	0.10892371702342388
3.0	0.10606601717798213
4.0	0.10415112878465911
4.0	0.09863939238321438
4.0	0.09782319760890372
2.0	0.09638631946829987
3.0	0.09527410888855545
4.0	0.09486832980505139
4.0	0.09365858115816941
4.0	0.09316333889196235
3.0	0.09258200997725514
4.0	0.0917662935482247
4.0	0.0917662935482247
4.0	0.0917662935482247
4.0	0.09176629354822469
3.0	0.09011962583880365
4.0	0.0896258159530272
4.0	0.0894427190999916
4.0	0.08866026365661406
4.0	0.08846517369293828
4.0	0.08846517369293828
4.0	0.08838834764831843
4.0	0.08801724588467041
4.0	0.08751899489873674
4.0	0.08599554745692231
4.0	0.08574929257125444
4.0	0.08479983040050881
3.0	0.08383435790987202
4.0	0.08249579113843056
4.0	0.08164965809277262
4.0	0.08000000000000002
