True Label: 0.0
4.0	0.31426968052735443
4.0	0.2525907427704613
4.0	0.2357022603955159
3.0	0.22278319716975176
3.0	0.21821789023599242
4.0	0.2100420126042015
4.0	0.19153271942071845
4.0	0.17677669529663692
3.0	0.16012815380508716
4.0	0.14664711502135333
4.0	0.13608276348795434
4.0	0.1336306209562122
4.0	0.12565617248750865
4.0	0.12309149097933275
4.0	0.12309149097933275
4.0	0.12247448713915893
4.0	0.12247448713915893
4.0	0.12186666955535816
4.0	0.11785113019775795
4.0	0.11785113019775793
4.0	0.11410886614690961
4.0	0.11410886614690961
4.0	0.11322770341445959
4.0	0.11322770341445959
4.0	0.10939874362342095
3.0	0.10910894511799621
4.0	0.10910894511799621
4.0	0.10879853497231115
2.0	0.10814761408717505
4.0	0.10502100630210073
0.0	0.10206207261596575
4.0	0.09805806756909204
4.0	0.09682458365518543
3.0	0.09380984679830705
4.0	0.0936585811581694
4.0	0.09128709291752769
0.0	0.09128709291752769
3.0	0.09128709291752769
1.0	0.08964214570007956
4.0	0.08908708063747481
4.0	0.08908708063747481
4.0	0.08908708063747481
4.0	0.08838834764831846
4.0	0.08703882797784893
4.0	0.08703882797784893
4.0	0.08703882797784893
4.0	0.08625819491779428
0.0	0.08411582311380666
3.0	0.08257228238447706
0.0	0.0796819072889596
