True Label: 0.0
3.0	0.2684624220856098
3.0	0.2638993314558738
4.0	0.26184823412980085
1.0	0.2587745847533829
4.0	0.24122532033850386
2.0	0.23814483610392012
4.0	0.23331413131434572
4.0	0.21650635094610968
4.0	0.18898223650461363
4.0	0.17641258225238565
4.0	0.17323371679589583
4.0	0.1725163898355886
4.0	0.1666666666666667
2.0	0.15888586852485817
4.0	0.15048231635721152
4.0	0.14907119849998599
1.0	0.14659886790209342
4.0	0.14563564388512537
4.0	0.1425808580254335
3.0	0.14153462926807447
4.0	0.1414380954640045
2.0	0.14093363025053043
4.0	0.1388888888888889
3.0	0.1386750490563073
4.0	0.13693063937629157
4.0	0.1355544171172596
4.0	0.1355544171172596
4.0	0.13258252147247768
2.0	0.13095412089433026
4.0	0.13043729868748774
3.0	0.1276884796138123
2.0	0.12562972690740154
4.0	0.11967838846954226
4.0	0.11907241805196007
4.0	0.11858541225631423
3.0	0.11572751247156894
4.0	0.11572751247156894
4.0	0.11556254088025607
4.0	0.112962014264383
4.0	0.1118033988749895
2.0	0.11090174384178364
3.0	0.110056363290703
4.0	0.10978875820671
0.0	0.10959932487023821
4.0	0.10937500000000003
1.0	0.10767638041163313
4.0	0.10540925533894598
4.0	0.10533762145004806
4.0	0.1041666666666667
4.0	0.1031197389230382
