True Label: 0.0
4.0	0.2631806779839076
3.0	0.17407765595569785
4.0	0.1671213668779285
3.0	0.14250712553441955
4.0	0.1421338109037403
0.0	0.1421338109037403
4.0	0.1399731277389636
4.0	0.1353937324099872
4.0	0.13450689671224259
1.0	0.1257389226923863
4.0	0.12060453783110546
2.0	0.11677484162422845
3.0	0.11631052629980887
4.0	0.11469000940159514
1.0	0.1144622395293525
4.0	0.11421466947621989
4.0	0.11421466947621989
4.0	0.11396057645963795
4.0	0.11306675421666137
2.0	0.11197850219117086
3.0	0.10896926720636992
3.0	0.10896926720636992
0.0	0.10851630742824563
4.0	0.10772626933552051
4.0	0.10728003905586896
0.0	0.10660035817780522
4.0	0.10660035817780522
3.0	0.10660035817780522
4.0	0.10497277621629561
4.0	0.10375716957991118
4.0	0.10197829843077834
4.0	0.10112997936948631
4.0	0.10112997936948631
4.0	0.10072787050317253
4.0	0.10050378152592121
3.0	0.09998616204241628
3.0	0.09933611619943693
3.0	0.09913631941932194
4.0	0.09731236802019037
4.0	0.09714729178933956
4.0	0.09714485613498386
4.0	0.096668072275742
4.0	0.09642365197998373
4.0	0.09562960652968121
4.0	0.09538866331132298
4.0	0.09534625892455924
4.0	0.09499507445716852
4.0	0.09453280857785272
4.0	0.09422229518055114
4.0	0.09329556203566843
