True Label: 0.0
4.0	0.25980762113533157
4.0	0.23904572186687872
4.0	0.15569978883230456
4.0	0.15256428831468233
4.0	0.15214515486254612
4.0	0.14509525002200233
4.0	0.13762047064079508
4.0	0.13693063937629152
4.0	0.13459547551454137
4.0	0.1333333333333333
4.0	0.13041013273932525
3.0	0.12198750911856665
2.0	0.12022594265022708
4.0	0.1178511301977579
4.0	0.11570643085877508
4.0	0.11547005383792515
4.0	0.11480778669894406
4.0	0.11226827987756231
3.0	0.1118033988749895
4.0	0.10954451150103323
4.0	0.10954451150103321
4.0	0.10766828170300508
4.0	0.1075828707279838
4.0	0.10471347707292387
4.0	0.10471347707292386
4.0	0.10471347707292386
4.0	0.10350983390135311
4.0	0.10170952554312154
4.0	0.09731236802019036
4.0	0.09525793444156805
4.0	0.09424212936563148
4.0	0.09424212936563148
3.0	0.09258200997725513
4.0	0.09221388919541468
4.0	0.09128709291752768
0.0	0.09128709291752768
4.0	0.09128709291752768
4.0	0.09128709291752768
3.0	0.09083405243909494
3.0	0.09066734988731406
4.0	0.0895143592549291
4.0	0.08945489066146863
4.0	0.08885233166386385
4.0	0.08885233166386385
4.0	0.08856148855400953
4.0	0.08856148855400953
4.0	0.08856148855400953
1.0	0.0882834016537154
4.0	0.08825056370227596
4.0	0.08784104611578833
