True Label: 0.0
4.0	0.27247463045653303
3.0	0.20100756305184242
4.0	0.1599005372667078
3.0	0.15832512409528088
3.0	0.15441828729643658
4.0	0.15075567228888181
3.0	0.1446354779699756
4.0	0.1431040904306198
0.0	0.14126448280440335
4.0	0.14101901870444156
3.0	0.13636363636363638
3.0	0.1305582419667734
4.0	0.12792347202485613
4.0	0.12644513471471827
4.0	0.12543630150106364
2.0	0.12385842357671556
4.0	0.12184433124162353
0.0	0.12184433124162353
3.0	0.12002596682601956
4.0	0.11959086320982112
3.0	0.11798497593106737
4.0	0.11002155735583802
3.0	0.10879853497231115
4.0	0.10726454129012915
4.0	0.10660035817780522
4.0	0.10660035817780521
2.0	0.10530818487020452
4.0	0.10423698288410504
4.0	0.10347966929808947
3.0	0.10292693151425206
4.0	0.10072787050317253
4.0	0.10072787050317253
3.0	0.09984038297885897
4.0	0.09984038297885897
3.0	0.09984038297885897
4.0	0.09642365197998373
0.0	0.0957427107756338
2.0	0.09521938427231731
3.0	0.09476781318792941
4.0	0.09422229518055114
4.0	0.09422229518055114
4.0	0.09417632186960223
1.0	0.09366999388972436
4.0	0.0931854787382905
3.0	0.09296647613532098
3.0	0.0928032337334619
2.0	0.09231861823449956
3.0	0.09140905301589133
4.0	0.09090909090909091
4.0	0.09045340337332909
