True Label: 0.0
2.0	0.21320071635561044
4.0	0.20100756305184242
3.0	0.18860838403857944
0.0	0.17407765595569785
1.0	0.16116459280507606
3.0	0.16116459280507606
0.0	0.15512630699850577
4.0	0.15075567228888181
4.0	0.15075567228888181
4.0	0.14625448482542613
0.0	0.14309095175803563
2.0	0.1421338109037403
4.0	0.13834289277321493
2.0	0.13483997249264842
4.0	0.1315903389919538
4.0	0.1305582419667734
0.0	0.12856486930664499
4.0	0.1266600992762247
4.0	0.1257389226923863
3.0	0.11306675421666136
4.0	0.11306675421666136
1.0	0.11104881163264388
4.0	0.10830607221477648
4.0	0.10660035817780521
3.0	0.10660035817780521
0.0	0.09913631941932194
3.0	0.09656090991705352
3.0	0.09534625892455924
4.0	0.09534625892455924
4.0	0.09090909090909091
4.0	0.09090909090909091
4.0	0.08703882797784893
2.0	0.08703882797784893
3.0	0.08703882797784893
4.0	0.08398387664337814
4.0	0.08362420100070908
2.0	0.0778498944161523
4.0	0.07756315349925287
0.0	0.07597371763975862
1.0	0.07537783614444091
1.0	0.07537783614444091
1.0	0.07537783614444091
0.0	0.07367094686837573
4.0	0.07106690545187015
4.0	0.07106690545187015
4.0	0.06978631577988531
3.0	0.06917144638660747
4.0	0.06897007348075543
0.0	0.06818181818181818
2.0	0.06741998624632421
