True Label: 0.0
4.0	0.2176428750330035
4.0	0.21081851067789195
4.0	0.16329931618554522
3.0	0.15811388300841897
4.0	0.15811388300841897
4.0	0.15214515486254615
4.0	0.14301938838683886
0.0	0.14231361339296403
4.0	0.1419904585617662
4.0	0.13801311186847084
4.0	0.1318760946791574
4.0	0.1315587028960544
4.0	0.12824729401064427
4.0	0.12285902336679023
4.0	0.11858541225631422
4.0	0.11744404390294069
4.0	0.11656310103003922
4.0	0.11504474832710557
4.0	0.11180339887498951
4.0	0.11180339887498951
3.0	0.11009637651263607
4.0	0.10846522890932808
0.0	0.10380684981717495
3.0	0.10350983390135314
3.0	0.10350983390135313
4.0	0.1011299793694863
4.0	0.09877295966495897
4.0	0.09534625892455924
4.0	0.09486832980505139
4.0	0.09486832980505139
4.0	0.09486832980505137
4.0	0.09480909262799544
2.0	0.09302605094190634
4.0	0.0912870929175277
4.0	0.0912870929175277
0.0	0.0912870929175277
4.0	0.0912870929175277
4.0	0.09128709291752769
4.0	0.08964214570007953
4.0	0.08770580193070293
4.0	0.08451542547285167
4.0	0.0816496580927726
4.0	0.0816496580927726
4.0	0.0816496580927726
4.0	0.0816496580927726
4.0	0.0816496580927726
3.0	0.08134892168199606
4.0	0.08134892168199606
2.0	0.0809776330178916
4.0	0.08032193289024989
