True Label: 0.0
4.0	0.2830692585361489
4.0	0.19535451620220173
4.0	0.16531163063339513
4.0	0.16012815380508716
4.0	0.1386750490563073
4.0	0.13209898731686953
2.0	0.12561485860426555
3.0	0.11322770341445956
4.0	0.10809494906623499
4.0	0.09656090991705352
4.0	0.09656090991705352
3.0	0.0960768922830523
3.0	0.0960768922830523
4.0	0.09245003270420486
4.0	0.08920515501750789
4.0	0.08770580193070292
4.0	0.08735706972682653
4.0	0.0826898230594723
4.0	0.0826898230594723
4.0	0.0826898230594723
4.0	0.08006407690254357
3.0	0.07767356373806174
4.0	0.075955452531275
4.0	0.0756534415836003
4.0	0.07325794357582566
4.0	0.07098502167602935
4.0	0.07082882469748285
4.0	0.0702809355740469
4.0	0.06988565578146122
4.0	0.06988565578146122
4.0	0.0686543795476362
2.0	0.06810025927180065
1.0	0.06726727939963124
4.0	0.06712120478771355
3.0	0.06677805632941779
3.0	0.065676811476959
4.0	0.06537204504606135
4.0	0.06537204504606134
3.0	0.06528168972292482
4.0	0.06507609686037587
3.0	0.06419407387663695
3.0	0.06419407387663695
4.0	0.06419407387663695
4.0	0.0641025641025641
4.0	0.06407742091112714
4.0	0.06405126152203486
3.0	0.06405126152203486
4.0	0.06329621044272916
4.0	0.062272059813089434
4.0	0.06201736729460422
