True Label: 0.0
4.0	0.4723936258089413
4.0	0.4485426135725302
4.0	0.3884492980336779
4.0	0.34554931938865674
4.0	0.31622776601683794
4.0	0.30678599553894814
4.0	0.30120724833843704
4.0	0.296009052603634
4.0	0.29364006844420665
4.0	0.2795084971874737
3.0	0.2674596295992099
4.0	0.26584408385946245
3.0	0.26574700172636695
3.0	0.25819888974716115
4.0	0.25
4.0	0.24748737341529164
0.0	0.24688535993934707
4.0	0.23619681290447064
3.0	0.232473907454275
4.0	0.23063280200722125
3.0	0.22856824986487725
0.0	0.22556394750121617
3.0	0.22030740690079748
4.0	0.21957751641341997
4.0	0.21693045781865616
3.0	0.21429865385363076
4.0	0.21380899352993954
4.0	0.21213203435596426
4.0	0.21081851067789195
2.0	0.20497289793748075
4.0	0.20412414523193148
4.0	0.2022599587389726
4.0	0.202072594216369
4.0	0.202072594216369
4.0	0.20044593143431827
4.0	0.1987866419864727
3.0	0.19840200109189193
4.0	0.1976423537605237
4.0	0.1976423537605237
4.0	0.19714008521345816
3.0	0.19597003678917074
4.0	0.19445436482630057
4.0	0.19445436482630057
2.0	0.19364916731037085
4.0	0.19015970731391624
4.0	0.18973665961010278
4.0	0.18650096164806274
4.0	0.18540496217739155
3.0	0.18515578277921424
3.0	0.18458759613029607
