True Label: 0.0
4.0	0.19050019050028574
4.0	0.16829781403596433
3.0	0.1624591083221647
4.0	0.14944064441601537
4.0	0.14944064441601537
4.0	0.14863183821027745
4.0	0.1440046082211958
4.0	0.13912166872805046
0.0	0.13799970147035645
1.0	0.13289716036399246
3.0	0.13258454456751126
2.0	0.13099062926556151
3.0	0.13068205256070964
4.0	0.12201777521731261
4.0	0.12184433124162353
3.0	0.12054318600381364
3.0	0.11973686801784993
4.0	0.11757927025044308
3.0	0.11665706565717285
3.0	0.11487593716012252
4.0	0.11487593716012252
4.0	0.11235088294097073
0.0	0.11148180418617429
2.0	0.10998533626601498
0.0	0.1097587956830291
4.0	0.10776318121606494
4.0	0.10369516947304254
3.0	0.09677419354838711
4.0	0.09677419354838711
4.0	0.09600307214746387
4.0	0.09572994763343544
3.0	0.0951572136139613
4.0	0.09459544766274562
4.0	0.09362573578414228
0.0	0.09332565252573825
1.0	0.09299610029029977
2.0	0.09268474973316582
3.0	0.09198440996365478
4.0	0.08980265101338744
4.0	0.0876384136749365
4.0	0.08740748201220976
4.0	0.08383463901622315
1.0	0.08336192600301442
0.0	0.08163877364853403
4.0	0.08122955416108235
4.0	0.08032193289024989
3.0	0.07838618016696206
0.0	0.07679797983220114
4.0	0.07658395810674835
4.0	0.07563492568354839
