True Label: 0.0
4.0	0.19611613513818404
4.0	0.1749263702793965
3.0	0.16984155512168936
2.0	0.14322297480788657
4.0	0.1310356045902398
4.0	0.1310356045902398
4.0	0.12725695259515557
4.0	0.11826247919781653
2.0	0.11644047432908021
1.0	0.11556254088025608
2.0	0.10564689482586212
4.0	0.10459527207369816
4.0	0.10347966929808947
4.0	0.10320313742306723
4.0	0.10251154601309122
4.0	0.10127393670836665
1.0	0.09435641951204965
4.0	0.09428518022706393
4.0	0.09307259888124252
0.0	0.09134658272046443
3.0	0.0899842541331695
3.0	0.08770580193070293
2.0	0.08492077756084469
1.0	0.08449079617742183
4.0	0.08362420100070908
4.0	0.08362420100070908
4.0	0.08158924398306319
4.0	0.08158924398306319
4.0	0.07953559537197223
4.0	0.07862136275414389
4.0	0.07862136275414389
3.0	0.07565344158360031
4.0	0.07391404949863534
3.0	0.07239349239274026
4.0	0.07161148740394328
3.0	0.07036263329115904
4.0	0.06933752452815364
4.0	0.06865437954763622
4.0	0.06837771207748478
3.0	0.0682999968219594
4.0	0.06748819059987712
2.0	0.06726727939963124
4.0	0.06679548887752808
0.0	0.06527139518645055
3.0	0.0644825880219161
2.0	0.0643782753280756
4.0	0.06313201766176522
4.0	0.06312255796067219
4.0	0.0627181507505318
3.0	0.06226693517333974
