True Label: 0.0
2.0	0.16857054433093707
0.0	0.15897177507980864
3.0	0.15836151649297914
3.0	0.14004980434166794
2.0	0.13749357299219495
2.0	0.12794157892978975
0.0	0.11253423018113388
0.0	0.10693090271739544
0.0	0.1047462974708691
4.0	0.10418495760799856
1.0	0.10233961877089325
4.0	0.10003557452976282
4.0	0.09947294626039875
3.0	0.09700387582319578
1.0	0.09468614656764729
3.0	0.09288872841082704
3.0	0.09288872841082704
2.0	0.09278127027019661
4.0	0.09259296837345582
4.0	0.09241413674761806
4.0	0.09138217985552347
3.0	0.08979717540891825
0.0	0.08772689266130253
3.0	0.08703882797784893
3.0	0.08683804610033365
4.0	0.08621023779458495
0.0	0.08421651940662135
2.0	0.0830682164674045
4.0	0.08291849892341731
0.0	0.08283799550742452
4.0	0.08252324335820055
1.0	0.08187169501671458
4.0	0.08041699921021506
4.0	0.07996002997502186
1.0	0.07965884222394119
3.0	0.07962376429147171
4.0	0.0771188933033472
1.0	0.07640188386764069
4.0	0.07640188386764069
0.0	0.07630297476335493
0.0	0.0756644449203734
3.0	0.07545582668381748
3.0	0.07545582668381748
3.0	0.07460470969529907
0.0	0.07445242864018439
2.0	0.0743142815062873
4.0	0.07356123579206246
0.0	0.07356123579206246
3.0	0.07298765015240517
3.0	0.07223569954963308
