True Label: 0.0
4.0	0.2839863635791121
4.0	0.2051524849655546
3.0	0.19195274045288743
4.0	0.1846372364689991
4.0	0.18148850216015694
4.0	0.17166091228262798
4.0	0.16724840200141813
4.0	0.16340112022311842
4.0	0.16311817434811107
4.0	0.15974461276617435
3.0	0.15891043154093204
2.0	0.1556997888323046
0.0	0.1484539238050411
4.0	0.148039131365948
4.0	0.14777011582226218
4.0	0.1460062651305222
3.0	0.14069371488316254
4.0	0.13957263155977065
4.0	0.13886593015017695
3.0	0.13834289277321493
4.0	0.1365577483997838
4.0	0.1348399724926484
4.0	0.13295400586957762
4.0	0.13121597027036952
0.0	0.13033279154477567
4.0	0.12666009927622474
4.0	0.1266600992762247
4.0	0.1266600992762247
0.0	0.1260187781970313
4.0	0.1256678733107077
4.0	0.12434118282549846
4.0	0.12360330811826102
4.0	0.12309149097933277
4.0	0.12309149097933275
3.0	0.12087344460380706
4.0	0.12070113739631691
4.0	0.11980845957463077
4.0	0.11980845957463077
4.0	0.11980845957463075
4.0	0.1194880298498108
0.0	0.11891767800211264
0.0	0.11891767800211264
4.0	0.11809437324333256
4.0	0.11677484162422845
0.0	0.11677484162422845
4.0	0.11236664374387367
4.0	0.11134044285378082
4.0	0.11053942207134547
4.0	0.11009637651263607
4.0	0.11009637651263607
