True Label: 0.0
4.0	0.3376908167529853
4.0	0.2024102261881841
3.0	0.18847835762580825
4.0	0.17541160386140586
4.0	0.17541160386140586
4.0	0.16884540837649264
4.0	0.16060401860990525
4.0	0.16060401860990525
4.0	0.15221564138699575
4.0	0.15191090506254998
4.0	0.14917354742965408
4.0	0.14153462926807447
4.0	0.13259870882635919
4.0	0.1297186304156927
4.0	0.1283881477532739
4.0	0.12555049023795636
4.0	0.1254363015010636
4.0	0.12532010295690074
0.0	0.12428864423997611
4.0	0.12267912301642962
4.0	0.12209937297436849
4.0	0.12134066792426888
4.0	0.11206636293610517
4.0	0.11206636293610517
4.0	0.11118739749916517
4.0	0.11118739749916517
4.0	0.11002916385742015
4.0	0.10895340841010223
1.0	0.1085303927655574
4.0	0.10718493170059236
4.0	0.10699012312772824
4.0	0.106812391240178
3.0	0.10680849203759557
4.0	0.10567049305145204
4.0	0.10482848367219184
3.0	0.1043234109112655
3.0	0.10400628679223048
4.0	0.10400628679223047
4.0	0.10400628679223047
4.0	0.10241831129983783
4.0	0.10127393670836665
4.0	0.10120511309409205
4.0	0.10113917425784186
4.0	0.09944903161976938
4.0	0.09745831841044725
3.0	0.09677806691761952
4.0	0.09513029883089882
4.0	0.09513029883089882
4.0	0.09435641951204965
4.0	0.09342836717341035
