True Label: 0.0
3.0	0.3878495435599877
4.0	0.36533256557263477
4.0	0.32688819287284515
2.0	0.3023213352690238
4.0	0.29246552879969556
2.0	0.2922677529299808
4.0	0.2869984013336701
4.0	0.2790404591875126
4.0	0.2722705899124511
4.0	0.258696862996185
3.0	0.24685362689380552
4.0	0.24112688732124962
3.0	0.23180650062984373
3.0	0.23061982294118427
3.0	0.22808320139543126
4.0	0.2257808901742424
3.0	0.21618165256098498
0.0	0.21137012653545936
3.0	0.20504156174308186
4.0	0.20329053427801633
4.0	0.20247166786712142
3.0	0.19685654065407013
3.0	0.19685654065407013
4.0	0.1965817620691121
4.0	0.19649437297296485
4.0	0.19558098932937862
4.0	0.19209089488810213
3.0	0.19110771518901978
1.0	0.19088185114377762
3.0	0.1898315991504998
4.0	0.1888814011555915
4.0	0.1888814011555915
3.0	0.18835275315439248
4.0	0.18537367392469087
3.0	0.18514539629713211
4.0	0.1844221777051696
2.0	0.18307282298489452
0.0	0.18137945154249985
4.0	0.1790978282281281
4.0	0.17855212250849614
4.0	0.17824294111201244
4.0	0.17667233911964433
3.0	0.17619357090009657
4.0	0.17599383788596398
4.0	0.17574991006549873
4.0	0.17420323953510644
4.0	0.17309586338604857
3.0	0.17124045168998595
3.0	0.17024276904224694
2.0	0.17016911869528195
