True Label: 0.0
4.0	0.25
4.0	0.18042195912175807
4.0	0.15811388300841897
4.0	0.15625
4.0	0.1386750490563073
4.0	0.1336306209562122
4.0	0.1336306209562122
4.0	0.1332504477222565
4.0	0.125
4.0	0.11470786693528087
4.0	0.11180339887498948
3.0	0.11112511112516668
4.0	0.10660035817780521
4.0	0.10206207261596577
4.0	0.1
4.0	0.1
4.0	0.1
4.0	0.09853292781642932
4.0	0.0944911182523068
4.0	0.09369146112448268
4.0	0.09095085938862486
4.0	0.09095085938862486
2.0	0.08451542547285165
2.0	0.08385254915624211
0.0	0.08351913809763262
4.0	0.08278327231656524
4.0	0.0799502686333539
4.0	0.07905694150420949
4.0	0.07819290527140305
4.0	0.07537783614444091
4.0	0.07453559924999299
4.0	0.07354355067681902
4.0	0.07216878364870323
4.0	0.07216878364870323
4.0	0.07216878364870323
3.0	0.07192455694609382
4.0	0.07076731463403724
4.0	0.07001400420140048
4.0	0.06933752452815364
4.0	0.06868028197434452
2.0	0.06846531968814576
4.0	0.06846531968814576
3.0	0.0668153104781061
4.0	0.0668153104781061
4.0	0.06454972243679027
4.0	0.06454972243679027
2.0	0.06431196942844081
4.0	0.06431196942844081
4.0	0.0625
3.0	0.0625
