True Label: 0.0
0.0	0.2704894766197482
4.0	0.22135943621178658
2.0	0.21723015465668183
1.0	0.19603921176392136
0.0	0.185598279387163
0.0	0.16329931618554522
4.0	0.14288690166235207
0.0	0.1414213562373095
0.0	0.13301243435223525
4.0	0.1296762136939923
1.0	0.1286535041805354
3.0	0.12026755886059097
0.0	0.11795356492391772
1.0	0.1139116820772695
4.0	0.11067971810589329
1.0	0.10000000000000002
0.0	0.09834089870607296
4.0	0.09759000729485334
4.0	0.09733285267845752
4.0	0.09561828874675149
4.0	0.09138115486202575
4.0	0.09041944301794652
4.0	0.09005659094957857
1.0	0.08973987180928047
1.0	0.08825226081218282
0.0	0.08790490729915326
0.0	0.08741572761215378
1.0	0.08677218312746246
4.0	0.08660254037844388
4.0	0.08571428571428572
0.0	0.08491918278948404
4.0	0.08485483171719467
0.0	0.08029550685469661
3.0	0.08017837257372731
4.0	0.07878385971583353
0.0	0.07808688094430304
0.0	0.07682212795973759
3.0	0.07637626158259735
4.0	0.07537783614444091
3.0	0.0741260598908827
4.0	0.07298004491997617
1.0	0.07284927963857743
4.0	0.07216878364870323
4.0	0.07216878364870323
3.0	0.0712068994916312
4.0	0.07071067811865475
4.0	0.06859943405700353
1.0	0.0670820393249937
4.0	0.06637384880265758
3.0	0.06621221919717306
