True Label: 0.0
4.0	0.3533247964961152
4.0	0.30588764516074907
3.0	0.30435933327360964
4.0	0.30313055963072955
0.0	0.2982456140350877
4.0	0.28383119059840856
4.0	0.28097574347450816
3.0	0.27469521447677636
2.0	0.26082391635267144
4.0	0.2595686547424837
4.0	0.24975621642178508
4.0	0.24588552933762003
3.0	0.23873272086018085
4.0	0.23662426214015053
4.0	0.23057148795535826
4.0	0.2294157338705618
4.0	0.22825412775410864
4.0	0.226168026755238
4.0	0.20751433915982243
4.0	0.2039250967738327
3.0	0.19591793788175293
4.0	0.19274776986097064
4.0	0.1903144272279226
4.0	0.18162078931419476
4.0	0.17843445967710359
4.0	0.17770466332772772
4.0	0.17660431427533918
1.0	0.17217163878014866
4.0	0.1694347484174715
4.0	0.16390251702679642
4.0	0.16222142113076257
4.0	0.16055756769971896
4.0	0.1598736645815666
4.0	0.15974461276617435
4.0	0.15900879764848913
4.0	0.15900879764848913
4.0	0.15609763526361567
4.0	0.15294382258037453
4.0	0.15263009133189545
4.0	0.15018785229652765
3.0	0.14605413564499212
3.0	0.14287992527381863
4.0	0.14164683568523323
4.0	0.14119562368122626
4.0	0.14048787173725408
3.0	0.13809204416652687
4.0	0.13679711361135388
4.0	0.13679711361135388
4.0	0.1332362173188526
4.0	0.1284985132406471
