True Label: 0.0
4.0	0.44437735565833947
3.0	0.39514968747615475
4.0	0.291898957049147
1.0	0.2760905863826474
2.0	0.27031126055398896
0.0	0.2670059184415176
4.0	0.2609711282191209
1.0	0.2601764659124166
0.0	0.25575913148520263
2.0	0.254002691143304
1.0	0.2538446715746821
2.0	0.24922232018436336
4.0	0.24166760030762302
4.0	0.23991264287428868
4.0	0.23101488187488786
0.0	0.22995748566213595
4.0	0.21900792397170976
4.0	0.21125434968082288
2.0	0.19956130919675047
3.0	0.1951484090491238
4.0	0.18476002125620591
0.0	0.18067231953631446
4.0	0.17796674418232283
2.0	0.1757510587812691
4.0	0.17084570703744964
4.0	0.17038557771543125
4.0	0.16910710796461298
3.0	0.1654981221526728
4.0	0.16330631711002408
2.0	0.16125453119831937
3.0	0.1609524301404007
4.0	0.15559050516174885
4.0	0.15409859651524083
4.0	0.15398903656636775
4.0	0.1449832794459015
3.0	0.14396315014973893
4.0	0.14396315014973893
2.0	0.14329327396785577
4.0	0.14223021588416068
4.0	0.14121093925479417
4.0	0.1409964925382872
4.0	0.14025009146724288
0.0	0.13933489740337696
1.0	0.13751050467589834
4.0	0.136227599223563
3.0	0.13611325053944176
1.0	0.13571409387798888
3.0	0.13508683101831562
3.0	0.13506050576245737
0.0	0.13498987693623607
