True Label: 0.0
4.0	0.30261376633440124
4.0	0.2927700218845599
4.0	0.2875430708824757
4.0	0.28347335475692037
4.0	0.2573957808351147
4.0	0.22440969727312549
3.0	0.21524880100025254
3.0	0.1889822365046136
4.0	0.17857142857142852
4.0	0.1781741612749496
4.0	0.17560468218497577
4.0	0.17370208344491278
3.0	0.17342199390482396
3.0	0.1709408646894569
4.0	0.1709408646894569
2.0	0.1690308509457033
3.0	0.1649572197684645
0.0	0.15593623511709007
3.0	0.15430334996209188
3.0	0.14638501094227996
3.0	0.14237902921591794
4.0	0.14173667737846019
3.0	0.1393195531438382
4.0	0.1393195531438382
0.0	0.13852712896188304
4.0	0.13791932109184263
3.0	0.13576884666042613
4.0	0.1336306209562122
3.0	0.13363062095621217
4.0	0.13231403100624076
4.0	0.1259881576697424
2.0	0.12282592111012935
4.0	0.12000384018432983
4.0	0.11952286093343936
4.0	0.11572751247156893
4.0	0.11454053224818186
4.0	0.11454053224818186
4.0	0.11135885079684349
2.0	0.1091089451179962
4.0	0.10802704353037709
1.0	0.10703564115707007
4.0	0.10482848367219183
1.0	0.1018266349953196
3.0	0.1018266349953196
4.0	0.10143527811495617
4.0	0.10101525445522107
4.0	0.10012523486435176
4.0	0.09869275424396534
4.0	0.0975900072948533
3.0	0.09583148474999097
