True Label: 0.0
3.0	0.22663336788336166
3.0	0.18674731431231162
2.0	0.17733172553297716
3.0	0.17453577995425923
4.0	0.15399543776024208
4.0	0.1527299608485892
0.0	0.13736056394868904
2.0	0.13325932093055393
2.0	0.13207547169811323
0.0	0.12871269604204325
3.0	0.12151626148280731
1.0	0.11492409307804576
4.0	0.11446713662390752
3.0	0.11177488850888143
3.0	0.10997646755364593
2.0	0.10904604189315287
3.0	0.10775449168807308
4.0	0.10683599418231371
4.0	0.10466885439780779
3.0	0.10428271407262411
4.0	0.10353942082032278
4.0	0.10202886549856947
0.0	0.10068758264448044
4.0	0.09994449069791544
2.0	0.09850636549546779
2.0	0.09720361798599342
4.0	0.09712858623572643
2.0	0.09564561997176209
4.0	0.09177788727679406
4.0	0.09177788727679406
1.0	0.09096925576737039
3.0	0.09089479590296291
2.0	0.09046368392156634
4.0	0.08992359739952711
2.0	0.0891313035643173
0.0	0.08885116257731072
4.0	0.08866586276648858
4.0	0.08777472595071585
4.0	0.08738426525814094
4.0	0.08592497251893073
3.0	0.08378915848902159
4.0	0.08368991747529184
0.0	0.0832870755815962
3.0	0.08306366291765377
1.0	0.08283153665625823
4.0	0.08172363350017237
4.0	0.08094048852977202
4.0	0.07979927648983973
3.0	0.07930515857181443
4.0	0.07930515857181442
