True Label: 0.0
0.0	0.2686076546751268
3.0	0.2389760596996216
3.0	0.20994555243259122
4.0	0.18582615562066465
2.0	0.147617557015613
1.0	0.13312051063847863
0.0	0.13273296830047474
0.0	0.13264730648561457
4.0	0.13139893476119863
2.0	0.12666009927622474
4.0	0.12562972690740154
4.0	0.12070113739631691
3.0	0.11891767800211263
1.0	0.1131389321711663
0.0	0.10965861582662816
0.0	0.1087454495654074
1.0	0.10830607221477648
1.0	0.10264696034190664
4.0	0.1025762424827773
1.0	0.09869275424396536
4.0	0.09792633226865935
4.0	0.09758044667692248
4.0	0.09758044667692248
4.0	0.09670980886427658
4.0	0.09670980886427658
4.0	0.09656090991705353
3.0	0.09637802924169284
4.0	0.09574271077563382
4.0	0.0930484210398471
0.0	0.09299354140013363
0.0	0.09299354140013363
4.0	0.09082487681884437
4.0	0.08887142532082949
3.0	0.08447074377505626
3.0	0.08375315127160102
2.0	0.08263686767584087
3.0	0.08206099398622184
4.0	0.08128103472893666
4.0	0.08106627851024462
3.0	0.08068909869778992
4.0	0.07963978098028485
3.0	0.07953708618453029
4.0	0.0778498944161523
0.0	0.07676103107863971
0.0	0.07676103107863971
0.0	0.07597371763975865
4.0	0.07597371763975865
4.0	0.07597371763975865
1.0	0.07557086549031786
4.0	0.07539291623584805
