True Label: 0.0
2.0	0.27854300726557774
4.0	0.21320071635561041
4.0	0.21320071635561041
4.0	0.19611613513818402
4.0	0.1928791874526149
4.0	0.16222142113076252
4.0	0.10660035817780521
4.0	0.08574929257125441
4.0	0.08574929257125441
4.0	0.08574929257125441
4.0	0.08249579113843053
0.0	0.07761505257063328
4.0	0.06681531047810609
4.0	0.06681531047810609
4.0	0.06681531047810609
4.0	0.05590169943749474
0.0	0.04811252243246881
3.0	0.0472455591261534
3.0	0.0472455591261534
4.0	0.0472455591261534
3.0	0.04564354645876383
4.0	0.044194173824159216
4.0	0.042874646285627205
4.0	0.042874646285627205
2.0	0.03857583749052298
3.0	0.03768891807222045
3.0	0.035355339059327376
4.0	0.03466876226407682
2.0	0.03466876226407682
0.0	0.03450327796711771
3.0	0.034020690871988585
1.0	0.027277236279499045
4.0	0.026958193300859603
4.0	0.026958193300859603
4.0	0.026287486396229305
3.0	0.02551551815399144
4.0	0.024056261216234404
4.0	0.024056261216234404
3.0	0.02372894989381247
0.0	0.022271770159368695
4.0	0.021128856368212913
4.0	0.0206901472150592
0.0	0.02054987341316966
0.0	0.020412414523193145
4.0	0.019672236884115842
4.0	0.01940376314265832
4.0	0.01928791874526149
4.0	0.018952451089472584
0.0	0.017251638983558856
3.0	0.01708964817561658
