True Label: 0.0
4.0	0.2830692585361489
4.0	0.25
4.0	0.21320071635561041
4.0	0.21119546450876941
3.0	0.18257418583505533
0.0	0.172773685116272
2.0	0.15811388300841894
3.0	0.1543033499620919
4.0	0.13363062095621217
2.0	0.13363062095621217
0.0	0.1178511301977579
4.0	0.11180339887498948
4.0	0.11180339887498948
3.0	0.10660035817780521
4.0	0.10400628679223047
4.0	0.09999999999999999
4.0	0.0944911182523068
4.0	0.0944911182523068
3.0	0.0944911182523068
4.0	0.0944911182523068
4.0	0.09128709291752767
4.0	0.09128709291752767
1.0	0.09050827350477708
4.0	0.08838834764831843
4.0	0.08838834764831843
4.0	0.08838834764831843
4.0	0.08838834764831843
4.0	0.08838834764831843
4.0	0.08333333333333333
4.0	0.08333333333333333
3.0	0.08111071056538126
4.0	0.08111071056538126
3.0	0.0753778361444409
4.0	0.0753778361444409
3.0	0.0753778361444409
2.0	0.07443641677192671
4.0	0.07372097807744857
4.0	0.07071067811865475
4.0	0.07071067811865475
3.0	0.07071067811865475
4.0	0.07071067811865475
2.0	0.06860266249355645
4.0	0.06835859270246632
4.0	0.06681531047810609
4.0	0.06624986750039749
4.0	0.06624986750039749
4.0	0.06565321642986127
4.0	0.06454972243679027
3.0	0.062499999999999986
4.0	0.05892556509887895
