True Label: 0.0
4.0	0.22122584666529066
1.0	0.19611882046506096
4.0	0.15855492677450694
4.0	0.14669262227303714
4.0	0.1435793454374879
2.0	0.1374142698712394
2.0	0.1374142698712394
1.0	0.1321291056454225
4.0	0.12879050949082996
1.0	0.12611644046685674
1.0	0.12420391496910071
3.0	0.11569656914321438
4.0	0.11204525749702736
0.0	0.11005414581255944
4.0	0.10807601349134573
0.0	0.1063618783305897
4.0	0.10453513592973893
1.0	0.10280401283323132
4.0	0.10277589392277621
4.0	0.09715664861977678
4.0	0.09561221832242092
2.0	0.09431035367836321
4.0	0.09284025876335442
0.0	0.09079443772793983
4.0	0.09056510340826154
4.0	0.08961891042296376
3.0	0.08845132596038054
3.0	0.08827371981276495
0.0	0.08695729147438876
3.0	0.08660143577533827
4.0	0.08551816785939363
4.0	0.08487498806445563
0.0	0.08441111483042382
1.0	0.08435374472274698
0.0	0.0821612168200315
4.0	0.08008233136627882
4.0	0.07881248891699451
0.0	0.07851442865874605
0.0	0.07730131351260332
4.0	0.07704493478243377
0.0	0.07700408132446816
4.0	0.0770029325841916
4.0	0.0770029325841916
2.0	0.07586659653719993
4.0	0.07524683825698764
1.0	0.07366178059726962
3.0	0.0728509613514633
0.0	0.0727499897695334
4.0	0.07267598517358578
3.0	0.07119912306469121
