True Label: 0.0
3.0	0.4365435823213433
4.0	0.4308202184276646
4.0	0.40219983326992187
4.0	0.37839373433213475
4.0	0.37176119782245726
2.0	0.3667434323290369
4.0	0.36533256557263477
4.0	0.3621034121889507
2.0	0.3545475173733748
4.0	0.30463589792247125
4.0	0.3015113445777636
4.0	0.29565619799454135
4.0	0.27320034727662057
3.0	0.2722327532402354
4.0	0.25594534844449573
3.0	0.2550993043152475
3.0	0.24361916271649847
4.0	0.24105912994995937
4.0	0.23873587634214039
4.0	0.23345363155480015
4.0	0.23345363155480015
3.0	0.23233009432114626
3.0	0.23009488140073658
3.0	0.22613350843332272
3.0	0.22550804367174448
4.0	0.22473328748774737
4.0	0.2216013151069796
4.0	0.2193817272381392
4.0	0.2175970699446223
4.0	0.2167077559934255
4.0	0.2154101092138323
4.0	0.21357053574258256
3.0	0.21330154431885176
3.0	0.21330154431885176
3.0	0.21320071635561047
0.0	0.21320071635561044
2.0	0.21320071635561044
4.0	0.20891791262329812
3.0	0.20751433915982237
4.0	0.2072890493972125
2.0	0.20695933859617893
4.0	0.20403741306518114
4.0	0.2038588765750502
4.0	0.20225995873897262
4.0	0.20225995873897262
4.0	0.20225995873897262
3.0	0.2000236728414157
4.0	0.19861533663856867
4.0	0.1979097737100941
3.0	0.1973855084879307
