True Label: 0.0
3.0	0.39948454658195887
3.0	0.39463749339955173
4.0	0.3734080224074693
4.0	0.3615507630310937
3.0	0.33275613232308116
4.0	0.3103859928837012
4.0	0.29411764705882354
4.0	0.2794815423200416
4.0	0.269069117598525
4.0	0.25594534844449573
3.0	0.24153958130008232
3.0	0.21102123475450807
4.0	0.20683507599800766
4.0	0.20683507599800763
3.0	0.20683507599800763
4.0	0.20170039547706323
4.0	0.20170039547706323
2.0	0.2000816826662603
4.0	0.19936305570722498
4.0	0.19446111706564934
4.0	0.19418390934515437
3.0	0.1918190695436183
3.0	0.19118466767133857
3.0	0.1896456515340651
4.0	0.18757443089289605
4.0	0.18670401120373464
3.0	0.18190171877724973
4.0	0.18143945190853153
3.0	0.1790396776930623
3.0	0.1790396776930623
2.0	0.17712297710801905
3.0	0.17705013195704256
4.0	0.17688728441930623
4.0	0.17458096301883191
0.0	0.17324518845240203
4.0	0.17323973216880925
0.0	0.17149858514250885
4.0	0.17149858514250885
3.0	0.17079427586224763
3.0	0.1689680678766632
4.0	0.16888013236829963
3.0	0.16830035427467946
4.0	0.16710671143694475
2.0	0.16692446522239715
4.0	0.16692446522239712
4.0	0.16647802295407294
4.0	0.1657747350333591
4.0	0.16398401233815754
4.0	0.16269784336399212
4.0	0.16269784336399212
