True Label: 0.0
4.0	0.26666666666666666
4.0	0.25819888974716115
4.0	0.22495684449512252
4.0	0.20519567041703082
1.0	0.20068396601391197
4.0	0.18186515719212626
0.0	0.1799895876803992
2.0	0.16943139854749587
4.0	0.1554174680400523
2.0	0.15338050190388622
0.0	0.14495376266507293
0.0	0.13981933469148705
3.0	0.13664859862498716
0.0	0.13278447282444406
1.0	0.1284457725980754
0.0	0.1280617269892007
4.0	0.12662029602726688
2.0	0.126483622390138
3.0	0.12380952380952381
4.0	0.1224744871391589
4.0	0.11934685898118848
4.0	0.09938079899999065
4.0	0.09038769075777342
3.0	0.08947924869885987
0.0	0.0876591176233922
0.0	0.08697707640712563
3.0	0.08627652804480128
0.0	0.08451542547285165
4.0	0.08427498280790525
4.0	0.08333333333333333
3.0	0.08074832969069798
4.0	0.07945521577046602
4.0	0.07789711910621948
4.0	0.07678034674652741
4.0	0.07453559924999299
3.0	0.07172191381865588
2.0	0.07172191381865586
4.0	0.07042952122737638
4.0	0.06984302957695783
3.0	0.06910736907189412
3.0	0.06910736907189412
4.0	0.06839855680567694
0.0	0.06776309271789384
1.0	0.06702455769638915
0.0	0.0651558364144604
4.0	0.06506000486323556
2.0	0.06483983501061831
4.0	0.0642228862990377
0.0	0.06415002990995843
4.0	0.06356417261637282
