True Label: 0.0
3.0	0.40234174160047603
4.0	0.4013818954666516
2.0	0.3931548749879939
4.0	0.2944574711433533
4.0	0.2897078456620571
0.0	0.27431319536154886
4.0	0.2623235647605482
0.0	0.2620143437891427
3.0	0.26190454984411327
3.0	0.2567692498906931
4.0	0.24490818392654762
4.0	0.23864105543019326
4.0	0.23462932916186166
3.0	0.23083389691804124
0.0	0.22556394750121617
3.0	0.2203192052107212
4.0	0.2108653748577924
4.0	0.20778896891798967
3.0	0.2059372557475953
3.0	0.20278020363623003
3.0	0.20117087080023802
3.0	0.20103119455932406
4.0	0.2006909477333258
4.0	0.19957673044160612
0.0	0.19929637052160276
4.0	0.19888710241018942
4.0	0.19888710241018942
4.0	0.19712122120917247
3.0	0.1940718879037645
4.0	0.1917415129984471
4.0	0.19007148031742638
4.0	0.18716945523936723
4.0	0.18664648843005333
0.0	0.18623125657326028
2.0	0.18546644325325382
4.0	0.18483896696585914
4.0	0.18459234594012003
4.0	0.18432469745316557
4.0	0.18432469745316557
4.0	0.18261477140537669
4.0	0.1816238589699852
4.0	0.18137945154249985
3.0	0.18132314743611438
3.0	0.18058060976060386
4.0	0.18056790630155511
4.0	0.17682820357054665
4.0	0.1768092224920247
4.0	0.1751460627296138
4.0	0.1735706105421921
4.0	0.17344355039886686
