True Label: 0.0
0.0	0.49999999999999967
0.0	0.49999999999999967
4.0	0.2932778627205005
0.0	0.27431319536154886
4.0	0.24743582965269678
4.0	0.23904572186687872
3.0	0.2278133122920327
4.0	0.21207548843083443
3.0	0.20583232685540795
4.0	0.2028705562299123
4.0	0.20059435495071948
4.0	0.18519463316790533
4.0	0.17605367919808912
0.0	0.17078251276599332
4.0	0.16763962686813375
4.0	0.16448792373994223
2.0	0.1636634176769943
4.0	0.16198789882296566
4.0	0.16198789882296566
3.0	0.1593537736986868
4.0	0.15929827321607742
0.0	0.1574339573926097
4.0	0.15430334996209188
4.0	0.148039131365948
4.0	0.1469861839480328
4.0	0.14663893136025025
4.0	0.14465939058946115
4.0	0.14465939058946115
0.0	0.1430554179599981
0.0	0.14093238744407843
3.0	0.13693063937629155
4.0	0.13638618139749525
4.0	0.13638618139749523
3.0	0.13613719946057784
3.0	0.13344798279492454
3.0	0.13284685688840925
4.0	0.1315903389919538
4.0	0.13122266479195596
0.0	0.12956687232762049
4.0	0.1285506559317558
2.0	0.12841737670020995
3.0	0.12744971239613592
0.0	0.12552850403129348
0.0	0.12469593727770993
4.0	0.12389865694583799
0.0	0.12364494642434977
4.0	0.12336594280495668
4.0	0.12249473587652786
4.0	0.12249473587652786
4.0	0.12162819314183196
