True Label: 0.0
3.0	0.2902086032895529
4.0	0.25422917344581175
4.0	0.21849659683802292
4.0	0.2092213241341412
4.0	0.20517363361619226
4.0	0.20306923302672386
4.0	0.19904766188031506
4.0	0.19188238911333408
4.0	0.19150279944562054
3.0	0.19054287961914104
4.0	0.18747070998966742
4.0	0.17442747325089586
4.0	0.15892681321527496
4.0	0.1538481768466582
4.0	0.15306919373065678
4.0	0.1508360396010081
3.0	0.15048410435943424
3.0	0.150422264570123
4.0	0.14775457007335566
4.0	0.14775457007335566
4.0	0.14359163172354766
3.0	0.14268156283773512
4.0	0.14214846311870669
4.0	0.13970439892632355
4.0	0.13961965927729064
2.0	0.13946852184589265
4.0	0.13776227435759109
4.0	0.13399094440241124
4.0	0.13329311377017167
1.0	0.1325618103075505
1.0	0.1325618103075505
3.0	0.13187450641332235
0.0	0.13121569135420472
4.0	0.13038556864433193
4.0	0.12934009299003463
4.0	0.128945160486441
0.0	0.1288139315608486
4.0	0.12859111239107976
0.0	0.12843225981358714
4.0	0.12843225981358714
4.0	0.12765308825538593
4.0	0.12312880839446305
4.0	0.12280302120667319
4.0	0.12280302120667319
4.0	0.12245535498452542
4.0	0.12040524357523795
4.0	0.12040524357523795
4.0	0.11965969310295638
4.0	0.11822346362531645
0.0	0.11784206298249561
