True Label: 0.0
3.0	0.2168740603369068
3.0	0.21259760138109354
4.0	0.18856180831641267
4.0	0.18257418583505536
4.0	0.17541160386140586
3.0	0.16269784336399212
4.0	0.1619552660357832
4.0	0.15569978883230456
4.0	0.1533929977694741
4.0	0.1533929977694741
4.0	0.14076306861555737
4.0	0.12350804543889277
3.0	0.1222835681031486
4.0	0.11952286093343936
2.0	0.11547005383792515
4.0	0.11504474832710557
4.0	0.11504474832710557
3.0	0.11451966686277365
2.0	0.1118033988749895
4.0	0.10882143751650175
4.0	0.10882143751650175
4.0	0.10882143751650174
4.0	0.10699812209025503
4.0	0.10690449676496976
4.0	0.10540925533894598
4.0	0.10540925533894598
4.0	0.10397504898200727
4.0	0.10138632953834992
4.0	0.10127393670836667
4.0	0.10112997936948633
4.0	0.10056022847309866
4.0	0.10020470850492694
4.0	0.10020470850492694
4.0	0.09759000729485333
4.0	0.095831484749991
4.0	0.09534625892455924
3.0	0.09306101131404582
4.0	0.09258200997725516
3.0	0.0923869770874312
3.0	0.09157015435010396
4.0	0.0912870929175277
4.0	0.0912870929175277
4.0	0.09128709291752768
4.0	0.0910502907211971
4.0	0.09035079029052512
4.0	0.08964214570007953
4.0	0.08964214570007953
4.0	0.08808303292720551
3.0	0.08777472595071585
4.0	0.08770580193070293
