True Label: 0.0
0.0	0.2951216261027788
3.0	0.27824333745610097
2.0	0.2621520601955984
4.0	0.24368866248324705
3.0	0.20205596478012178
2.0	0.1796053020267749
3.0	0.1778001778002667
4.0	0.16971105832553268
4.0	0.1602470503557179
4.0	0.1602470503557179
1.0	0.15179418517972906
3.0	0.13699754905014835
4.0	0.1353825902684706
3.0	0.13470397652008118
4.0	0.13111122301831463
4.0	0.12831622564368417
0.0	0.1252721535988985
1.0	0.12443420336765101
4.0	0.12048289933537483
3.0	0.11487593716012254
3.0	0.11487593716012254
4.0	0.11487593716012254
4.0	0.11225331376673431
4.0	0.10989031651932166
3.0	0.10830607221477648
4.0	0.10780719313589704
4.0	0.1033442541875612
4.0	0.1018266349953196
2.0	0.1016001016001524
4.0	0.10005560189476051
4.0	0.09817372485431253
4.0	0.09817372485431253
3.0	0.09798272520870258
4.0	0.09798272520870258
3.0	0.09798272520870258
4.0	0.09776474334756886
4.0	0.09600307214746387
4.0	0.09379580992210837
4.0	0.09274777915203365
4.0	0.09118077732527566
1.0	0.08776911980822988
4.0	0.08712136837380642
2.0	0.08634739951100348
4.0	0.08519427513705972
4.0	0.08519427513705972
0.0	0.083141099321054
4.0	0.08216865534971651
3.0	0.08064516129032259
1.0	0.08048635871819794
4.0	0.08032193289024989
