True Label: 0.0
4.0	0.3035883703594581
4.0	0.2869720215917757
4.0	0.28196295074009653
4.0	0.2777460299317654
4.0	0.2420824159328721
4.0	0.23664319132398465
4.0	0.22677868380553634
4.0	0.21957751641342
4.0	0.21821789023599236
4.0	0.21642182767490248
4.0	0.20580546572992364
4.0	0.2032892781536815
4.0	0.20291986247835692
3.0	0.19518001458970666
3.0	0.19325116438231346
4.0	0.1889822365046136
4.0	0.18630819574472
4.0	0.18448201388042723
4.0	0.18257418583505536
4.0	0.18054244221413385
4.0	0.18018749253911176
4.0	0.179109465135858
4.0	0.17457431218879388
4.0	0.1744556751977294
3.0	0.17161307130076464
3.0	0.16932405298903908
4.0	0.1647402063940988
0.0	0.16408253082847335
4.0	0.16398401233815754
4.0	0.16265001215808883
4.0	0.15936381457791915
3.0	0.15598859976830645
4.0	0.15430334996209188
4.0	0.1540897389727529
2.0	0.1520680814160912
4.0	0.15053686858534288
4.0	0.149788047741718
4.0	0.14977418421021582
4.0	0.14907119849998593
4.0	0.14907119849998593
0.0	0.14846149779161807
0.0	0.14846149779161807
4.0	0.14754222271266348
1.0	0.14712247158412492
1.0	0.14712247158412492
4.0	0.1465881824639873
4.0	0.14638501094227999
4.0	0.14502983777883036
4.0	0.14414999403128942
4.0	0.14348601079588785
