True Label: 0.0
3.0	0.20412414523193156
3.0	0.19374606457303215
0.0	0.19051586888313604
1.0	0.17895849739771977
3.0	0.12909944487358055
3.0	0.11954307279811983
3.0	0.11551721334727869
4.0	0.11393098783744388
4.0	0.10660035817780522
4.0	0.10286889997472795
4.0	0.10114434748483474
3.0	0.09829463743659811
3.0	0.08688100585711449
4.0	0.08574929257125442
4.0	0.08211077318035777
4.0	0.08050764858994135
0.0	0.07856742013183862
1.0	0.07332355751067665
1.0	0.0727392967453308
3.0	0.07254762501100118
4.0	0.0723535951770383
0.0	0.07198903546511334
4.0	0.07106690545187015
4.0	0.07106690545187015
1.0	0.06804138174397718
4.0	0.06804138174397718
2.0	0.06537204504606135
4.0	0.06537204504606135
4.0	0.06356417261637283
3.0	0.06299407883487121
4.0	0.06299407883487121
4.0	0.06085806194501846
4.0	0.0604812282168686
2.0	0.059549133417541374
4.0	0.05939138709164986
4.0	0.05892556509887897
3.0	0.05892556509887897
2.0	0.058633128727524325
4.0	0.055929671267835365
0.0	0.055555555555555566
3.0	0.05521576303742328
2.0	0.05447670420505113
2.0	0.05407380704358751
4.0	0.05407380704358751
4.0	0.05407380704358751
4.0	0.052704627669472995
4.0	0.052704627669472995
4.0	0.052704627669472995
4.0	0.052704627669472995
3.0	0.051434449987363975
