True Label: 0.0
4.0	0.4007149824041149
3.0	0.3340858741130483
1.0	0.3324963368250692
4.0	0.30985416079197
4.0	0.28672679871290274
3.0	0.2555547983572747
4.0	0.23643058120557703
4.0	0.22558778976232488
4.0	0.2044003353682328
4.0	0.1993966803750211
4.0	0.19591793788175293
4.0	0.18873664545023325
4.0	0.18349396085439343
4.0	0.18349396085439343
2.0	0.18168918699398467
3.0	0.17759847588871033
4.0	0.1761750527727107
4.0	0.1686216737516289
4.0	0.1677318434044831
4.0	0.16480441082434805
4.0	0.16262312563634834
4.0	0.16180796699117808
3.0	0.1561624935338969
4.0	0.15138251770487457
4.0	0.14301938838683886
2.0	0.14213381090374028
4.0	0.14083575804390605
4.0	0.14083575804390605
4.0	0.14070529413628968
1.0	0.13841725068923869
4.0	0.13823149552277314
0.0	0.13404911539277828
4.0	0.12922164030545474
4.0	0.1284457725980754
3.0	0.1251957714590336
3.0	0.12185435916898849
4.0	0.12060453783110543
4.0	0.11857193893783
4.0	0.11783950951733746
4.0	0.11769797726729993
0.0	0.11769797726729993
4.0	0.11370704872299223
4.0	0.11328823680740416
4.0	0.11236664374387369
4.0	0.11236664374387369
2.0	0.11228180670366006
2.0	0.11228180670366006
4.0	0.11185803039492456
3.0	0.11096891187493454
4.0	0.11009637651263607
