True Label: 0.0
4.0	0.23652495839563306
4.0	0.17069718549972973
4.0	0.15314097295792223
4.0	0.13238873449220637
4.0	0.1315587028960544
4.0	0.1283881477532739
1.0	0.1274624821276152
3.0	0.126155140059354
4.0	0.12267912301642961
3.0	0.12104550653376049
4.0	0.11766968108291043
4.0	0.1144259135381246
4.0	0.11322770341445959
0.0	0.10591481821704044
3.0	0.10482848367219184
4.0	0.10127393670836665
4.0	0.10127393670836665
4.0	0.10120511309409204
4.0	0.10044039219036507
4.0	0.09757142403137059
4.0	0.09615384615384616
0.0	0.09585934669902989
0.0	0.09513029883089882
4.0	0.09245003270420488
4.0	0.08951435925492911
4.0	0.08951435925492911
2.0	0.08770580193070293
4.0	0.08581943515359347
4.0	0.08178608201095308
4.0	0.08048436365855338
4.0	0.07548513560963972
4.0	0.07548513560963972
0.0	0.07534289855918308
4.0	0.07472032220800769
4.0	0.07412493166611012
0.0	0.07363349023675267
0.0	0.07098646750254821
4.0	0.06933752452815366
3.0	0.06933752452815364
4.0	0.06933752452815364
4.0	0.06933752452815364
4.0	0.0682788741998919
4.0	0.06748819059987712
4.0	0.06748819059987712
3.0	0.06732919131278248
4.0	0.06729171801239016
4.0	0.06726727939963124
4.0	0.06619436724610318
0.0	0.06537204504606134
0.0	0.0649722122736315
