True Label: 0.0
4.0	0.3212877315609995
4.0	0.2913582733740324
4.0	0.2847081421737295
4.0	0.27857320519192286
4.0	0.2743516305843672
3.0	0.25687040446902815
4.0	0.21997067253202993
4.0	0.21780342093451605
3.0	0.21533919230352724
4.0	0.21435714881200418
3.0	0.2118508565329504
4.0	0.21025839105218988
4.0	0.20528906550577186
4.0	0.19457241052900615
4.0	0.19050019050028574
4.0	0.18481233109010922
4.0	0.17821979430458113
4.0	0.17821979430458113
4.0	0.17611748841908675
4.0	0.17038855027411942
3.0	0.1639505291295721
3.0	0.16269036695641684
4.0	0.16245910832216467
4.0	0.16182405347834086
4.0	0.1600086042605419
4.0	0.15401027590842437
3.0	0.15183269370476946
3.0	0.14941718986915256
3.0	0.14914491690263826
4.0	0.14819897956091455
4.0	0.1481668148335556
4.0	0.14808185191881446
4.0	0.14477415034965513
3.0	0.1442149876003076
1.0	0.14149998919097345
4.0	0.14119200541719518
2.0	0.13912166872805046
3.0	0.1388386131576534
4.0	0.13839517985266542
4.0	0.13839517985266542
2.0	0.1382159501035804
2.0	0.13470397652008118
3.0	0.13058427371797446
3.0	0.12961896184130317
2.0	0.12880163722232754
4.0	0.12831622564368414
4.0	0.12700012700019048
4.0	0.12700012700019048
4.0	0.12527215359889848
4.0	0.12506107989614448
