True Label: 0.0
4.0	0.27498714598438984
4.0	0.21842482996029194
3.0	0.21227939406708898
3.0	0.20180854656268968
4.0	0.18827751470952858
4.0	0.18102512888056815
4.0	0.17527682734987296
4.0	0.17367609220066726
3.0	0.1665982504165575
4.0	0.1665706328547944
4.0	0.16447510463506068
3.0	0.15764477864605828
3.0	0.15764477864605828
3.0	0.15408448520450804
4.0	0.1517941851797291
4.0	0.15111042411250833
4.0	0.15094060286362135
3.0	0.1506060552008354
4.0	0.15033540735052664
4.0	0.14934573132646878
4.0	0.14872731984475068
0.0	0.14749987527755332
3.0	0.14514300228593202
3.0	0.14483579497734367
2.0	0.14400460822119582
3.0	0.14306153147502748
4.0	0.14154880754301793
4.0	0.14131269593987006
4.0	0.13953510699085486
4.0	0.1382842554945073
4.0	0.1382842554945073
4.0	0.1371758152921836
2.0	0.1363333765243548
0.0	0.13617232109125663
4.0	0.13587759224987503
4.0	0.13432363512137116
4.0	0.13432363512137116
4.0	0.13369591811181
3.0	0.13324372767977846
4.0	0.13193354828766468
4.0	0.13155496048909854
4.0	0.12786642562234896
4.0	0.12686120248057725
4.0	0.1245900383734457
4.0	0.12443491830747166
3.0	0.12328352371068321
4.0	0.1227614349422472
3.0	0.12252372531523746
4.0	0.12091412256020276
4.0	0.11981907665645183
