True Label: 0.0
4.0	0.3006318735417656
4.0	0.2844400619942871
4.0	0.2366452197202754
2.0	0.23638449186588284
3.0	0.23631832064045527
4.0	0.23101488187488786
0.0	0.2156334545133311
4.0	0.2138121103472685
2.0	0.18853077699746376
2.0	0.18772086356546358
1.0	0.18039552446369625
4.0	0.17089959843663396
4.0	0.16143643859972123
4.0	0.15922790174452373
4.0	0.15241034687629135
2.0	0.14228053728832898
4.0	0.14220377635042528
4.0	0.14132324914521238
4.0	0.14021481439119507
0.0	0.13838888289874093
4.0	0.13139379063706483
0.0	0.13126346098938432
2.0	0.13016921787649477
4.0	0.1260437447704703
4.0	0.12387925382036538
3.0	0.12018412662102436
1.0	0.12006666776115192
0.0	0.11993046049352575
0.0	0.11411414151577337
2.0	0.11278477057280335
0.0	0.1117918507265442
4.0	0.11172583840857882
4.0	0.11062122317250536
3.0	0.1103160605961728
2.0	0.10686400627398496
4.0	0.10551884738587998
3.0	0.10243815673315458
0.0	0.09875262246557312
3.0	0.09651997245549661
1.0	0.0963880606877041
4.0	0.09607126676804019
0.0	0.09598154967887085
3.0	0.09582958602526992
4.0	0.09562570972469812
4.0	0.09433809609804795
1.0	0.08928098587908315
4.0	0.08791283368205803
3.0	0.08665940760840844
2.0	0.08586368740936988
4.0	0.08479108117449606
