True Label: 0.0
0.0	0.2617175631864631
0.0	0.1898850653110165
4.0	0.1226341046800315
4.0	0.11449640075339543
1.0	0.11126078045567374
0.0	0.10587339824581343
0.0	0.0959264193758544
0.0	0.09328108439878127
1.0	0.09229764388043254
0.0	0.0919595373715898
1.0	0.0918053862698536
1.0	0.09156219276643894
4.0	0.08971226080325133
4.0	0.08900862436453899
4.0	0.0866702780034879
1.0	0.08602891496392641
0.0	0.0786732523403146
0.0	0.07789945341703662
1.0	0.07746478873239436
3.0	0.0770837298555973
2.0	0.07620851654658055
4.0	0.07335764903406058
4.0	0.07267523746672638
0.0	0.07267523746672638
4.0	0.07258732130868646
4.0	0.07230725921636076
0.0	0.07149933152085448
0.0	0.0713656664657495
4.0	0.07133918167776826
4.0	0.07123598133866423
0.0	0.06993177985805743
4.0	0.06872249363368471
3.0	0.06828699596587474
0.0	0.0663431115542844
2.0	0.06634311155428439
0.0	0.06593231434410296
2.0	0.06447848455340548
0.0	0.06431538930337248
3.0	0.061865270517993724
2.0	0.060344901712024696
0.0	0.06008551581036728
1.0	0.059873680041062693
1.0	0.05933908290969266
4.0	0.05933908290969266
0.0	0.059339082909692656
3.0	0.057567366250340375
4.0	0.05470509003702048
4.0	0.053074489243427524
3.0	0.05179539792436706
1.0	0.0514898176885553
