True Label: 0.0
4.0	0.23966684964656493
1.0	0.19695964928958384
0.0	0.19596237883454898
3.0	0.1792963145882256
0.0	0.17831888788705275
3.0	0.17445134105676008
4.0	0.16508332072280235
0.0	0.15946658865060026
4.0	0.1326671576263081
4.0	0.13130643285972254
4.0	0.12456821978060995
4.0	0.12456821978060993
2.0	0.12003219023332637
2.0	0.12003219023332637
4.0	0.11914652116716767
4.0	0.11877113736973437
1.0	0.113937458379177
3.0	0.1137147065368355
3.0	0.11143562354005232
1.0	0.1103194697029383
4.0	0.10925355610938446
4.0	0.10665718644919545
2.0	0.10650358071057624
4.0	0.10504514628777804
4.0	0.10267231466126127
4.0	0.10251356592513192
4.0	0.10005560189476051
2.0	0.09828176394714
4.0	0.09715664861977678
3.0	0.09525969852639352
0.0	0.09401561020861532
4.0	0.09284766908852593
4.0	0.09284766908852593
4.0	0.09284766908852592
4.0	0.09143006417649889
4.0	0.09117460107822463
0.0	0.09037128496931668
4.0	0.09012958545930584
4.0	0.08992061932286813
4.0	0.08852677897456387
3.0	0.08773280079294954
4.0	0.08753762190648169
4.0	0.08635176480320333
4.0	0.08534047359147987
4.0	0.08464467414024499
1.0	0.0844651635442475
4.0	0.084103426706236
4.0	0.08351072427750202
4.0	0.08206652053732659
0.0	0.08150248278455836
