True Label: 0.0
4.0	0.17333483566243058
4.0	0.16265673587244894
4.0	0.151843348352914
4.0	0.14735303110360595
4.0	0.13525044520011484
4.0	0.13508683101831562
3.0	0.133772253874564
0.0	0.13281330062271493
4.0	0.1302579218051672
4.0	0.1301448015738384
4.0	0.11363310286178549
0.0	0.10967253752026672
2.0	0.10946422399940203
1.0	0.10780182679063195
1.0	0.10694191739388488
0.0	0.10454875722723685
4.0	0.10017406453556187
1.0	0.09917043796975239
4.0	0.09576924332727951
2.0	0.09519679655241567
0.0	0.0948677684589698
4.0	0.0948557877201466
3.0	0.0941763218696022
4.0	0.09377931061506661
4.0	0.09333167411831966
4.0	0.09202627172903877
3.0	0.09016696346674323
1.0	0.08972561493581281
4.0	0.0885422004151433
1.0	0.0878477410623409
0.0	0.08704913269912787
1.0	0.08588411858623445
4.0	0.08553989227683015
4.0	0.08553989227683015
4.0	0.0850492866362851
4.0	0.08342915184645402
0.0	0.0820264783195062
3.0	0.08169673973980468
3.0	0.08160856190543239
4.0	0.08095497785743441
0.0	0.07914773247219188
4.0	0.07808688094430304
2.0	0.07713649809981697
0.0	0.07600418879072098
4.0	0.07578292430727834
4.0	0.07548069266791109
4.0	0.07526011610986078
2.0	0.07470487614640431
4.0	0.07445291969126747
4.0	0.07407971974871921
