True Label: 0.0
3.0	0.4221158824088691
4.0	0.41426210792720003
4.0	0.41286141192238524
3.0	0.40342333250323087
4.0	0.3717611978224573
4.0	0.35176323534072423
4.0	0.34090909090909094
1.0	0.3387157580160166
4.0	0.3254818219536806
3.0	0.3198010745334156
4.0	0.3021836115095176
3.0	0.2978416985906353
0.0	0.29424494316824984
4.0	0.28287619092800903
4.0	0.2819336368732281
4.0	0.27668578554642986
4.0	0.27422715904767403
4.0	0.2702320027687641
4.0	0.2631806779839076
3.0	0.25853602206992954
4.0	0.25594534844449573
4.0	0.2544200743322844
4.0	0.25087260300212727
4.0	0.2420824159328721
4.0	0.24134434207210337
4.0	0.24105912994995937
3.0	0.2398508059000618
4.0	0.23766353784131747
3.0	0.23702524879038972
3.0	0.23009488140073658
4.0	0.22208407953709422
4.0	0.2193817272381392
4.0	0.2193817272381392
4.0	0.21759706994462233
4.0	0.2175970699446223
4.0	0.2074290651315002
2.0	0.2065227392720338
4.0	0.20643070596119262
3.0	0.20432574937512776
4.0	0.20432574937512776
4.0	0.20377545010123216
4.0	0.20225995873897262
3.0	0.2000236728414157
4.0	0.19767387315371676
4.0	0.1973855084879307
4.0	0.19626716799471494
0.0	0.19611323519163643
4.0	0.19462473604038072
4.0	0.19462473604038072
4.0	0.1938287215142766
