True Label: 0.0
4.0	0.7458086108358346
4.0	0.5839321292767949
4.0	0.5533382216698377
4.0	0.5307760421770866
4.0	0.49111241826002044
4.0	0.48824039653356854
4.0	0.45462060465831755
4.0	0.4255404282611185
3.0	0.37796447300922725
4.0	0.37507685654755024
4.0	0.37422759959187435
4.0	0.35919055825961954
4.0	0.35078332599903006
4.0	0.3433984185572144
3.0	0.3432385565170297
4.0	0.3407465184230485
0.0	0.33898251135571594
2.0	0.3328489772116372
1.0	0.3291983590983216
0.0	0.31918720066438916
3.0	0.3044856310130486
3.0	0.30137284040622303
3.0	0.3008713199901729
4.0	0.29600947245468023
4.0	0.29126575009686123
3.0	0.2900364605689839
3.0	0.2893187811789223
4.0	0.28308670606731534
4.0	0.2790404591875125
4.0	0.27666911083491885
4.0	0.27050927633455196
3.0	0.26946120806176077
4.0	0.26892643710023856
4.0	0.26367995070182415
2.0	0.2624615474321946
4.0	0.2619684159977919
4.0	0.2613202112373255
4.0	0.2583525338486769
4.0	0.25617376914899
4.0	0.2549752313143321
4.0	0.253546276418555
4.0	0.25297539470208424
4.0	0.2526124011407279
4.0	0.2526124011407279
3.0	0.2514267893501614
0.0	0.2505574142928979
4.0	0.25017164437312167
4.0	0.2500413325620746
4.0	0.24555620913001022
4.0	0.24412019826678427
