True Label: 0.0
0.0	0.2906161921064323
3.0	0.1402658913697787
3.0	0.13043478260869568
0.0	0.12702858641276069
4.0	0.11235088294097074
3.0	0.10114434748483472
4.0	0.10114434748483472
1.0	0.09879766049909873
3.0	0.09840627249521833
3.0	0.09840627249521833
0.0	0.09680038658279579
3.0	0.09223131928520185
0.0	0.08939981748151894
4.0	0.08695652173913045
4.0	0.07819290527140305
3.0	0.07298004491997617
3.0	0.07298004491997617
2.0	0.07259540086406278
4.0	0.06950480468569159
0.0	0.06950480468569159
0.0	0.06640077615583084
4.0	0.06630745105538029
3.0	0.06359630007488934
3.0	0.06309933217282221
2.0	0.062305598284903355
4.0	0.060192926542884606
4.0	0.06019292654288459
3.0	0.05647365427046247
3.0	0.05572782125753529
1.0	0.05523681766661075
4.0	0.053639890488911365
2.0	0.05296271413323761
0.0	0.05254069374927337
0.0	0.05141933776432957
2.0	0.05116073090561324
4.0	0.05057217374241736
4.0	0.05057217374241736
4.0	0.049147318718299055
2.0	0.049147318718299055
0.0	0.049147318718299055
4.0	0.047305936862132775
0.0	0.04662524041201569
2.0	0.04662524041201569
1.0	0.04538167656120387
0.0	0.044455422447438706
4.0	0.04296248625946536
4.0	0.042562826537937436
0.0	0.04191297423079543
3.0	0.04179586594315147
4.0	0.04170288281141496
