True Label: 0.0
3.0	0.5506724596443833
3.0	0.46627239736234016
3.0	0.4221158824088691
4.0	0.3580340185012951
4.0	0.3547874375934496
4.0	0.3481553119113957
4.0	0.3458572319330373
0.0	0.3420837274641176
0.0	0.3315192609076908
4.0	0.31672303298595833
4.0	0.3001801621621703
4.0	0.2955402316445243
4.0	0.29250896965085227
4.0	0.29012942659282975
4.0	0.2860387767736777
4.0	0.2842676218074806
3.0	0.2707651805369412
3.0	0.25482359571881275
0.0	0.24873416908154553
4.0	0.2461829819586655
4.0	0.2414022747926338
4.0	0.23961691914926153
4.0	0.23354968324845687
4.0	0.23099715105270544
4.0	0.22613350843332272
4.0	0.22613350843332272
4.0	0.22613350843332272
3.0	0.22227711223719354
4.0	0.21759706994462233
4.0	0.21320071635561044
4.0	0.21320071635561044
3.0	0.21320071635561041
4.0	0.21173540197217566
2.0	0.20225995873897262
4.0	0.20100756305184242
2.0	0.19968076595771794
4.0	0.19857101769644858
4.0	0.17782168978975482
3.0	0.17292861596651865
3.0	0.17170914210964275
2.0	0.1709408646894569
4.0	0.1624591083221647
3.0	0.1540723434930042
4.0	0.15075567228888181
4.0	0.15075567228888181
4.0	0.14673479641335557
4.0	0.1421338109037403
0.0	0.138966230582286
4.0	0.13834289277321493
4.0	0.13762047064079508
