True Label: 0.0
4.0	0.1986798535597566
4.0	0.18898223650461365
4.0	0.1846372364689991
4.0	0.1825741858350554
4.0	0.1825741858350554
3.0	0.17677669529663692
3.0	0.17677669529663692
2.0	0.17320508075688776
4.0	0.15811388300841897
3.0	0.15430334996209194
4.0	0.15386436372416593
2.0	0.1517708734718162
4.0	0.14907119849998599
3.0	0.14433756729740646
4.0	0.14433756729740646
4.0	0.14209339428848178
4.0	0.14147911460452758
4.0	0.13608276348795437
4.0	0.13608276348795437
4.0	0.13176156917368248
0.0	0.1305582419667734
4.0	0.12598815766974242
3.0	0.12598815766974242
4.0	0.12500000000000003
4.0	0.12371791482634839
4.0	0.1212678125181665
4.0	0.1212678125181665
4.0	0.11785113019775795
4.0	0.11572751247156896
4.0	0.11547005383792518
0.0	0.11288091024643275
4.0	0.11270870433342906
4.0	0.1118033988749895
2.0	0.11111111111111113
3.0	0.11111111111111113
2.0	0.10998533626601498
4.0	0.1091089451179962
4.0	0.10825317547305485
4.0	0.1072112534837795
4.0	0.10591481821704044
2.0	0.10540925533894599
4.0	0.10540925533894599
4.0	0.10502100630210075
4.0	0.10502100630210075
4.0	0.10502100630210075
3.0	0.10443899828608921
2.0	0.10206207261596578
4.0	0.10206207261596578
3.0	0.10206207261596575
3.0	0.10206207261596575
