True Label: 0.0
2.0	0.3057883148625753
4.0	0.26579276243645306
0.0	0.21128856368212912
0.0	0.19207437206147598
3.0	0.19051281699137876
4.0	0.18976802881914745
4.0	0.17622684421256032
2.0	0.17620981993157464
2.0	0.1725163898355886
4.0	0.17078251276599332
3.0	0.16673100431301852
4.0	0.16101529717988267
4.0	0.15858376185413667
4.0	0.15430334996209188
4.0	0.15430334996209188
4.0	0.15118578920369088
4.0	0.15074721308665934
4.0	0.14699368305183338
2.0	0.14571667250155074
3.0	0.1451349025620335
4.0	0.1449427589131121
4.0	0.14439328533356685
4.0	0.14426644752600445
1.0	0.14285714285714285
4.0	0.14243941106076285
4.0	0.13953510699085483
4.0	0.134565112208027
4.0	0.134565112208027
0.0	0.1345185418269098
4.0	0.13259870882635919
4.0	0.13078299623495443
3.0	0.12892198850808625
2.0	0.1267731382092775
4.0	0.12613124477737825
4.0	0.1254752868856956
4.0	0.12518642814237002
3.0	0.12448875041380983
2.0	0.12446097204675335
0.0	0.12364727941389542
2.0	0.12143534814378326
4.0	0.12076147288491201
2.0	0.11807404543988677
4.0	0.11736911946539273
4.0	0.11615534207286159
3.0	0.11501092655705905
4.0	0.1148338503526429
2.0	0.11443442705426586
2.0	0.11428571428571428
4.0	0.1136889179648888
4.0	0.11288270199269274
