True Label: 0.0
3.0	0.43334318463934596
4.0	0.41426210792720003
1.0	0.3904980336837052
4.0	0.3677594628353629
4.0	0.3445570885444457
4.0	0.33795225464402845
3.0	0.3128658379209225
3.0	0.3095069563261458
0.0	0.28634884599943145
4.0	0.28410266057794153
4.0	0.27944785969957336
3.0	0.2778088551833201
3.0	0.2732672743932998
3.0	0.27244336055210366
0.0	0.256605732820358
4.0	0.25343906042400155
2.0	0.24473837549132818
3.0	0.2421881450729636
4.0	0.2410426111805417
4.0	0.24051042372216766
4.0	0.2384225827981444
4.0	0.2372162146105553
4.0	0.23721621461055528
0.0	0.23375866910265058
4.0	0.2317059247728407
4.0	0.23100853891788292
4.0	0.22829708096503518
4.0	0.22817529555022356
4.0	0.22570895512771155
4.0	0.22341931451996686
4.0	0.2196092051707342
4.0	0.21885446764262628
4.0	0.21828607518125714
2.0	0.21607865206974114
4.0	0.21462419417145479
4.0	0.21462419417145479
4.0	0.21369911937178465
4.0	0.21369911937178465
4.0	0.2134318283111158
4.0	0.21343182831111576
2.0	0.2111181358142314
2.0	0.2111181358142314
3.0	0.20583278810587008
4.0	0.19579084860925527
1.0	0.1952490168418526
3.0	0.19522776572668116
4.0	0.19485503940689036
4.0	0.1940610136802593
4.0	0.19146654018046286
4.0	0.19146654018046283
