True Label: 0.0
4.0	0.23186944788008412
4.0	0.17424273674761284
0.0	0.17038855027411945
4.0	0.1419904585617662
4.0	0.12831622564368417
4.0	0.1245338703466795
3.0	0.11235088294097074
4.0	0.11085479909473867
0.0	0.10830607221477648
3.0	0.10722837304532315
1.0	0.10567049305145204
4.0	0.1049165916778429
4.0	0.10369516947304254
4.0	0.10059909096557137
4.0	0.09962709627734359
2.0	0.09760208648458543
0.0	0.09572994763343544
0.0	0.09525009525014287
4.0	0.09274777915203365
4.0	0.09118077732527567
1.0	0.08980265101338746
4.0	0.08712136837380642
2.0	0.08712136837380642
4.0	0.08712136837380642
4.0	0.08641264122753545
3.0	0.08641264122753545
0.0	0.08519427513705972
2.0	0.08515084190704485
3.0	0.0818716950167146
4.0	0.08064516129032259
4.0	0.08062108451376261
1.0	0.0790466852467548
3.0	0.07838618016696206
4.0	0.07816317493509031
0.0	0.07777137710478191
2.0	0.07697370086861781
4.0	0.07490058862731383
3.0	0.07460329735591031
0.0	0.0734625069578555
4.0	0.07332355751067667
3.0	0.07332355751067665
0.0	0.07332355751067665
4.0	0.07184212081070997
4.0	0.07184212081070997
3.0	0.07136791021047098
4.0	0.07014785603174337
3.0	0.06958714827998971
1.0	0.06956083436402524
4.0	0.06847387945809709
4.0	0.06831893442309406
