True Label: 0.0
4.0	0.2697061851080108
4.0	0.24779731389167606
4.0	0.24210006235312614
4.0	0.2284735708184952
4.0	0.21029775604801498
4.0	0.20650829690772554
4.0	0.202677836775256
4.0	0.19664205760333867
4.0	0.19346033336266977
4.0	0.18394180184548972
1.0	0.1757923361156196
3.0	0.16556654463313053
2.0	0.16481712868606585
3.0	0.15737789507292674
4.0	0.15389675281277312
4.0	0.14631236750846885
4.0	0.14509525002200233
4.0	0.14235366225076904
4.0	0.13977653617040253
4.0	0.13327849749579576
4.0	0.13258405374896495
3.0	0.13197783830966464
4.0	0.13155034013960848
4.0	0.13155034013960848
4.0	0.1308804991877041
4.0	0.130066495428618
3.0	0.12879584450723733
3.0	0.12698590446506552
4.0	0.126673647984535
4.0	0.12565617248750865
4.0	0.12565617248750865
4.0	0.12565617248750865
4.0	0.12452334085802068
4.0	0.12389865694583803
4.0	0.12262786789699316
4.0	0.12091270835166862
1.0	0.1204950466257556
3.0	0.12016450333006207
4.0	0.11959121830873498
4.0	0.11846977555181847
4.0	0.11557797700413182
4.0	0.1147078669352809
3.0	0.11333107233103684
4.0	0.11164843913471802
4.0	0.11134983352076112
4.0	0.11128297681493143
4.0	0.11123792115220164
4.0	0.11005109731001667
4.0	0.11005109731001667
4.0	0.1096979682454293
