True Label: 0.0
4.0	0.35943684419684363
4.0	0.3586757374164416
4.0	0.32882540530150695
4.0	0.2981994559262703
4.0	0.2957887112070247
4.0	0.29024603712467845
4.0	0.28330249502543314
3.0	0.2824002554887563
1.0	0.2651075171729485
3.0	0.2595854216834864
4.0	0.2540810909773268
4.0	0.2509515862103885
3.0	0.2505226303927389
0.0	0.2421634357789062
4.0	0.24130491801796575
4.0	0.23681430907587206
3.0	0.2334799214386246
4.0	0.22253732790634398
0.0	0.21564361617584918
4.0	0.21511906269601794
4.0	0.21027362720463774
2.0	0.20915420349291652
4.0	0.2041861258010231
2.0	0.20283764194417472
4.0	0.20275124833920122
4.0	0.20212378542834764
4.0	0.19859494623997054
4.0	0.195780050352127
4.0	0.19522776572668116
4.0	0.19295209360208634
4.0	0.19295209360208634
4.0	0.18901660333046266
4.0	0.187459323136521
4.0	0.18658673815157906
4.0	0.18387729070791062
4.0	0.1793378687082208
4.0	0.1790454873244678
4.0	0.1790454873244678
4.0	0.17904079111721613
2.0	0.177858726397265
4.0	0.17685191581181048
4.0	0.17630177348172232
4.0	0.1756439791836758
3.0	0.17544646634734581
0.0	0.17465491231223335
2.0	0.17395488980662646
4.0	0.17297388269921873
4.0	0.1728285713549334
4.0	0.1727309417328402
4.0	0.17198826850701934
