True Label: 0.0
1.0	0.16484511834894675
4.0	0.12862393885688161
4.0	0.12649110640673517
4.0	0.12649110640673517
4.0	0.1178511301977579
2.0	0.10206207261596575
4.0	0.09525009525014289
4.0	0.09231861823449955
4.0	0.09197090092274487
3.0	0.09128709291752767
4.0	0.08838834764831843
3.0	0.08838834764831843
2.0	0.08333333333333333
2.0	0.08333333333333333
4.0	0.08333333333333333
3.0	0.08219949365267865
4.0	0.07905694150420947
4.0	0.07905694150420947
4.0	0.07905694150420947
3.0	0.07905694150420947
4.0	0.07715167498104596
3.0	0.07715167498104596
3.0	0.07715167498104596
4.0	0.07715167498104596
4.0	0.0753778361444409
4.0	0.0753778361444409
4.0	0.0753778361444409
0.0	0.0753778361444409
4.0	0.0753778361444409
4.0	0.07495316889958614
4.0	0.07372097807744857
4.0	0.07372097807744857
4.0	0.07216878364870323
4.0	0.06933752452815364
4.0	0.06933752452815364
4.0	0.06804138174397717
4.0	0.06681531047810609
4.0	0.06681531047810609
3.0	0.06629935441317958
4.0	0.06565321642986127
4.0	0.06350006350009525
4.0	0.0625
2.0	0.060144520482346905
4.0	0.058123819371909635
0.0	0.056254395046301184
4.0	0.05455447255899809
4.0	0.05384686189633037
3.0	0.053300179088902604
3.0	0.052128603514268686
2.0	0.05157106231293967
