True Label: 0.0
4.0	0.3511301037034221
4.0	0.3402069087198859
4.0	0.3207665139358924
4.0	0.30618621784789724
4.0	0.30463589792247125
4.0	0.2722905743185855
4.0	0.2649064714130088
3.0	0.264044450703276
0.0	0.25819888974716115
4.0	0.2475368857441686
4.0	0.24504901470490173
0.0	0.2390457218668788
4.0	0.23145502494313785
4.0	0.21242964433104375
4.0	0.2084219669613948
4.0	0.20412414523193156
4.0	0.20412414523193154
4.0	0.2041241452319315
4.0	0.2000236728414157
2.0	0.19202384316064217
3.0	0.19147511559402597
3.0	0.18869284719830837
3.0	0.18641827445195763
3.0	0.18528300527409322
4.0	0.18257418583505539
4.0	0.18257418583505539
3.0	0.1821231990964436
4.0	0.18146350099395323
4.0	0.18146350099395323
4.0	0.17864740025262413
3.0	0.1786086270779401
4.0	0.17817416127494962
4.0	0.17760083354186817
4.0	0.1767766952966369
4.0	0.17556505185171106
3.0	0.17503501050350123
4.0	0.17407765595569785
3.0	0.17025130615174977
2.0	0.16988022138402795
0.0	0.16839382851364088
2.0	0.16839382851364088
4.0	0.1677890138035061
3.0	0.16747346132580893
2.0	0.1666666666666667
4.0	0.1666666666666667
4.0	0.1634301126151534
4.0	0.16227837090296832
2.0	0.16012815380508716
4.0	0.15554275420956382
4.0	0.1546473935329355
