True Label: 0.0
4.0	0.24445060351935236
4.0	0.18938850476964258
4.0	0.17986613385775174
4.0	0.173259232729684
4.0	0.173259232729684
3.0	0.152008377581442
3.0	0.14815943949743846
4.0	0.14815943949743846
3.0	0.14654016203081316
4.0	0.1460871774476944
4.0	0.14126448280440335
3.0	0.14038977171422046
4.0	0.13556461622783642
4.0	0.13525044520011487
4.0	0.13391789600139503
4.0	0.13318543164240537
4.0	0.12892156936067814
4.0	0.12521758066945232
4.0	0.12521758066945232
4.0	0.12499003626796872
4.0	0.12222530175967618
3.0	0.12195121951219512
3.0	0.12052610640125554
4.0	0.11858026565508115
3.0	0.11713032141645455
4.0	0.11713032141645455
4.0	0.1165372526871047
1.0	0.11600295811314831
4.0	0.1140531897024402
4.0	0.11390142225037866
4.0	0.11270870433342906
4.0	0.11219854269064289
4.0	0.11043152607484656
4.0	0.11043152607484656
4.0	0.10932163332202426
4.0	0.10748615458500278
4.0	0.10748615458500278
4.0	0.10726058003503604
4.0	0.10476454436543672
4.0	0.101338918387628
4.0	0.10080972981818898
4.0	0.10080972981818898
4.0	0.10003126465607107
4.0	0.09988907373180403
4.0	0.0990664906528294
4.0	0.09639253854237598
3.0	0.09563650695950075
4.0	0.09469425238482129
4.0	0.09370425713316365
4.0	0.09239364353597956
