True Label: 0.0
3.0	0.2277100170213244
3.0	0.1677578690771052
1.0	0.1497819114610614
0.0	0.1471369212093798
0.0	0.14334554477024897
0.0	0.1405456737852613
4.0	0.13888888888888892
4.0	0.1356143188500172
4.0	0.1347150628109127
1.0	0.13400504203456162
4.0	0.1301200097264711
0.0	0.12909944487358055
4.0	0.12598815766974242
0.0	0.1210455065337605
4.0	0.12038585308576921
4.0	0.11295649894498104
0.0	0.11111111111111113
2.0	0.11050202178970245
1.0	0.10359079584873412
0.0	0.10120668016122478
4.0	0.09759000729485331
4.0	0.09741200659110827
4.0	0.09720197391996739
1.0	0.09622504486493763
0.0	0.09475587393582686
0.0	0.08606629658238706
0.0	0.08606629658238706
3.0	0.08606629658238704
4.0	0.08582821508457492
3.0	0.0850102284084451
0.0	0.08399210511316162
4.0	0.08206099398622181
4.0	0.08169051356597865
4.0	0.08006407690254358
2.0	0.07804881763180783
0.0	0.07736784709142126
3.0	0.07678988318681085
4.0	0.07607257743127308
1.0	0.07548513560963972
4.0	0.07484170156161815
1.0	0.07473515944449388
4.0	0.07453559924999299
3.0	0.07453559924999299
0.0	0.07405035291098654
4.0	0.07382339966963881
4.0	0.07281782194256266
4.0	0.07273929674533079
4.0	0.07273929674533079
4.0	0.07273929674533079
4.0	0.0718428450365885
