True Label: 0.0
4.0	0.49999999999999994
1.0	0.24618298195866553
4.0	0.24056261216234412
4.0	0.21081851067789195
4.0	0.19364916731037085
4.0	0.1928791874526149
4.0	0.16366341767699433
4.0	0.13638618139749525
3.0	0.13608276348795434
4.0	0.13363062095621223
4.0	0.1326671576263081
4.0	0.13043729868748774
3.0	0.12500000000000003
4.0	0.12252450735245088
3.0	0.12112539577787731
4.0	0.12028130608117206
4.0	0.11858541225631422
4.0	0.11785113019775795
4.0	0.11785113019775795
4.0	0.11785113019775793
4.0	0.11785113019775793
4.0	0.11440107883060736
4.0	0.11371470653683552
4.0	0.1118033988749895
4.0	0.10998533626601498
4.0	0.10895024111382082
4.0	0.10770505460691615
4.0	0.10770505460691615
4.0	0.10540925533894598
4.0	0.10540925533894598
0.0	0.10454167469786335
2.0	0.10369516947304254
4.0	0.10206207261596577
3.0	0.10206207261596577
4.0	0.10206207261596577
4.0	0.10206207261596575
0.0	0.10143783390008614
4.0	0.10004084133313015
4.0	0.09901475429766744
4.0	0.09901475429766744
4.0	0.09901475429766744
4.0	0.09759000729485333
0.0	0.09682458365518543
4.0	0.09682458365518543
4.0	0.09643959372630745
4.0	0.09643959372630745
4.0	0.09622504486493764
4.0	0.09622504486493764
4.0	0.09622504486493764
4.0	0.09476225544736294
