True Label: 0.0
4.0	0.12787761971515044
4.0	0.1267007584499036
2.0	0.12343219696001853
3.0	0.1174789922875568
4.0	0.11510146937526215
1.0	0.11456850651364103
1.0	0.11359744235563068
3.0	0.11315047637120358
4.0	0.11208970766356098
4.0	0.1115133765994993
3.0	0.1069917515799186
3.0	0.10502100630210072
3.0	0.10483237980712372
3.0	0.10462287486943733
3.0	0.10325912675102368
4.0	0.10260717884818765
2.0	0.1023052337677262
4.0	0.10079052613579392
0.0	0.10034188133917425
3.0	0.10033450832286486
3.0	0.10033450832286486
4.0	0.09621023987294833
0.0	0.0959264193758544
4.0	0.0957427107756338
0.0	0.09332565252573825
4.0	0.09296696802013682
4.0	0.09258200997725513
0.0	0.09230801704148839
4.0	0.09139076937674136
2.0	0.09112956546121255
4.0	0.08944271909999156
3.0	0.08944271909999156
4.0	0.08849697853800427
4.0	0.08845379626717031
4.0	0.08807048459279791
0.0	0.08791278938007463
4.0	0.0875175052517506
3.0	0.0875
4.0	0.08712239658585907
4.0	0.08660254037844385
3.0	0.0861640436855329
3.0	0.08501044615977586
4.0	0.08486594095911354
4.0	0.08429272304235244
4.0	0.08427009716003843
0.0	0.08398214856229391
4.0	0.08333333333333333
0.0	0.08333333333333333
4.0	0.0829941011960087
3.0	0.08295613557843401
