True Label: 0.0
2.0	0.5000000000000004
4.0	0.273633616584944
0.0	0.24687288265987326
4.0	0.22566773346210997
4.0	0.22222222222222227
3.0	0.20272121351984576
4.0	0.20037779910330533
4.0	0.19950186722152663
3.0	0.19776852188940303
3.0	0.18064673536794582
4.0	0.1712900399257872
4.0	0.16943474841747155
4.0	0.1666666666666667
4.0	0.16666666666666669
4.0	0.16524335566394455
0.0	0.1613940087116807
4.0	0.15957118462605635
4.0	0.15876322406928006
4.0	0.15590239111558088
3.0	0.1544993737759967
4.0	0.15446527436157478
4.0	0.15214515486254615
4.0	0.1516970091030344
0.0	0.14927035850663306
4.0	0.14638501094227996
0.0	0.14360673947588817
4.0	0.14188377503654787
4.0	0.140028008402801
4.0	0.14002800840280097
4.0	0.1399641737566906
4.0	0.13911347406177363
4.0	0.13853967058401476
3.0	0.13809465581169675
4.0	0.13693063937629155
3.0	0.13675235141716732
4.0	0.13608276348795434
3.0	0.1358672720408206
4.0	0.13478228403680184
4.0	0.13471506281091267
0.0	0.13434240632160768
4.0	0.13401206812144728
1.0	0.13350031315246902
3.0	0.13327042740656528
0.0	0.13055824196677338
4.0	0.13041800750958332
3.0	0.1304180075095833
4.0	0.12936372241705024
2.0	0.12909944487358058
4.0	0.12858612496840993
4.0	0.12835900770256756
