True Label: 0.0
4.0	0.5000000000000001
4.0	0.28426762180748055
4.0	0.2487341690815455
3.0	0.2394603721730797
4.0	0.21516574145596756
3.0	0.20232077051387015
4.0	0.2
4.0	0.19403933912099536
4.0	0.18529116040041885
4.0	0.1849000654084097
0.0	0.18102512888056815
3.0	0.17964080537450716
3.0	0.1781741612749496
4.0	0.17684129485855798
4.0	0.17684129485855798
3.0	0.1751664872819762
4.0	0.1714985851425088
3.0	0.1714539990183524
4.0	0.16839382851364085
4.0	0.16331864497962195
4.0	0.1584423585608783
4.0	0.15811388300841897
4.0	0.15811388300841897
4.0	0.15748862623214335
4.0	0.157485197087178
3.0	0.15379156298021623
3.0	0.15379156298021623
3.0	0.15309310892394862
4.0	0.15271022702063053
4.0	0.1494035761667992
4.0	0.14907119849998596
3.0	0.14870296936986566
3.0	0.14869717232215202
4.0	0.14678414098799653
3.0	0.14583333333333331
4.0	0.14433756729740643
4.0	0.14433756729740643
4.0	0.14147911460452756
3.0	0.14006096780266963
2.0	0.138706619927304
4.0	0.1386750490563073
4.0	0.13796468556016644
2.0	0.13749298523071757
4.0	0.13664859862498716
3.0	0.13638618139749523
4.0	0.13608276348795434
3.0	0.13576086053706518
4.0	0.13518451760896877
4.0	0.13382584475782766
4.0	0.13370957553973667
