True Label: 0.0
1.0	0.5000000000000003
2.0	0.34145813488341664
1.0	0.33387888743541644
0.0	0.29515063885057
2.0	0.2869443579154532
2.0	0.2832683449327779
4.0	0.2807990007960834
4.0	0.2747800493195885
4.0	0.2711037182327069
4.0	0.2623561234227289
4.0	0.25378042877430784
0.0	0.2533115292153073
0.0	0.2504728522079218
4.0	0.23690248934133806
2.0	0.2328179636630391
4.0	0.2269103379934495
4.0	0.22568905807670636
3.0	0.20780903513401258
4.0	0.20702094697711657
2.0	0.20504462313867222
4.0	0.2032374384797152
0.0	0.20298446585048427
4.0	0.199363055707225
3.0	0.19578708772123568
4.0	0.1952490168418526
4.0	0.19112875525980677
4.0	0.1881828134071437
4.0	0.18693323659540845
4.0	0.18416370220645234
3.0	0.1823843010350213
4.0	0.179685144173777
4.0	0.1794267501365025
4.0	0.17891763388899862
4.0	0.1772480651159023
4.0	0.1743714581157289
4.0	0.17436349794781641
4.0	0.1693578790080083
4.0	0.16741573411130756
4.0	0.16741573411130756
4.0	0.1673192686846229
1.0	0.16693944371770822
0.0	0.16569860426698665
0.0	0.1643989873053573
4.0	0.1617472168606377
0.0	0.1581929992920832
4.0	0.15772864864210479
3.0	0.15313648379753145
4.0	0.152835159104788
4.0	0.152835159104788
4.0	0.15175362972086898
