True Label: 0.0
0.0	0.5000000000000001
4.0	0.18511466262457718
4.0	0.12412427959034776
4.0	0.11922516965940004
4.0	0.11343148142323309
0.0	0.11340734449745218
4.0	0.10663823359494558
1.0	0.09874025978425861
4.0	0.09463204468147676
4.0	0.09463204468147676
4.0	0.09255733131228859
4.0	0.09006450929125251
4.0	0.0892199473490941
4.0	0.0892199473490941
0.0	0.0842639912949317
0.0	0.0809876648982525
4.0	0.07813983916059347
4.0	0.07813983916059347
4.0	0.07726674092862558
4.0	0.07726674092862558
0.0	0.07726674092862558
4.0	0.07642227031690016
0.0	0.07404586504983088
1.0	0.07274548154924056
1.0	0.0724942278768988
4.0	0.07214769763897957
4.0	0.07198903546511334
0.0	0.07153510179564003
0.0	0.07077570608959026
2.0	0.06981111106074583
2.0	0.06926356448094152
4.0	0.06926356448094152
2.0	0.06805888885393986
4.0	0.06776741475716973
4.0	0.06735480066131135
4.0	0.06548969633428164
4.0	0.0651165326338279
2.0	0.0645255391943479
3.0	0.062250683439050394
4.0	0.06195121541733006
4.0	0.060770120659047154
3.0	0.060631677194278734
4.0	0.06054966320866204
4.0	0.06025359879550432
4.0	0.060188565210665505
3.0	0.060123615347138365
3.0	0.060123615347138365
4.0	0.05985870476201401
0.0	0.059397525545987234
4.0	0.059260885094595976
