True Label: 0.0
4.0	0.3223291856101521
4.0	0.2508726030021272
4.0	0.17407765595569785
3.0	0.17407765595569785
4.0	0.1688801323682996
4.0	0.16116459280507606
4.0	0.1599005372667078
0.0	0.14301938838683884
4.0	0.1421338109037403
4.0	0.1421338109037403
4.0	0.1257389226923863
4.0	0.1254363015010636
4.0	0.12309149097933275
4.0	0.12245535498452542
4.0	0.12060453783110546
3.0	0.11826247919781653
4.0	0.11826247919781653
4.0	0.1160517706371319
4.0	0.11396057645963795
4.0	0.110021557355838
4.0	0.10660035817780521
4.0	0.1037571695799112
4.0	0.10341753799900383
4.0	0.10050378152592121
4.0	0.09642365197998373
4.0	0.09642365197998373
4.0	0.09642365197998373
4.0	0.09642365197998373
4.0	0.09534625892455924
0.0	0.09090909090909091
4.0	0.09090909090909091
4.0	0.09090909090909091
4.0	0.08703882797784893
4.0	0.08547043234472845
4.0	0.08398387664337814
4.0	0.08398387664337814
4.0	0.08362420100070908
4.0	0.08362420100070908
4.0	0.08122955416108235
3.0	0.07537783614444091
4.0	0.07537783614444091
4.0	0.07537783614444091
4.0	0.07537783614444091
4.0	0.07312724241271307
3.0	0.07312724241271307
4.0	0.07312724241271307
0.0	0.07150969419341942
3.0	0.07106690545187015
2.0	0.07106690545187015
4.0	0.07106690545187015
