True Label: 0.0
4.0	0.2658984310220886
4.0	0.17110107770011826
4.0	0.16956455039935903
1.0	0.14382212278323586
4.0	0.14151932739989984
0.0	0.13953907641285954
4.0	0.1315587028960544
4.0	0.12563905991309768
0.0	0.11449640075339543
3.0	0.11312143079800893
4.0	0.11277361548967679
0.0	0.11234144266139637
2.0	0.1111174182125069
3.0	0.1088989180799073
4.0	0.10663600451158128
0.0	0.10432372551054916
4.0	0.10320313742306723
3.0	0.10265187673726074
4.0	0.10127393670836668
4.0	0.10008557981882923
0.0	0.09621023987294833
3.0	0.09615204043085981
0.0	0.09594372951318948
1.0	0.09402721927986714
0.0	0.09302605094190636
0.0	0.09279435431577583
3.0	0.09172120405722127
3.0	0.09172120405722127
3.0	0.09086186481026143
1.0	0.09082468568965636
4.0	0.09052060501957757
2.0	0.09024852563942803
4.0	0.0896584843761835
4.0	0.08950412845779245
1.0	0.08770580193070292
3.0	0.0868514312754815
4.0	0.08651247010927089
4.0	0.08647114689080648
4.0	0.0861253877644822
4.0	0.08596888138808807
2.0	0.08513824469684098
2.0	0.08454677586359526
2.0	0.08447148711507416
4.0	0.08433122890341362
4.0	0.08397191227596318
4.0	0.08310249701106032
0.0	0.08209813978184
4.0	0.08141546477834324
4.0	0.08131249357707347
3.0	0.08093851008962544
