True Label: 0.0
4.0	0.5
4.0	0.29596829048773843
4.0	0.29250896965085227
3.0	0.29250896965085227
4.0	0.2711630722733202
3.0	0.24647856585669803
4.0	0.24291077703941832
4.0	0.23883257361061283
4.0	0.22872126154944794
4.0	0.2193817272381392
3.0	0.20228869496966945
4.0	0.1959983830200101
0.0	0.18935242733246038
4.0	0.18333969940564224
4.0	0.16803361008336115
2.0	0.1665741511631924
3.0	0.1533929977694741
4.0	0.14625448482542613
4.0	0.14625448482542613
4.0	0.14462030521243746
4.0	0.140028008402801
0.0	0.140028008402801
3.0	0.13819749820569552
4.0	0.13098420799889596
4.0	0.12927192249875477
3.0	0.12719720861638445
4.0	0.12421401880890738
2.0	0.12298800925361816
0.0	0.12189130152520147
4.0	0.12126781251816648
4.0	0.12126781251816647
4.0	0.11764705882352941
4.0	0.11764705882352941
4.0	0.11764705882352941
4.0	0.11764705882352941
3.0	0.11605575805387747
4.0	0.11504474832710557
4.0	0.11471341119043457
4.0	0.1143323900950059
3.0	0.1143323900950059
4.0	0.1096908636190696
4.0	0.1096908636190696
2.0	0.1090982118588961
4.0	0.10731209708572739
4.0	0.10713431680111603
4.0	0.10613237065158375
4.0	0.10585122480499264
3.0	0.10585122480499264
4.0	0.10585122480499264
4.0	0.10448925095464312
