True Label: 0.0
4.0	0.23549813611682102
4.0	0.21270799391196737
4.0	0.21270799391196737
4.0	0.19338076916709304
4.0	0.18355431078559414
4.0	0.17971268936194615
4.0	0.17971268936194615
3.0	0.17925767324159464
4.0	0.173421993904824
4.0	0.160557567699719
4.0	0.15894388284780528
4.0	0.15193428136569098
4.0	0.14900989016981742
4.0	0.14900989016981742
4.0	0.14900989016981742
4.0	0.14509525002200233
4.0	0.13674085322912188
4.0	0.13382584475782772
4.0	0.13300397918683549
4.0	0.13300397918683549
4.0	0.1324532357065044
4.0	0.13245323570650436
4.0	0.12474379968966619
4.0	0.12070759758761328
4.0	0.11980845957463077
4.0	0.11969747440993464
4.0	0.11774906805841051
4.0	0.11524263844467939
4.0	0.11353134489128947
4.0	0.11243619908556621
4.0	0.11243619908556621
3.0	0.10962834833943502
2.0	0.10882143751650175
4.0	0.10814761408717505
4.0	0.10635399695598369
2.0	0.09968121833123209
2.0	0.09968121833123209
4.0	0.0993399267798783
4.0	0.0993399267798783
4.0	0.0993399267798783
4.0	0.09872481295984872
4.0	0.09828010433421416
3.0	0.097988300169602
4.0	0.09782319760890369
4.0	0.09673016668133488
4.0	0.09649122807017545
4.0	0.09637388493048532
4.0	0.0946478014886103
2.0	0.09365858115816941
3.0	0.09308574042571363
