True Label: 0.0
4.0	0.45883146774112343
3.0	0.4473306295236465
4.0	0.39268830875205835
4.0	0.3817708577854666
4.0	0.31578947368421045
4.0	0.3077935056255462
4.0	0.3077935056255462
4.0	0.28097574347450816
3.0	0.24771696890802655
4.0	0.24082406492091704
4.0	0.23798351961093292
4.0	0.23230157981385027
3.0	0.22941573387056174
4.0	0.22941573387056172
4.0	0.22496063533292374
4.0	0.22124760168899643
4.0	0.22066012249769998
4.0	0.22030256079226748
4.0	0.22010219462003328
4.0	0.21764287503300347
0.0	0.21677749238102997
4.0	0.21497230917000557
4.0	0.21239769762143657
4.0	0.21179343552183932
4.0	0.20751433915982237
4.0	0.20751433915982237
4.0	0.2051956704170308
0.0	0.20149017494232957
4.0	0.19867985355975656
4.0	0.19399919435606705
4.0	0.193380769167093
3.0	0.1908854288927333
0.0	0.1898451735792883
4.0	0.18787382673022593
4.0	0.18787382673022593
4.0	0.18617148085142723
4.0	0.18114965806842534
1.0	0.1797126893619461
1.0	0.1797126893619461
4.0	0.17954621161490195
4.0	0.17920430732684967
2.0	0.17824863323693707
4.0	0.17770466332772766
4.0	0.17705013195704253
4.0	0.17660431427533915
3.0	0.17630177348172232
4.0	0.17380866549724555
4.0	0.17380866549724555
0.0	0.1720618004029213
4.0	0.16972071444106065
