True Label: 0.0
4.0	0.21693045781865616
4.0	0.14408763192842222
1.0	0.13231403100624078
3.0	0.12862393885688161
2.0	0.11764705882352938
1.0	0.11536243243422589
3.0	0.10114434748483471
4.0	0.10090091909944687
3.0	0.10036195573796253
4.0	0.0942285694863091
4.0	0.09422856948630909
0.0	0.08823529411764705
4.0	0.08574929257125441
4.0	0.08574929257125441
3.0	0.08318903308077029
4.0	0.08273960227720373
4.0	0.08102546544402053
4.0	0.08084520834544433
4.0	0.0795992779886878
4.0	0.07827803638564368
2.0	0.07779834062771487
3.0	0.07669649888473704
2.0	0.07669649888473704
0.0	0.07669649888473704
0.0	0.07622159339667058
3.0	0.07151985398521515
0.0	0.07151985398521515
0.0	0.06859943405700353
4.0	0.06859943405700353
0.0	0.06759303084186631
0.0	0.06755660236665673
4.0	0.0646359612493774
4.0	0.06431196942844081
4.0	0.06260518487602265
4.0	0.06063390625908323
4.0	0.060217173442777515
2.0	0.05952802792922383
2.0	0.058764770502472224
0.0	0.05821041277173329
0.0	0.057166195047502935
3.0	0.057166195047502935
1.0	0.053567158400558014
1.0	0.0533507245522184
4.0	0.052510503151050374
4.0	0.052510503151050374
3.0	0.05230657809659414
4.0	0.05113099925649136
1.0	0.05088284381333159
4.0	0.05063961832505435
0.0	0.05020964452534339
