True Label: 0.0
4.0	0.3246172270321178
4.0	0.2768841853807362
0.0	0.2672612419124244
4.0	0.24012009007506566
4.0	0.20541200750444025
3.0	0.19364916731037082
4.0	0.1926686588971131
3.0	0.1803950467206789
4.0	0.16499158227686106
4.0	0.15936381457791915
4.0	0.15933800876209486
4.0	0.15498260496951666
2.0	0.14999999999999997
4.0	0.14455656882599544
4.0	0.1426148065624585
4.0	0.14142135623730948
3.0	0.14142135623730948
4.0	0.13921151159742612
4.0	0.13762047064079508
4.0	0.13561270072416207
0.0	0.1336306209562122
4.0	0.1333333333333333
1.0	0.13006504879066058
4.0	0.1296362432175337
3.0	0.12565617248750865
4.0	0.12565617248750865
4.0	0.12297746456210365
4.0	0.12297746456210365
4.0	0.1217161238900369
3.0	0.12113592796308723
0.0	0.11815292615976108
4.0	0.1178511301977579
4.0	0.1178511301977579
4.0	0.1174170545784655
3.0	0.11677484162422844
4.0	0.11677484162422842
4.0	0.11677484162422842
2.0	0.1128532190794918
2.0	0.1128532190794918
3.0	0.11009637651263605
3.0	0.11009637651263605
3.0	0.10954451150103323
2.0	0.10900086292691392
4.0	0.10833333333333331
4.0	0.10758287072798381
4.0	0.10652472825826148
4.0	0.10471347707292386
4.0	0.10471347707292386
4.0	0.10350983390135311
4.0	0.09999999999999998
