True Label: 0.0
1.0	0.304388890318964
3.0	0.26549712202679576
0.0	0.2439191823242297
0.0	0.24107493398402913
3.0	0.18830046126314018
3.0	0.18731716231633883
4.0	0.17499145570392288
4.0	0.1741430863868585
1.0	0.15061880828219448
4.0	0.14567913668701626
0.0	0.1419620765529085
4.0	0.14107202341170869
4.0	0.13904693239779645
4.0	0.1375634899921818
1.0	0.1216660658480719
3.0	0.11699897780286982
3.0	0.11299144295167773
3.0	0.101261766554299
0.0	0.09733285267845752
4.0	0.09640282169286402
4.0	0.09365858115816941
3.0	0.09269795493186431
0.0	0.092384255369158
0.0	0.09037128496931669
1.0	0.08899956015202103
4.0	0.08849904067559859
0.0	0.088121024316907
4.0	0.08658738891102187
2.0	0.08471737420873578
4.0	0.0823554489238228
4.0	0.08111071056538127
4.0	0.08090869104729184
2.0	0.07894736842105264
0.0	0.07798989061877763
0.0	0.07520363245386952
4.0	0.07300534327409847
0.0	0.07175473098524099
0.0	0.07079923254047887
1.0	0.07038153430777869
2.0	0.06786208925382961
0.0	0.06667259338283313
4.0	0.06496983156298607
4.0	0.06390214842634574
4.0	0.06388079534371582
3.0	0.06257827179021987
1.0	0.060508902081605184
4.0	0.06020908788739461
4.0	0.05988173899253455
0.0	0.05807539495346257
1.0	0.05793622183241519
