True Label: 0.0
4.0	0.3254818219536806
4.0	0.27136021011998723
3.0	0.26382242650554316
4.0	0.2628748639622931
4.0	0.25594534844449573
3.0	0.2514778453847726
4.0	0.23028309323591917
4.0	0.22934123614693147
4.0	0.21320071635561044
4.0	0.20906050250177272
4.0	0.20906050250177272
4.0	0.20728904939721252
4.0	0.20499759443009796
4.0	0.19543398999264294
4.0	0.1926686588971131
2.0	0.17231390574018382
4.0	0.16825911127379034
3.0	0.1680534992483812
3.0	0.1648085632718039
4.0	0.1599005372667078
4.0	0.15691147861521196
4.0	0.1556997888323046
4.0	0.1556997888323046
4.0	0.15075567228888181
3.0	0.14803913136594804
2.0	0.14782809899727067
3.0	0.14652356753831733
4.0	0.14506471329641488
4.0	0.14448012295417578
4.0	0.14301938838683886
4.0	0.1421338109037403
4.0	0.1421338109037403
4.0	0.1421338109037403
4.0	0.1421338109037403
4.0	0.14126448280440335
4.0	0.14101901870444156
4.0	0.13819269959814168
4.0	0.13636363636363635
4.0	0.13623731522826651
4.0	0.13623731522826651
4.0	0.13623731522826651
4.0	0.13512131773753477
4.0	0.13483997249264842
4.0	0.13483997249264842
4.0	0.1332504477222565
4.0	0.1305582419667734
4.0	0.1305582419667734
4.0	0.12856486930664499
4.0	0.12820564851709268
3.0	0.12626238109224014
