True Label: 0.0
2.0	0.10936965981495178
0.0	0.09037128496931669
4.0	0.08225801946547077
1.0	0.07826382855607106
1.0	0.07530940414109724
1.0	0.07530940414109724
4.0	0.07191443456803426
2.0	0.07098727864204515
0.0	0.06408218710822117
2.0	0.06282808624375433
0.0	0.06236780102494316
0.0	0.06184633699941168
4.0	0.05813675302124016
4.0	0.053099424405359155
4.0	0.05178671543366414
0.0	0.051298917604257706
4.0	0.051298917604257706
0.0	0.051298917604257706
3.0	0.050477456005372
0.0	0.04978534092841616
4.0	0.04966996338993915
2.0	0.04928640580901443
4.0	0.04772135722318334
2.0	0.046829290579084706
4.0	0.046829290579084706
0.0	0.046829290579084706
4.0	0.04670781361550399
4.0	0.04565543744410528
4.0	0.04559020071231776
3.0	0.04518564248465835
0.0	0.04480107683171243
4.0	0.044451065402390216
1.0	0.04370374100610488
4.0	0.043355498476206004
2.0	0.043355498476206004
3.0	0.04188539082916955
3.0	0.04188539082916955
0.0	0.04139163615828263
0.0	0.041121459410043276
3.0	0.0405906054895043
3.0	0.040555355282690636
4.0	0.040555355282690636
4.0	0.04035408676845633
4.0	0.04035001039218769
4.0	0.04000355602969988
3.0	0.039344473768231684
0.0	0.039344473768231684
2.0	0.03905832834322535
3.0	0.03896432500995983
0.0	0.0385430766884431
