True Label: 0.0
3.0	0.20935894733965593
4.0	0.18540496217739155
0.0	0.16685595311797863
4.0	0.15386436372416593
2.0	0.15228622596829314
2.0	0.15228622596829314
4.0	0.13762047064079505
4.0	0.1305582419667734
2.0	0.1256297269074015
2.0	0.11918282365569903
4.0	0.11826247919781652
4.0	0.11487593716012254
4.0	0.11396057645963795
3.0	0.11306675421666135
4.0	0.10660035817780521
4.0	0.10453025125088636
4.0	0.1011299793694863
4.0	0.09642365197998373
4.0	0.0927837023781507
4.0	0.08528028654224418
0.0	0.08324089477650336
4.0	0.08206099398622181
4.0	0.08058229640253801
4.0	0.0799502686333539
4.0	0.0799502686333539
4.0	0.07858682668274143
4.0	0.07756315349925286
4.0	0.07756315349925286
4.0	0.07756315349925286
3.0	0.07590680990538862
2.0	0.07537783614444091
4.0	0.07537783614444091
4.0	0.0746351792533165
4.0	0.0746351792533165
4.0	0.0711768311253845
4.0	0.07106690545187014
4.0	0.07106690545187014
4.0	0.06998656386948177
4.0	0.06978631577988531
4.0	0.06978631577988531
2.0	0.06849877452507416
4.0	0.06827887419989188
4.0	0.0674199862463242
4.0	0.0674199862463242
4.0	0.06668313367115805
4.0	0.0652791209833867
4.0	0.0650256088762355
4.0	0.0650256088762355
0.0	0.06428243465332249
4.0	0.06428243465332249
