True Label: 0.0
0.0	0.20800747142295253
0.0	0.15430334996209188
4.0	0.14638501094227996
1.0	0.13961796943056515
4.0	0.1378123654176776
0.0	0.13043729868748774
3.0	0.11547005383792515
4.0	0.11486707293408517
4.0	0.10741723110591493
1.0	0.10038280982155684
3.0	0.09914601339836673
4.0	0.09682458365518541
1.0	0.09673016668133488
4.0	0.09428090415820632
3.0	0.09296222517045283
0.0	0.08981462390204985
4.0	0.08964214570007953
3.0	0.08885233166386385
2.0	0.08856148855400953
3.0	0.08606629658238704
4.0	0.08606629658238704
4.0	0.08553989227683015
0.0	0.08451542547285165
0.0	0.0837707816583391
4.0	0.0837707816583391
3.0	0.08341919974800728
3.0	0.08333333333333331
3.0	0.08333333333333331
4.0	0.0819782294729941
0.0	0.0805629233294362
4.0	0.07989354619369612
3.0	0.0790569415042095
4.0	0.0790569415042095
0.0	0.07824607964359515
2.0	0.07813453848974922
3.0	0.07688517444384894
3.0	0.0761386987626881
0.0	0.07496176395367088
4.0	0.07428336299615156
4.0	0.07428336299615156
3.0	0.07302967433402215
0.0	0.07246982592694769
4.0	0.0719194952228076
4.0	0.0719194952228076
2.0	0.07189420262655409
3.0	0.07161148740394328
2.0	0.07144345083117602
1.0	0.07128324356402513
4.0	0.07071067811865474
0.0	0.06960575579871306
