True Label: 0.0
4.0	0.36196138299651337
4.0	0.25584085962673253
4.0	0.23836564731139806
4.0	0.23836564731139806
4.0	0.23652495839563303
4.0	0.19145989526687088
3.0	0.18958341047503618
4.0	0.18860838403857944
3.0	0.18635431386890552
4.0	0.1818181818181818
4.0	0.18095149164464647
4.0	0.18093671611393647
4.0	0.18018749253911176
4.0	0.17782168978975482
4.0	0.17764340175426427
4.0	0.17743410439059956
4.0	0.17588161767036212
0.0	0.1712373798553933
4.0	0.1709408646894569
4.0	0.16453629542860437
4.0	0.16070608663330624
4.0	0.16001893827313252
4.0	0.15974461276617433
4.0	0.1594941820042864
4.0	0.15891043154093204
4.0	0.15512630699850571
4.0	0.15512630699850571
3.0	0.15391108333597714
4.0	0.1531679162134967
4.0	0.15266002995467645
4.0	0.15228622596829314
4.0	0.15228622596829314
3.0	0.15075567228888181
2.0	0.14821323581755813
4.0	0.14782809899727065
4.0	0.14673479641335552
4.0	0.1446354779699756
4.0	0.1446354779699756
4.0	0.1446354779699756
4.0	0.14301938838683884
4.0	0.14245072057454744
4.0	0.14245072057454744
4.0	0.14126448280440332
4.0	0.14111583918869658
4.0	0.14019992744655632
4.0	0.13957263155977062
4.0	0.13655774839978377
4.0	0.13445162368886399
3.0	0.1333662673423161
2.0	0.1317841678479201
