True Label: 0.0
2.0	0.29994235650280104
3.0	0.15384991568772632
3.0	0.14876789971477894
1.0	0.14580296087995107
4.0	0.11253341151838539
4.0	0.10379206146325462
1.0	0.10298156932145433
0.0	0.09813067629253164
0.0	0.09622504486493762
3.0	0.09589940926145842
1.0	0.09483310472302574
4.0	0.08930431353897005
3.0	0.08655134170983747
3.0	0.08641264122753543
3.0	0.08554415042912276
4.0	0.08296168474833375
2.0	0.0802572353905128
4.0	0.07893370379638584
2.0	0.0788258534102745
2.0	0.0782061887005775
0.0	0.07660323462854264
3.0	0.07423923386456233
4.0	0.07273311957265222
4.0	0.07009651926150554
3.0	0.06944444444444446
4.0	0.06830324819638449
4.0	0.06612433730132268
4.0	0.06612433730132268
3.0	0.06527912098338669
4.0	0.06520900375479165
2.0	0.06341828617898014
0.0	0.06272038856655487
4.0	0.06237126659864574
3.0	0.060192926542884606
4.0	0.059391387091649865
3.0	0.059252318582953635
4.0	0.05868356996924398
4.0	0.058484993945996364
4.0	0.05775860667363934
0.0	0.057736874528509716
4.0	0.057150633268244266
2.0	0.057096679975262396
2.0	0.05706917391676328
1.0	0.05702943361941517
4.0	0.056613851707229795
3.0	0.0557454896328746
4.0	0.055745489632874595
3.0	0.055555555555555566
4.0	0.05555555555555555
4.0	0.05427824560657747
