True Label: 0.0
4.0	0.37966319830099965
3.0	0.3715188083835686
4.0	0.35355339059327384
2.0	0.33264957192955785
4.0	0.323575114464717
4.0	0.30463589792247125
4.0	0.2869984013336701
4.0	0.28306925853614895
3.0	0.27216552697590873
3.0	0.26490647141300877
3.0	0.25197631533948484
2.0	0.2444064509671058
4.0	0.24152294576982403
4.0	0.23721186817902773
4.0	0.22351483525472615
4.0	0.22351483525472615
4.0	0.22222222222222227
3.0	0.21350571320700382
3.0	0.21238172967060992
4.0	0.21081851067789198
2.0	0.21081851067789198
4.0	0.2100420126042015
4.0	0.20881008401605156
2.0	0.20412414523193154
4.0	0.1986798535597566
4.0	0.19867985355975656
4.0	0.19802950859533486
4.0	0.1954339899926429
4.0	0.19444444444444448
3.0	0.194074169913194
2.0	0.19364916731037085
4.0	0.19364916731037085
0.0	0.19094065395649334
3.0	0.18646236060001442
3.0	0.18646236060001442
4.0	0.18510526570268865
4.0	0.18490006540840973
4.0	0.18463723646899913
4.0	0.1835970184086314
4.0	0.18294793072126087
4.0	0.18294793072126087
4.0	0.1825741858350554
4.0	0.17503501050350123
4.0	0.17407765595569785
3.0	0.17376201171422898
4.0	0.17320508075688776
4.0	0.17273555112213854
4.0	0.1721325931647741
4.0	0.1721325931647741
4.0	0.17078251276599335
