True Label: 0.0
0.0	0.18997427605839104
4.0	0.1789877461512693
0.0	0.17870700623185173
3.0	0.1771519258664224
4.0	0.17612003667322745
4.0	0.16519820926111736
4.0	0.15730018676564456
4.0	0.1560797945143416
4.0	0.15511334686589623
4.0	0.15511334686589623
3.0	0.1524102722799097
4.0	0.15018785229652767
0.0	0.14347900515612116
4.0	0.13857775097306002
3.0	0.13747981679478224
4.0	0.12890355289996744
4.0	0.11875285785637182
3.0	0.1116363001361353
0.0	0.10764379752659722
4.0	0.10676687797445754
0.0	0.10664042597030368
1.0	0.10566112966540277
3.0	0.10533190493018846
4.0	0.104538133972906
4.0	0.10439463514841467
2.0	0.10409569305544537
4.0	0.10203255357771537
3.0	0.10144505138927455
0.0	0.10010235171130138
4.0	0.09946433500242823
4.0	0.09729682348874318
4.0	0.09661096741648476
4.0	0.09635046763335176
0.0	0.09586261402960038
4.0	0.09336237027903067
0.0	0.09197090092274487
0.0	0.09150522248280037
0.0	0.09012760973486354
4.0	0.0892248797618103
4.0	0.0888477425394818
4.0	0.08884584206580794
2.0	0.08864690885001836
4.0	0.08794100160729891
4.0	0.08780174419355288
3.0	0.08539156416744756
4.0	0.08538708719341415
0.0	0.08538708719341415
3.0	0.0853669006432861
4.0	0.08529620784047569
4.0	0.08524369987613417
