True Label: 0.0
1.0	0.17379741270026067
0.0	0.1726087561578785
4.0	0.16309808466586867
2.0	0.15380479179302126
4.0	0.1508271035519703
2.0	0.14228547426992216
3.0	0.13912166872805048
0.0	0.13889649903047366
1.0	0.12712834523274563
0.0	0.12388962610235899
2.0	0.12217703363167665
2.0	0.11986582537134602
4.0	0.11973018608653985
4.0	0.11677484162422845
3.0	0.11317011081982144
3.0	0.11317011081982144
1.0	0.11065666703449761
4.0	0.10828114425674668
3.0	0.1075828707279838
0.0	0.10614897848685505
1.0	0.10350983390135313
4.0	0.10199214313011552
4.0	0.10181852527811437
4.0	0.10079052613579392
4.0	0.09925661455450627
0.0	0.09919353522139875
3.0	0.09897433186107871
2.0	0.09837387536759293
1.0	0.09662188326228187
2.0	0.09517337345336012
4.0	0.09447390518754019
2.0	0.09410325013912636
4.0	0.09396128339962563
3.0	0.09290291911965079
3.0	0.09288035617599817
3.0	0.09271726499455306
3.0	0.09097816785925636
0.0	0.09081532183729997
4.0	0.08951435925492911
4.0	0.0884325749954185
4.0	0.08735098257684491
4.0	0.08695819912499181
2.0	0.08655838919516214
3.0	0.08633864172412449
4.0	0.08562612779860097
3.0	0.0856230337388624
0.0	0.08531131448088852
3.0	0.0851433857399722
1.0	0.08501879755603083
4.0	0.0848714265309258
