True Label: 0.0
3.0	0.495329464517738
3.0	0.39651805244690463
4.0	0.36407912084850014
3.0	0.3530701518728361
4.0	0.3103859928837012
4.0	0.3068981044392877
4.0	0.28496650282057245
3.0	0.2770649015137331
4.0	0.2699008633771315
4.0	0.2469147563030804
3.0	0.24205795716738782
4.0	0.2361531085880084
4.0	0.2361531085880084
3.0	0.23128899185572466
4.0	0.20881008401605156
2.0	0.20424052634638565
3.0	0.2019497186620218
3.0	0.2019497186620218
4.0	0.20166768818858946
2.0	0.19672236884115846
4.0	0.1942503557913544
4.0	0.19364636573391025
4.0	0.19293020981649495
3.0	0.19066008548216276
4.0	0.19030518668665122
4.0	0.1817243401697019
3.0	0.1813151718525568
4.0	0.1739905862693208
4.0	0.1738006825806527
0.0	0.17377142580968996
4.0	0.17374049186626556
4.0	0.17244669790962563
4.0	0.1692923064011895
2.0	0.16761854083662145
3.0	0.16532924602378382
2.0	0.1648807942724051
2.0	0.1648807942724051
3.0	0.16437147553438763
0.0	0.163640147622596
4.0	0.16242873293564727
3.0	0.16123319876695755
4.0	0.16062314155080887
4.0	0.15956291120811378
4.0	0.15810155656873168
4.0	0.15737789507292677
3.0	0.15673157655131484
4.0	0.15592095423895624
4.0	0.15582174321212314
4.0	0.1541023597886448
3.0	0.15332991201818597
