True Label: 0.0
4.0	0.22672515407888352
4.0	0.21264228508244126
4.0	0.21113802756550554
4.0	0.15561248869152916
4.0	0.142769759542091
0.0	0.13797515567074886
0.0	0.13461849621052208
4.0	0.12887411217117653
4.0	0.12822812257859
4.0	0.12660316030322383
4.0	0.12053691543283652
1.0	0.11813325616896286
4.0	0.11368970715065684
0.0	0.11104881163264388
4.0	0.10753969688201455
4.0	0.10744626532929136
4.0	0.10494034848224373
4.0	0.10458168627552697
4.0	0.10335955227086849
4.0	0.10309928973694121
3.0	0.1030234227554451
0.0	0.10178760001918793
4.0	0.09985828996187066
4.0	0.09969262303956782
4.0	0.09908536744709227
0.0	0.09794357576125864
3.0	0.09774210558670864
4.0	0.0966555841283824
4.0	0.0966555841283824
3.0	0.09299624922692025
3.0	0.09186577633575198
4.0	0.09076052661622944
4.0	0.09040975011228512
4.0	0.08984291223532198
4.0	0.08948568254131321
3.0	0.08886099300147413
4.0	0.08767770460435939
4.0	0.08704555717713053
1.0	0.08704555717713053
4.0	0.08578379437164455
4.0	0.08466149154514108
0.0	0.08436791059209228
4.0	0.08288289035728467
4.0	0.08286490166681622
4.0	0.08201498277207124
3.0	0.08201498277207123
3.0	0.0804647534708944
4.0	0.08037122922066275
3.0	0.07896373068347037
4.0	0.0789189539683964
