True Label: 0.0
4.0	0.2988938265727628
1.0	0.24512454633080358
0.0	0.24370506432794742
3.0	0.2421597494795645
0.0	0.22076637542634756
3.0	0.2154492828243935
4.0	0.20923932356840386
4.0	0.18099176941674847
4.0	0.1702732104691323
0.0	0.16671805465748685
0.0	0.16316476073918046
4.0	0.16005185991345133
0.0	0.14748135604316145
0.0	0.13306235267184327
3.0	0.13236725501863394
3.0	0.12755391544216985
3.0	0.12516277011926502
4.0	0.12216944435630524
4.0	0.1169683377662562
0.0	0.1147926672786139
3.0	0.11401543113259058
4.0	0.11253423018113388
0.0	0.10955149842654348
4.0	0.10898821805964996
1.0	0.10730265269346002
2.0	0.10692146977400979
3.0	0.10526613340553966
0.0	0.10518129836147938
4.0	0.10228250163583388
1.0	0.10180787029692104
2.0	0.1007846496511587
1.0	0.09757955290278332
2.0	0.09599155311497251
4.0	0.09582819520231771
4.0	0.09561271382392678
0.0	0.09555162805530652
1.0	0.09550424786294759
3.0	0.094825764525326
3.0	0.09437429809259922
3.0	0.09437429809259922
4.0	0.09419155177932714
4.0	0.09279435431577583
0.0	0.09208868358546966
3.0	0.09153068635333618
4.0	0.08977192249685899
4.0	0.08461832155109786
1.0	0.08375979188320856
0.0	0.08335477507647301
2.0	0.08324187272528583
2.0	0.08294166753263296
