True Label: 0.0
4.0	0.3254818219536806
4.0	0.30120724833843715
4.0	0.25505639266809255
3.0	0.254000254000381
4.0	0.254000254000381
4.0	0.25335476311189653
4.0	0.24231575768533273
4.0	0.24082334178648615
4.0	0.23613633490760053
4.0	0.23308661869922598
4.0	0.22145197325905974
4.0	0.21997067253202995
4.0	0.2168940081069281
4.0	0.2095395190312374
3.0	0.20555810840030325
4.0	0.20395079136182273
4.0	0.2039507913618227
4.0	0.20080483222562473
4.0	0.19399589841579268
4.0	0.1920061442949277
4.0	0.1920061442949277
4.0	0.18953562637585883
4.0	0.18481233109010925
4.0	0.18481233109010925
4.0	0.17780017780026672
4.0	0.1743474184853513
4.0	0.17195898485719865
4.0	0.1667593364912675
4.0	0.1646381935245437
4.0	0.16391430533712958
4.0	0.1627409109768403
2.0	0.16129032258064513
4.0	0.16035945623472073
4.0	0.15850573957717806
4.0	0.1567723603339241
4.0	0.15401027590842437
4.0	0.15316791621349674
4.0	0.1523049915090267
4.0	0.15060362416921858
4.0	0.14967108502231244
4.0	0.1466471150213533
4.0	0.14567913668701624
4.0	0.14567913668701624
4.0	0.145143002285932
4.0	0.1437256405682106
4.0	0.1437256405682106
4.0	0.14287514287521433
4.0	0.14199045856176618
4.0	0.14199045856176618
0.0	0.14199045856176618
