True Label: 0.0
3.0	0.365958469852297
2.0	0.3606497548653875
4.0	0.33013632401062826
4.0	0.31772095203873213
4.0	0.30523056784778
4.0	0.293547632874049
4.0	0.28301965507089
4.0	0.280717307022173
2.0	0.2700894819638062
4.0	0.2652226061808326
4.0	0.2638796982801255
4.0	0.2619812585311231
4.0	0.25264557631995566
2.0	0.23968063858108835
0.0	0.22775944934949197
3.0	0.2228124549277306
3.0	0.2160971607129433
0.0	0.20944992140524082
4.0	0.20290363083712967
3.0	0.20227834851568371
4.0	0.19849711139180454
4.0	0.1979097737100941
3.0	0.19320783582318124
4.0	0.18960514247076027
4.0	0.18909389514744548
4.0	0.18659112407133688
0.0	0.18417958527119777
3.0	0.18248971940174205
0.0	0.1823312393723682
4.0	0.18225937916824708
4.0	0.18224227560060588
2.0	0.18032487743269374
4.0	0.1771217753903005
4.0	0.1771217753903005
4.0	0.17688728441930623
4.0	0.17503798979747345
4.0	0.17310268341967489
4.0	0.17310268341967489
2.0	0.17258978545253825
3.0	0.16984024866326292
4.0	0.1684303842133038
0.0	0.1684303842133038
4.0	0.16539535392599136
4.0	0.15733563111492135
4.0	0.15718875511867383
4.0	0.15588675511104766
4.0	0.15587036975612972
4.0	0.15471318693881903
2.0	0.154713186938819
3.0	0.154713186938819
