True Label: 0.0
4.0	0.1577491446148857
4.0	0.13607156464306125
4.0	0.13607156464306125
4.0	0.1245338703466795
4.0	0.10942844490912645
2.0	0.10263160115815709
4.0	0.10233961877089325
2.0	0.1018266349953196
2.0	0.10005560189476051
1.0	0.09962709627734359
0.0	0.09874025978425861
0.0	0.09874025978425861
2.0	0.09677419354838712
4.0	0.09541531670172416
3.0	0.09391405240198714
3.0	0.09391405240198714
4.0	0.09385270759790347
3.0	0.09379580992210838
4.0	0.0936257357841423
1.0	0.09123958466923195
4.0	0.09123958466923193
2.0	0.09017605242029351
4.0	0.08980265101338746
0.0	0.08848518130026098
4.0	0.08712136837380642
4.0	0.08466675133346034
0.0	0.08466675133346034
0.0	0.084084842366885
0.0	0.08164293878583676
4.0	0.08064516129032259
3.0	0.08064516129032259
1.0	0.07992658053300054
4.0	0.07979901599860205
0.0	0.07944407119985641
0.0	0.07887457230744285
4.0	0.07838618016696206
4.0	0.07816317493509031
4.0	0.07777137710478191
1.0	0.07777137710478191
4.0	0.07658395810674835
3.0	0.07621267437763282
4.0	0.0747203222080077
4.0	0.07357423707102437
4.0	0.07332355751067667
4.0	0.07332355751067667
0.0	0.07143757143760716
3.0	0.07078814504020879
0.0	0.07074999459548673
0.0	0.0701240891816518
4.0	0.06956083436402524
