True Label: 0.0
1.0	0.20412414523193148
3.0	0.14744195615489714
1.0	0.13638618139749523
4.0	0.12141073279465803
4.0	0.1178511301977579
4.0	0.11306675421666135
4.0	0.10206207261596575
4.0	0.09805806756909201
4.0	0.0944911182523068
4.0	0.0944911182523068
4.0	0.08111071056538126
0.0	0.07905694150420947
4.0	0.0753778361444409
4.0	0.0753778361444409
2.0	0.0753778361444409
4.0	0.07216878364870323
3.0	0.07216878364870323
3.0	0.07071067811865475
4.0	0.07071067811865475
4.0	0.06933752452815364
0.0	0.06900655593423542
4.0	0.06846531968814575
4.0	0.06804138174397717
4.0	0.06681531047810609
4.0	0.06565321642986127
4.0	0.06454972243679027
3.0	0.06350006350009525
3.0	0.06154574548966637
2.0	0.06063390625908323
0.0	0.05892556509887895
4.0	0.057353933467640436
4.0	0.05685735326841775
4.0	0.05590169943749474
1.0	0.054992668133007475
0.0	0.054699371811710445
3.0	0.053916386601719206
3.0	0.052128603514268686
4.0	0.05103103630798288
4.0	0.05103103630798288
0.0	0.05089865985592875
4.0	0.049029033784546004
4.0	0.04811252243246881
4.0	0.0472455591261534
3.0	0.0472455591261534
4.0	0.0472455591261534
4.0	0.04564354645876383
4.0	0.044194173824159216
4.0	0.044194173824159216
4.0	0.044194173824159216
4.0	0.044194173824159216
