True Label: 0.0
3.0	0.3038948705590345
4.0	0.29773257907842166
4.0	0.29233558030098483
3.0	0.2643402663188405
4.0	0.24334213774634422
4.0	0.23267002029884434
4.0	0.2086562123829204
4.0	0.1951800145897066
4.0	0.183594161289942
4.0	0.18215302221567486
4.0	0.1711792206472367
4.0	0.1690308509457033
3.0	0.16761634196950514
4.0	0.16408253082847338
0.0	0.16398401233815754
4.0	0.16398401233815754
4.0	0.16257981807217028
4.0	0.1560469459830898
4.0	0.15289415743128765
4.0	0.15118578920369088
4.0	0.15118578920369088
0.0	0.1469936830518334
4.0	0.14699368305183338
3.0	0.14683891904232704
4.0	0.14414999403128942
4.0	0.14365857370947505
4.0	0.1406421692815486
3.0	0.13979077993373543
2.0	0.13944333775567924
4.0	0.1389425035941821
4.0	0.13533299049019168
4.0	0.13007834065385346
4.0	0.13007834065385346
4.0	0.12880163722232754
3.0	0.1273476751588884
1.0	0.12555296411486888
3.0	0.12435800728709029
2.0	0.12344267996967351
4.0	0.12298800925361816
4.0	0.12255621853773757
4.0	0.12198750911856666
3.0	0.12142857142857141
3.0	0.1195793862905521
3.0	0.1195793862905521
4.0	0.11952286093343936
4.0	0.11720180773462385
4.0	0.11646202337777575
4.0	0.11633501014942217
4.0	0.11633501014942217
3.0	0.11428571428571427
