True Label: 0.0
1.0	0.1694347484174715
2.0	0.15012845429052785
4.0	0.14673479641335552
4.0	0.14509525002200233
3.0	0.13157894736842102
4.0	0.12789252903223972
4.0	0.12361284651454937
4.0	0.12284561509641301
4.0	0.11803342130469505
4.0	0.11561466260321597
2.0	0.10702333716987925
4.0	0.10495671428119793
4.0	0.10471347707292386
4.0	0.10012523486435176
4.0	0.10012523486435176
4.0	0.09969957599734129
4.0	0.09782319760890368
4.0	0.09511073878158526
3.0	0.09415023063157009
2.0	0.09116056881941459
4.0	0.09042001578168488
2.0	0.09037128496931668
2.0	0.08984039432233477
2.0	0.08977310580745097
4.0	0.08955473256792901
4.0	0.08830215713766958
4.0	0.08791283368205803
2.0	0.08696490963926849
4.0	0.08671099695241198
4.0	0.08671099695241198
0.0	0.08671099695241198
4.0	0.08603090020146065
4.0	0.08524635983116866
4.0	0.08524635983116866
4.0	0.08346223261119858
4.0	0.08240856434303291
4.0	0.08175191193132876
4.0	0.07793695399458439
4.0	0.07733602811121824
3.0	0.07694837640638655
4.0	0.07621312235413488
3.0	0.07509392614826382
2.0	0.07509392614826382
4.0	0.07443229275647868
4.0	0.07391800554171454
3.0	0.07336739820667776
3.0	0.07328416800608242
4.0	0.07283956834350812
2.0	0.07283956834350812
3.0	0.07175473098524097
