True Label: 0.0
0.0	0.17407765595569785
0.0	0.15474611514754325
2.0	0.140028008402801
2.0	0.12909944487358058
0.0	0.12598815766974242
1.0	0.11322770341445959
1.0	0.11111111111111113
2.0	0.10050378152592122
0.0	0.09491579957524991
4.0	0.09449111825230681
2.0	0.09231861823449955
2.0	0.08333333333333336
2.0	0.07930515857181443
4.0	0.07777137710478191
0.0	0.07660642662948694
2.0	0.0751646028002829
3.0	0.07319250547113999
1.0	0.07216878364870323
4.0	0.0700140042014005
4.0	0.0700140042014005
4.0	0.06622661785325219
2.0	0.06215738725670763
0.0	0.06154574548966637
3.0	0.06019292654288461
3.0	0.058925565098878974
0.0	0.05622593342290266
0.0	0.054799662435119106
4.0	0.0545544725589981
2.0	0.0545544725589981
2.0	0.0545544725589981
3.0	0.05413319619607668
4.0	0.052704627669472995
4.0	0.051571062312939675
3.0	0.05103103630798289
4.0	0.050680303379961454
0.0	0.049507377148833714
2.0	0.048795003647426664
4.0	0.04854521462837511
3.0	0.04788317985517962
2.0	0.046829290579084706
0.0	0.04508348173337162
3.0	0.04367853486341327
4.0	0.04351941398892446
3.0	0.04315318520021032
4.0	0.04288751962213879
3.0	0.042562826537937436
1.0	0.04225771273642584
4.0	0.04166666666666668
3.0	0.04159598524738374
2.0	0.04123930494211613
