True Label: 0.0
4.0	0.20602141085758227
3.0	0.1982066350605462
4.0	0.17038855027411945
4.0	0.16635252311073814
4.0	0.1531679162134967
4.0	0.13326686757039838
4.0	0.13068205256070964
4.0	0.1261272635503275
4.0	0.12572371141874245
4.0	0.12361284651454936
4.0	0.11973686801784994
4.0	0.11590491683736663
4.0	0.11404948083653993
3.0	0.11110009213803287
4.0	0.11053942207134546
4.0	0.1018266349953196
2.0	0.10137507341335558
2.0	0.10137507341335558
2.0	0.10092946653787335
4.0	0.09962709627734359
3.0	0.09943840842563345
3.0	0.09943840842563345
4.0	0.09801153942053223
0.0	0.09677419354838711
4.0	0.09572994763343544
3.0	0.09431164778022316
4.0	0.0936257357841423
2.0	0.09123958466923195
4.0	0.09107651110783745
4.0	0.08980265101338746
3.0	0.08980265101338746
0.0	0.08918544334893944
4.0	0.08805874420954338
4.0	0.08743049306486908
4.0	0.08712136837380642
4.0	0.08712136837380642
4.0	0.08681549954767519
4.0	0.08641264122753545
4.0	0.08627959628145762
4.0	0.08554415042912276
4.0	0.08519427513705972
4.0	0.08466675133346034
1.0	0.08457092023163157
4.0	0.084084842366885
2.0	0.08319022257456947
4.0	0.08240856434303291
4.0	0.08240856434303291
4.0	0.08164293878583676
4.0	0.08122955416108235
4.0	0.08077191922844425
