True Label: 0.0
4.0	0.5000000000000001
4.0	0.27216552697590873
4.0	0.2672612419124244
4.0	0.23328473740792172
4.0	0.2286647801900118
4.0	0.21320071635561044
4.0	0.2057377999494559
4.0	0.2057377999494559
4.0	0.19802950859533486
4.0	0.1844661968431555
4.0	0.1767766952966369
4.0	0.16222142113076254
4.0	0.157485197087178
3.0	0.1560976352636157
4.0	0.153190838336343
3.0	0.149071198499986
4.0	0.14359163172354766
4.0	0.1421338109037403
4.0	0.1421338109037403
4.0	0.13888888888888892
4.0	0.13888888888888892
4.0	0.1336306209562122
4.0	0.1336306209562122
4.0	0.13176156917368248
4.0	0.13130643285972257
4.0	0.1307440900921227
4.0	0.12909944487358055
4.0	0.1270001270001905
4.0	0.12598815766974242
4.0	0.12598815766974242
4.0	0.12598815766974242
4.0	0.125
4.0	0.12171612389003691
3.0	0.12171612389003691
4.0	0.12171612389003691
4.0	0.12171612389003691
4.0	0.12028130608117206
4.0	0.12028130608117206
4.0	0.11785113019775793
4.0	0.11551721334727869
4.0	0.11551721334727869
4.0	0.1143323900950059
4.0	0.1143323900950059
4.0	0.11340230290662863
4.0	0.11340230290662863
4.0	0.11322770341445958
4.0	0.11268723396380222
4.0	0.11180339887498951
4.0	0.11111111111111113
4.0	0.11111111111111113
