True Label: 0.0
3.0	0.567007570091496
4.0	0.5613835722137897
4.0	0.45618169934442654
4.0	0.4124588165931639
4.0	0.4121880516208469
4.0	0.4065494486176842
4.0	0.3848799439620671
4.0	0.3828449789964954
4.0	0.3675772505379449
4.0	0.360196978159446
4.0	0.3598083691151699
4.0	0.3551969517774207
3.0	0.34070013950633465
4.0	0.3146266024828463
2.0	0.3038948705590345
4.0	0.30151134457776363
3.0	0.3007960800652654
3.0	0.2982785284802765
4.0	0.29433147307547786
2.0	0.28074176238897997
4.0	0.2780604622217154
3.0	0.2770698048645445
4.0	0.2737980824257344
4.0	0.27285689788835277
3.0	0.26288893416935083
4.0	0.258731808559231
4.0	0.25687040446902815
4.0	0.24931919733558858
4.0	0.2476739710220579
4.0	0.2443578191948293
4.0	0.24415675011949206
4.0	0.24415675011949206
4.0	0.24360848855033748
4.0	0.24360848855033748
3.0	0.243492376778837
4.0	0.24219967151691824
4.0	0.2412090756622109
4.0	0.24063579633341142
4.0	0.2372738098575471
1.0	0.233698773390196
3.0	0.23294844303549062
3.0	0.23294844303549062
4.0	0.23180650062984373
0.0	0.23083389691804124
4.0	0.22873954389323237
4.0	0.22823749054954162
3.0	0.22787963344485923
4.0	0.22167554926073635
0.0	0.22030740690079748
4.0	0.21802331338924286
