True Label: 0.0
4.0	0.28571428571428564
3.0	0.24606989377615834
4.0	0.2291746242570528
4.0	0.22069763898867412
4.0	0.20916500663351886
4.0	0.2019805940217469
4.0	0.19090088708030312
4.0	0.181848241863327
4.0	0.17145691375685113
4.0	0.16824404674701446
4.0	0.1636634176769943
4.0	0.16283473681973237
3.0	0.15724272550828775
4.0	0.1527525231651946
3.0	0.15075567228888181
4.0	0.14547859349066158
4.0	0.14101901870444153
4.0	0.14037248126871926
4.0	0.13782946160499282
4.0	0.13750477455423168
0.0	0.13638618139749525
2.0	0.135241021067072
4.0	0.1336306209562122
4.0	0.13231403100624076
4.0	0.1320042242027628
4.0	0.13122266479195596
4.0	0.1297186304156927
4.0	0.12820564851709268
2.0	0.12777531299998796
4.0	0.12777531299998796
4.0	0.12626906806902632
4.0	0.12459583680683323
0.0	0.12211320467908285
4.0	0.12198750911856662
4.0	0.12104550653376048
4.0	0.12028744272595962
3.0	0.11821656093586509
4.0	0.11821656093586509
4.0	0.11746787347484118
4.0	0.11396057645963795
4.0	0.11396057645963795
3.0	0.11396057645963795
4.0	0.11343565162162875
3.0	0.11308849635690892
4.0	0.1126872339638022
0.0	0.11170415038771861
3.0	0.11135885079684349
0.0	0.11065666703449764
4.0	0.1091089451179962
0.0	0.1048284836721918
