True Label: 0.0
4.0	0.3464101615137754
4.0	0.21496368596018361
4.0	0.18442777839082936
4.0	0.17213259316477406
2.0	0.17002515864504106
4.0	0.16979054399120352
4.0	0.16363360377426453
0.0	0.1632993161855452
4.0	0.15491933384829668
4.0	0.15491933384829665
4.0	0.15491933384829665
4.0	0.1522773975253762
4.0	0.15064871543094188
4.0	0.14907119849998599
4.0	0.14322297480788657
4.0	0.14142135623730948
4.0	0.13801311186847084
4.0	0.1379693190347907
3.0	0.1348399724926484
4.0	0.1333333333333333
4.0	0.12909944487358055
4.0	0.12909944487358055
0.0	0.12598815766974242
4.0	0.12565617248750865
4.0	0.12524485821702988
4.0	0.12524485821702988
4.0	0.12422599874998833
4.0	0.123160624088394
4.0	0.1224744871391589
4.0	0.1224744871391589
3.0	0.11978733415914553
4.0	0.11846977555181845
4.0	0.1161895003862225
4.0	0.11547005383792514
4.0	0.11232462966734652
4.0	0.1118033988749895
4.0	0.1118033988749895
4.0	0.1118033988749895
4.0	0.11123730207865241
3.0	0.1107018606925119
4.0	0.1107018606925119
4.0	0.11065666703449761
4.0	0.11009637651263604
4.0	0.11009637651263604
3.0	0.10799637036049912
3.0	0.10767638041163308
4.0	0.10696110492184387
3.0	0.10540925533894598
2.0	0.10540925533894598
4.0	0.10540925533894598
