True Label: 0.0
4.0	0.19397145798754878
4.0	0.13141977464419202
0.0	0.1288335343031562
2.0	0.12274328238644314
0.0	0.12121508508729953
1.0	0.11808198473867937
0.0	0.11262289639991432
0.0	0.10958087544703807
4.0	0.10894827805230826
2.0	0.10427491826743666
0.0	0.10286889997472792
4.0	0.09694476353091462
1.0	0.09413041578748418
0.0	0.08992602131417099
3.0	0.0879173964527716
4.0	0.08505172717997146
0.0	0.08423311595321151
2.0	0.07856742013183861
0.0	0.07804881763180782
4.0	0.07585068319847657
0.0	0.07578447229853903
4.0	0.07339758434175737
2.0	0.07321427599674671
0.0	0.07267523746672638
2.0	0.07147416898918632
1.0	0.07119017858086085
1.0	0.07055562611121693
4.0	0.07022508096669869
0.0	0.06804138174397717
2.0	0.06796062043154631
3.0	0.06711560552140243
4.0	0.0670025210172808
2.0	0.06672006408545297
4.0	0.06672006408545297
2.0	0.06632365324280728
3.0	0.06237126659864574
0.0	0.06033884900318474
0.0	0.06018518518518518
3.0	0.06011130897782881
0.0	0.05974809532642944
4.0	0.05896919751144687
4.0	0.058025885318565944
3.0	0.05791720216393498
3.0	0.0574062303085118
1.0	0.05636878723867677
4.0	0.055555555555555566
2.0	0.05407380704358751
0.0	0.053586774753706296
0.0	0.053131392755278194
0.0	0.05237828008789241
