True Label: 0.0
4.0	0.49999999999999994
4.0	0.20145574100634506
4.0	0.1620509308880411
4.0	0.16116459280507606
4.0	0.1515228816828316
0.0	0.14245072057454744
4.0	0.13957263155977065
4.0	0.1393195531438382
4.0	0.13801311186847084
4.0	0.1336306209562122
4.0	0.1310356045902398
4.0	0.1310356045902398
4.0	0.1267731382092775
4.0	0.12087344460380704
4.0	0.11664236870396087
3.0	0.11572751247156896
4.0	0.11396057645963795
4.0	0.11227217828476797
4.0	0.11145564251507058
4.0	0.1111873974991652
4.0	0.10714285714285715
4.0	0.1018266349953196
3.0	0.09759000729485331
0.0	0.09723055853282467
4.0	0.09449111825230681
4.0	0.09449111825230681
4.0	0.09197090092274487
3.0	0.09177788727679406
0.0	0.0890870806374748
0.0	0.0885422004151433
3.0	0.08625819491779428
4.0	0.08547043234472845
4.0	0.08547043234472845
4.0	0.08504865111251245
4.0	0.08451542547285167
4.0	0.08247860988423225
4.0	0.08183170883849716
4.0	0.08183170883849716
4.0	0.08151391459392224
4.0	0.08058229640253803
4.0	0.08058229640253803
4.0	0.08058229640253803
3.0	0.08017837257372733
4.0	0.07946148665290116
3.0	0.07895952071365459
4.0	0.07862136275414389
4.0	0.07715167498104597
4.0	0.07715167498104597
4.0	0.07715167498104597
2.0	0.07715167498104596
