True Label: 0.0
2.0	0.19422464901683895
3.0	0.17546560158589908
1.0	0.15085093654628073
0.0	0.145845837799237
0.0	0.14400460822119582
2.0	0.1322875655532295
1.0	0.12604604334137903
0.0	0.12227087189088336
0.0	0.12000384018432983
4.0	0.1181138978153835
4.0	0.11572751247156896
0.0	0.11454053224818186
0.0	0.11396057645963795
0.0	0.11354671788676739
0.0	0.1105579985645564
1.0	0.10564428184106459
4.0	0.10564428184106459
3.0	0.10423368771244418
3.0	0.10072787050317256
0.0	0.09971550440218321
2.0	0.09799919151000505
4.0	0.09723055853282467
4.0	0.0944911182523068
3.0	0.0944911182523068
1.0	0.09269795493186431
4.0	0.09172492321316786
4.0	0.08964214570007953
0.0	0.08964214570007953
0.0	0.08964214570007953
0.0	0.08964214570007951
2.0	0.08908708063747481
1.0	0.0889646241113611
0.0	0.08849904067559859
0.0	0.08849904067559859
4.0	0.08838834764831843
4.0	0.08838834764831843
4.0	0.08690433274862278
1.0	0.08642883444148557
1.0	0.08625819491779427
2.0	0.08543834282516502
4.0	0.08468843573676979
0.0	0.08400268812903089
0.0	0.08347838711296822
3.0	0.08247860988423227
4.0	0.08245437641525487
0.0	0.08235864093362706
0.0	0.08183170883849716
4.0	0.08183170883849715
0.0	0.0811739350746035
4.0	0.08099727777037435
