True Label: 0.0
3.0	0.23814483610392012
4.0	0.19364916731037088
0.0	0.1737934116503431
3.0	0.16081688022566926
1.0	0.1446997700433082
1.0	0.14433756729740646
0.0	0.14433756729740646
4.0	0.13693063937629157
4.0	0.12909944487358058
2.0	0.11834388968572321
4.0	0.10206207261596575
4.0	0.09261982170436857
3.0	0.09028938981432691
4.0	0.08838834764831846
0.0	0.08219949365267866
0.0	0.08006407690254358
1.0	0.0790569415042095
4.0	0.07509968819900306
3.0	0.07277271705343244
3.0	0.06851887098275317
4.0	0.06804138174397718
0.0	0.0668153104781061
3.0	0.06565321642986129
4.0	0.06357187876571513
3.0	0.06316139407998893
3.0	0.059549133417541374
3.0	0.05786375623578448
2.0	0.056237636089402146
3.0	0.047818253479750376
4.0	0.04330127018922194
0.0	0.04166666666666668
4.0	0.040204220056417314
4.0	0.04003203845127179
0.0	0.03937496154790789
0.0	0.038575837490522985
4.0	0.03831670748930858
4.0	0.03777486782596872
2.0	0.036084391824351615
0.0	0.03402069087198859
0.0	0.03402069087198859
4.0	0.032274861218395144
4.0	0.032274861218395144
4.0	0.030850877617114775
4.0	0.030772872744833184
4.0	0.030772872744833184
3.0	0.030772872744833184
4.0	0.029617443887954623
4.0	0.029462782549439487
2.0	0.028867513459481294
4.0	0.027036903521793762
