True Label: 0.0
4.0	0.5
4.0	0.31025261399701143
4.0	0.15512630699850571
4.0	0.15512630699850571
4.0	0.15512630699850571
4.0	0.1533929977694741
4.0	0.14625448482542613
4.0	0.14625448482542613
4.0	0.13750477455423168
4.0	0.1345345587992625
4.0	0.1345345587992625
4.0	0.11764705882352941
4.0	0.11669000700233415
4.0	0.11128297681493143
4.0	0.10585122480499264
3.0	0.10196187234804714
4.0	0.09701425001453319
2.0	0.0955394632947723
4.0	0.09335200560186732
4.0	0.08574929257125442
4.0	0.08574929257125441
4.0	0.08490445135141556
1.0	0.08388269992021519
4.0	0.08084520834544431
4.0	0.07827803638564369
4.0	0.07669649888473705
4.0	0.07669649888473705
4.0	0.07669649888473705
4.0	0.07312724241271307
4.0	0.07312724241271307
4.0	0.07312724241271307
4.0	0.07312724241271307
4.0	0.07276068751089988
4.0	0.07231015260621873
4.0	0.06875238727711584
4.0	0.06792356108113244
4.0	0.06726727939963124
4.0	0.06698164210336599
4.0	0.06662966046527696
4.0	0.06482037235521644
3.0	0.0632152171780217
4.0	0.06262242910851494
4.0	0.06262242910851494
4.0	0.06063390625908324
3.0	0.06063390625908324
4.0	0.05889285592894318
0.0	0.058823529411764705
4.0	0.058823529411764705
4.0	0.058823529411764705
4.0	0.058823529411764705
