True Label: 0.0
4.0	0.10375716957991118
0.0	0.09386740768532978
0.0	0.09386740768532978
0.0	0.09386740768532978
0.0	0.08998425413316952
4.0	0.08998425413316952
4.0	0.08671099695241201
4.0	0.0837707816583391
4.0	0.0837707816583391
4.0	0.08111071056538127
4.0	0.07694837640638656
4.0	0.07664241743562072
2.0	0.07559961486630304
1.0	0.07559556115896929
4.0	0.07443229275647868
3.0	0.07210749380015381
0.0	0.07147628562070824
0.0	0.07079923254047887
4.0	0.07024393586862707
1.0	0.06738249250744541
0.0	0.06620507023014946
4.0	0.06578947368421054
4.0	0.06577517006980424
0.0	0.06431935948527974
4.0	0.06393660631422403
1.0	0.061806423257274694
4.0	0.06131393394849658
3.0	0.060833032924035954
3.0	0.060833032924035954
4.0	0.060833032924035954
4.0	0.05901671065234752
4.0	0.05735393346764045
4.0	0.05691103932244722
2.0	0.055037765424026115
2.0	0.055037765424026115
4.0	0.05484084971070818
4.0	0.054410718758250876
4.0	0.05407380704358751
4.0	0.053099424405359155
4.0	0.053099424405359155
3.0	0.052631578947368425
0.0	0.05161590672342445
3.0	0.05073825686188038
4.0	0.05073825686188038
3.0	0.05006261743217589
4.0	0.049920191489429486
4.0	0.04891159880445185
4.0	0.04889323514741096
3.0	0.04866642633922877
4.0	0.04866642633922876
