True Label: 0.0
4.0	0.43049760200050513
4.0	0.3717611978224573
4.0	0.3445570885444457
4.0	0.3287979746107146
4.0	0.30744849388127005
3.0	0.2906190968595482
1.0	0.28828828828828834
3.0	0.2842643663190523
4.0	0.2790404591875125
3.0	0.26401000024164994
4.0	0.2628748639622931
4.0	0.2577826829373264
0.0	0.25669917392634106
4.0	0.25054430719779697
4.0	0.24288838077706526
4.0	0.24012009007506566
4.0	0.23621543814299706
0.0	0.23321619480693936
4.0	0.2328179636630391
4.0	0.23154046738576295
3.0	0.2243895432564072
4.0	0.22305671869347438
4.0	0.22254591446362376
0.0	0.2222481086714011
2.0	0.22185155946151414
4.0	0.21919864974047637
4.0	0.21850500134340783
3.0	0.21667104374483415
4.0	0.21524880100025257
4.0	0.21402925123634756
3.0	0.21312067103033538
0.0	0.21278168454085816
4.0	0.20795009796401454
4.0	0.20712776531741034
4.0	0.20345964269592334
4.0	0.19932317910802477
3.0	0.19827263883864388
3.0	0.19727878476642877
4.0	0.19556986931984818
2.0	0.19194646967528659
2.0	0.19194646967528659
4.0	0.1919250434911851
4.0	0.18941760231437857
4.0	0.18857857160117852
3.0	0.1823843010350213
4.0	0.1823843010350213
4.0	0.17964253704567432
4.0	0.17964253704567432
4.0	0.1794267501365025
4.0	0.1794267501365025
