True Label: 0.0
4.0	0.3347270676350703
4.0	0.15936381457791915
4.0	0.1473139127471974
4.0	0.13749298523071757
4.0	0.1336306209562122
3.0	0.13300397918683549
4.0	0.1307440900921227
3.0	0.1301448015738384
4.0	0.12950478164763524
4.0	0.12858612496840993
4.0	0.12472191289246473
4.0	0.12171612389003691
4.0	0.12171612389003691
4.0	0.1143323900950059
4.0	0.11340230290662863
4.0	0.11180339887498951
4.0	0.10814761408717502
2.0	0.10783277320343843
4.0	0.10425720702853739
0.0	0.10286889997472795
4.0	0.10206207261596578
4.0	0.10206207261596578
4.0	0.10050378152592121
4.0	0.09805806756909202
4.0	0.09805806756909202
4.0	0.09622504486493764
3.0	0.09622504486493764
3.0	0.09622504486493764
0.0	0.09345386270319955
4.0	0.09245003270420488
1.0	0.09092412093166351
4.0	0.0907218423253029
3.0	0.08964214570007951
4.0	0.0888336318148377
4.0	0.0888336318148377
3.0	0.08882529023711004
4.0	0.08838834764831845
0.0	0.08753762190648172
4.0	0.08688100585711449
4.0	0.08574929257125442
4.0	0.08574929257125442
4.0	0.08466675133346034
4.0	0.08451542547285167
4.0	0.08399210511316162
4.0	0.08346276649443068
4.0	0.08333333333333334
4.0	0.08333333333333334
0.0	0.08333333333333333
4.0	0.0827605888602368
4.0	0.0825122952480562
