True Label: 0.0
0.0	0.20800149346760838
2.0	0.18440023878385542
0.0	0.18134471605279395
2.0	0.17378533390904768
4.0	0.17164053254838307
4.0	0.1548500508242836
0.0	0.15326425834455354
4.0	0.15270753925692968
1.0	0.15126071783182637
4.0	0.14715801365994324
2.0	0.14296961307462508
0.0	0.13988640287297763
1.0	0.1396762053043906
0.0	0.13924265162948934
0.0	0.13378001241813023
4.0	0.12978567571679842
0.0	0.12892961827237892
3.0	0.12853167842722096
0.0	0.12811624791290985
4.0	0.11312461683028882
4.0	0.11229259347429237
2.0	0.11139917353487076
2.0	0.11139917353487076
4.0	0.10791986579568684
3.0	0.10749998130153031
2.0	0.10726263678578712
0.0	0.1050042230808506
4.0	0.10479649938962518
2.0	0.1043137860937205
4.0	0.10404255794852811
4.0	0.10362555203016796
0.0	0.10269273932521662
1.0	0.1021919001097662
2.0	0.10067698613065251
4.0	0.10047426685363914
4.0	0.0988404300511017
4.0	0.0984783558817937
4.0	0.09834798069081699
4.0	0.09776188826972933
0.0	0.0960894454539343
3.0	0.09570897886094683
2.0	0.09518614754555287
4.0	0.09518614754555285
4.0	0.09518614754555285
4.0	0.09450315866073836
4.0	0.09363830215367532
3.0	0.09308088424877989
4.0	0.0928692178282062
0.0	0.0927122163825457
3.0	0.09244932762195009
