True Label: 0.0
4.0	0.36842105263157887
4.0	0.2798845714165278
4.0	0.2503130871608794
4.0	0.23308661869922598
4.0	0.21369911937178465
4.0	0.20751433915982237
3.0	0.20602141085758227
4.0	0.1986798535597566
4.0	0.19564639521780736
4.0	0.18857857160117852
4.0	0.17292861596651865
3.0	0.15789473684210523
0.0	0.15672078199387574
1.0	0.15086285728094284
4.0	0.146943671674129
4.0	0.14673479641335552
4.0	0.14509525002200233
4.0	0.1442149876003076
4.0	0.14350946197048195
4.0	0.14301288794875686
4.0	0.13977653617040256
4.0	0.1391037210186643
4.0	0.13530201829834765
4.0	0.13518451760896877
4.0	0.13497638119975425
4.0	0.13245323570650439
4.0	0.128920512778062
2.0	0.12824729401064425
4.0	0.1251565435804397
4.0	0.12251987327639927
3.0	0.1222789970111296
3.0	0.12166606584807188
3.0	0.12166606584807188
4.0	0.12105003117656307
4.0	0.12105003117656307
4.0	0.11980845957463077
4.0	0.11946953821789978
3.0	0.11846977555181845
0.0	0.11752320269194037
4.0	0.11712303424679454
0.0	0.11703513527167576
4.0	0.11470786693528087
3.0	0.11333875553312905
4.0	0.11128297681493143
3.0	0.11128297681493143
4.0	0.11128297681493143
4.0	0.11128297681493143
4.0	0.10882143751650175
4.0	0.10838874619051497
4.0	0.10814761408717502
