True Label: 0.0
0.0	0.6579135517268919
0.0	0.5788287614163061
4.0	0.5310441565643051
4.0	0.45542003404264886
3.0	0.4547940268270977
4.0	0.4504830856782309
4.0	0.4283836420813327
4.0	0.4247059928646879
2.0	0.4176314377505037
4.0	0.4057984286223453
4.0	0.3952847075210474
2.0	0.3533731441423066
0.0	0.35214760613688195
4.0	0.35078332599903006
4.0	0.3493335058437492
1.0	0.33734954246999327
2.0	0.3335316870154712
4.0	0.31981453389137005
4.0	0.31928049623077287
4.0	0.3053857783007297
4.0	0.30472470011002206
4.0	0.29990483046161776
0.0	0.29814239699997197
0.0	0.2857315384715077
3.0	0.2723072429589438
3.0	0.26748278209632825
2.0	0.25907892190230697
4.0	0.2484646732989441
4.0	0.2484646732989441
3.0	0.2455654515574077
4.0	0.2409657986707497
1.0	0.23690248934133806
4.0	0.23596995186213474
4.0	0.23500799597021088
4.0	0.23388213848187447
4.0	0.23388213848187447
4.0	0.2328179636630391
4.0	0.22771001702132443
4.0	0.22771001702132443
4.0	0.22739701341354884
4.0	0.22666666666666668
4.0	0.22247460415730488
4.0	0.21960261528947078
4.0	0.21852076045841218
4.0	0.2181236192601177
4.0	0.21744269101781405
4.0	0.2169304578186562
4.0	0.2169304578186562
4.0	0.21532506449997973
4.0	0.21365765541776383
