True Label: 0.0
1.0	0.24722569302909875
0.0	0.23007892341722033
4.0	0.2191164142659107
0.0	0.20526320231631415
0.0	0.19183705034376936
4.0	0.19050019050028574
2.0	0.17960530202677488
1.0	0.16675933649126753
0.0	0.1649780043990225
3.0	0.1624591083221647
4.0	0.16230861351605888
0.0	0.15600499223962877
3.0	0.15554275420956382
0.0	0.14516129032258066
4.0	0.13912166872805048
1.0	0.1379766149454822
0.0	0.13661476666175615
0.0	0.13661476666175615
1.0	0.13360356383293898
0.0	0.13340746919301402
2.0	0.13326686757039838
1.0	0.13175354935754105
2.0	0.13052314094665607
1.0	0.1270001270001905
3.0	0.1270001270001905
2.0	0.1270001270001905
4.0	0.12471164898158099
2.0	0.12443420336765101
1.0	0.12220592918446108
4.0	0.12048289933537483
4.0	0.11879774082787285
4.0	0.11851105113870967
4.0	0.1180470165836768
3.0	0.11757927025044307
3.0	0.11359236684941297
4.0	0.11219854269064289
4.0	0.10998533626601498
4.0	0.10966190635837868
0.0	0.10898088293170863
0.0	0.10625592962581033
4.0	0.10369516947304254
2.0	0.10369516947304253
0.0	0.10182663499531959
0.0	0.10005560189476051
3.0	0.09837387536759294
4.0	0.09677419354838712
4.0	0.09677419354838711
4.0	0.09165444688834581
4.0	0.08980265101338746
3.0	0.08567155772382752
