True Label: 0.0
4.0	0.3267320196065356
4.0	0.31755367441497784
4.0	0.2955402316445243
4.0	0.28504849577373537
3.0	0.26476974548317156
2.0	0.25048971643405976
3.0	0.24986122674478858
4.0	0.23103442669455737
4.0	0.22063893940587662
4.0	0.2155872222545182
4.0	0.21558722225451818
0.0	0.21453196764494611
4.0	0.21305750365969206
3.0	0.20646003475383348
4.0	0.2044676775984827
4.0	0.2037706832433973
4.0	0.20211302086361083
4.0	0.1838243330101368
4.0	0.1838243330101368
4.0	0.17937941173234997
2.0	0.17895849739771974
3.0	0.17135379948128993
3.0	0.16998344732146425
4.0	0.1696019027444905
4.0	0.16888013236829963
3.0	0.16803361008336118
3.0	0.16788768421121283
4.0	0.16692446522239718
4.0	0.16544237978991888
4.0	0.16477051091432693
4.0	0.16169041669088863
4.0	0.16062314155080887
4.0	0.15877683720748892
3.0	0.15846925259494551
3.0	0.15734477334361688
4.0	0.15089863644835708
3.0	0.1506236803305728
4.0	0.15003000900300104
4.0	0.14969623771302396
4.0	0.14852213144650114
2.0	0.14852213144650114
4.0	0.1482421648800425
3.0	0.14643885865826062
3.0	0.14643885865826062
4.0	0.1461518306917447
4.0	0.14456082739572798
4.0	0.14456082739572798
4.0	0.14456082739572795
4.0	0.14213869447194952
4.0	0.14201432049934526
