True Label: 0.0
3.0	0.4808454780982548
3.0	0.4200264251779939
4.0	0.3778956207501608
4.0	0.3310486365432339
4.0	0.2770649015137331
4.0	0.276211078523504
3.0	0.27132504871304997
3.0	0.24842803761781473
4.0	0.24153958130008232
3.0	0.22787963344485923
3.0	0.22181659443799157
4.0	0.22024637446794104
3.0	0.21264461129569634
4.0	0.20296250614016603
3.0	0.2014898808820746
4.0	0.19996254954350437
4.0	0.19762329379097646
4.0	0.18748257418745484
4.0	0.18693292157876873
4.0	0.18693292157876873
2.0	0.18138557990493598
4.0	0.1759564512194093
4.0	0.1750484185245484
4.0	0.1727357628379042
3.0	0.16986833345139798
3.0	0.16986833345139798
4.0	0.1680327868852459
4.0	0.1680327868852459
0.0	0.1649242441768915
4.0	0.15846925259494551
3.0	0.15846925259494551
4.0	0.157422405943842
4.0	0.15441828729643658
4.0	0.1525814708551414
4.0	0.15044642955854767
4.0	0.15030706275739042
4.0	0.149376359921712
4.0	0.1490788646329371
0.0	0.1484627344709418
3.0	0.14628555795184905
3.0	0.14589893505682358
4.0	0.14407870514019794
4.0	0.14331216123856122
4.0	0.142044164845687
1.0	0.14163596269368153
4.0	0.14136614586774995
4.0	0.13969968905677815
4.0	0.13821595010358043
3.0	0.13821407015414944
4.0	0.1377245577379698
