True Label: 0.0
2.0	0.2984036765180458
1.0	0.29584579066572636
4.0	0.2894266191714852
2.0	0.278624180800973
4.0	0.27075897736896515
3.0	0.2696515740478679
0.0	0.26911537256123036
4.0	0.250977807791295
0.0	0.2404767233211203
2.0	0.22573698316994933
1.0	0.21550504342103072
0.0	0.2123383308823278
3.0	0.2086666777771486
0.0	0.19756314926409752
1.0	0.19442398845107403
4.0	0.1940466693038493
4.0	0.1922019270351204
4.0	0.18275107644924726
3.0	0.17097802801349354
4.0	0.1687236389907007
4.0	0.16589166892588336
4.0	0.15792973900100168
4.0	0.1572967515279229
3.0	0.1538574669150128
2.0	0.14320237913291012
1.0	0.13981933469148705
0.0	0.12555446220830951
4.0	0.12533705172102466
0.0	0.1233707397617804
4.0	0.1220716979384735
3.0	0.12028783229077948
2.0	0.11757291198328503
1.0	0.11724207635210986
4.0	0.11567103666619116
4.0	0.11078334900733194
4.0	0.11066242845209635
4.0	0.10850698432092759
4.0	0.09778665141358002
1.0	0.09723368768232334
4.0	0.09598154967887085
4.0	0.094140119453897
4.0	0.09342727959308755
0.0	0.09333796966611385
0.0	0.09139626293104884
2.0	0.09081532183729997
4.0	0.0891788756959721
2.0	0.08743258644206164
0.0	0.08703274432452648
4.0	0.0852024070776249
2.0	0.08392529385529328
