True Label: 0.0
3.0	0.22170583159257273
4.0	0.2094333331822375
3.0	0.17328712959178655
4.0	0.15744857776684074
3.0	0.15282488343602962
4.0	0.14714486185119274
4.0	0.13382992102364114
4.0	0.1293133629074097
4.0	0.12343548277525473
3.0	0.12134004274842085
4.0	0.11755760264309971
4.0	0.11590011139293836
3.0	0.11085291579628637
4.0	0.10995249992067471
4.0	0.10995249992067471
4.0	0.10927167294163062
3.0	0.10633485251477837
4.0	0.10370654891554296
4.0	0.10251804840493314
4.0	0.10165112213575458
4.0	0.09975093361076329
4.0	0.09872782006644115
4.0	0.09658342616078197
4.0	0.09463204468147675
3.0	0.09446450478374563
3.0	0.09428349084638762
4.0	0.0938531668711012
3.0	0.09364290730871376
2.0	0.09309320969276082
4.0	0.09235141930792203
3.0	0.09171425323322076
4.0	0.0916270832672289
4.0	0.0916270832672289
4.0	0.09131877332553244
4.0	0.08889132764189396
1.0	0.08873169028892477
4.0	0.08857924477925555
3.0	0.08824483667908929
3.0	0.08824483667908929
3.0	0.08803245409275814
4.0	0.08776911980822988
3.0	0.08603206963184276
4.0	0.08551861104941366
4.0	0.08506788201182269
4.0	0.08470926844646216
4.0	0.08385789740698305
4.0	0.08380754741901122
4.0	0.08260162055644009
0.0	0.08247081822488048
4.0	0.08195375470622296
