True Label: 0.0
4.0	0.17622684421256032
4.0	0.13689641954834839
2.0	0.1257389226923863
4.0	0.11420804814403215
4.0	0.10531568296778365
3.0	0.10237854491849026
4.0	0.09977306564141071
4.0	0.09829463743659808
4.0	0.097961998115667
4.0	0.09752368720068674
4.0	0.09652341781316805
0.0	0.09607078498925448
4.0	0.09215122259681072
4.0	0.08993875008265757
2.0	0.08984639207226222
1.0	0.08891084489487741
2.0	0.08688100585711449
4.0	0.08565070025694808
4.0	0.08512565307587487
4.0	0.08512565307587487
4.0	0.08512565307587486
4.0	0.08512565307587486
4.0	0.08426316220572806
4.0	0.08263362881372999
4.0	0.08242255917447337
0.0	0.08106643212850931
4.0	0.08075728530872482
4.0	0.08075728530872482
4.0	0.08075728530872482
4.0	0.08043618151097337
4.0	0.07960653158010433
4.0	0.07952427724875442
4.0	0.07944407119985641
2.0	0.0794263298317619
4.0	0.07881104062391008
3.0	0.07819290527140303
3.0	0.07792280807306037
4.0	0.07779698928301775
4.0	0.07765549061944835
0.0	0.07697014137659551
4.0	0.0761386987626881
4.0	0.0761386987626881
4.0	0.0761386987626881
4.0	0.07524115817860577
2.0	0.07490058862731383
4.0	0.07476671794188401
4.0	0.07476671794188401
2.0	0.0744849464413905
2.0	0.07282735743948594
0.0	0.07282735743948594
