True Label: 0.0
4.0	0.44437735565833947
3.0	0.4075194646041728
4.0	0.35231170141429424
2.0	0.33553242866759736
4.0	0.32058857530999874
2.0	0.319824699111688
0.0	0.3152292691466235
1.0	0.30038842824849243
1.0	0.2875744685030437
4.0	0.28079802669569676
4.0	0.25491716884081017
0.0	0.24477703018486327
4.0	0.2366452197202754
4.0	0.23654181576676658
1.0	0.23384445970266834
0.0	0.23229861908754887
4.0	0.2308202955514923
0.0	0.22341905163910986
4.0	0.22119801907589856
2.0	0.21763537965759294
4.0	0.2161314852856271
4.0	0.21202627892307546
4.0	0.21156943183028867
4.0	0.20100228131563322
3.0	0.20085886190292693
2.0	0.193429969812702
0.0	0.18275107644924726
3.0	0.18208997467672744
4.0	0.17407965933030847
4.0	0.16982489337101195
3.0	0.16765811805650357
2.0	0.16750829025547928
4.0	0.1674124169185681
1.0	0.16648542323889376
1.0	0.16581462224987062
0.0	0.16534058624350478
2.0	0.1637742407011972
4.0	0.16331832566862453
2.0	0.16266274675563444
3.0	0.16246884298554584
4.0	0.1591291453082513
2.0	0.15873945736822825
4.0	0.15772701357463265
4.0	0.15589099043310495
4.0	0.15250469677264264
3.0	0.1522592981679378
4.0	0.15074864893589204
4.0	0.1496363511964438
4.0	0.14938299281421247
3.0	0.14735303110360595
