True Label: 0.0
4.0	0.2711630722733202
4.0	0.2637521893583148
4.0	0.2409657986707497
4.0	0.23312620206007845
4.0	0.22677868380553634
4.0	0.17541160386140586
4.0	0.17249209004113944
4.0	0.1632993161855452
4.0	0.15339299776947407
4.0	0.14638501094227996
4.0	0.14638501094227996
4.0	0.14523687548277814
4.0	0.13612752019480107
4.0	0.13483997249264842
4.0	0.13333333333333333
4.0	0.1318760946791574
4.0	0.12938729237669142
4.0	0.12909944487358058
4.0	0.12532010295690074
0.0	0.12403473458920844
4.0	0.12048289933537483
4.0	0.11952286093343936
3.0	0.11918282365569903
4.0	0.11677484162422845
4.0	0.11547005383792514
4.0	0.11547005383792514
4.0	0.11547005383792514
4.0	0.11504474832710555
3.0	0.11464084509670182
0.0	0.1145474487381642
4.0	0.11451966686277365
4.0	0.11415741278435239
4.0	0.11293848786315641
4.0	0.11293848786315641
4.0	0.11246431142310664
4.0	0.11180339887498948
4.0	0.11151927287850408
4.0	0.10846522890932808
3.0	0.10829502018501784
3.0	0.10674579833005682
4.0	0.10606601717798213
3.0	0.10540925533894599
4.0	0.10540925533894599
4.0	0.10540925533894599
4.0	0.10380684981717495
4.0	0.10378476090324956
4.0	0.1025978352085154
4.0	0.1025978352085154
4.0	0.10112997936948631
4.0	0.09882117688026185
