True Label: 0.0
4.0	0.10176802973291377
2.0	0.09033403228420636
0.0	0.08929995329613663
4.0	0.08891084489487741
4.0	0.08703882797784893
4.0	0.0844400661841498
0.0	0.08283153665625823
4.0	0.08058229640253803
4.0	0.0787295821622217
1.0	0.07356123579206247
4.0	0.07150969419341943
4.0	0.06897007348075543
1.0	0.06762316094974827
4.0	0.06668313367115805
0.0	0.06619033923214952
3.0	0.06562179588897106
4.0	0.06154574548966636
4.0	0.06091449038731726
4.0	0.059131239598908265
1.0	0.058155263149904435
4.0	0.05802588531856595
2.0	0.057437968580061276
4.0	0.05698028822981897
4.0	0.05698028822981897
0.0	0.05598925109558543
0.0	0.05598925109558543
4.0	0.05598925109558543
1.0	0.05598925109558543
0.0	0.05504818825631803
4.0	0.05415303610738824
4.0	0.053300179088902604
4.0	0.05070382302224275
4.0	0.050251890762960605
3.0	0.050251890762960605
4.0	0.04999218933057798
0.0	0.04990651285059496
0.0	0.04956815970966097
4.0	0.04914974161848136
4.0	0.04891159880445185
0.0	0.04875786893607558
4.0	0.04828045495852676
4.0	0.04828045495852676
0.0	0.04797390928809167
3.0	0.04767312946227962
3.0	0.045454545454545456
4.0	0.045454545454545456
4.0	0.045454545454545456
4.0	0.045454545454545456
1.0	0.04512753008949019
4.0	0.04511405717380271
