True Label: 0.0
1.0	0.38569460791993504
4.0	0.2847607143234434
1.0	0.26502758259357495
0.0	0.247361569026508
0.0	0.2472066162365221
3.0	0.24618298195866545
0.0	0.23505204602464838
4.0	0.23387383286073218
4.0	0.22934265324629996
0.0	0.22411673409695027
3.0	0.21459658716917718
4.0	0.19671947715233995
4.0	0.1724140770521491
0.0	0.17185255576707395
0.0	0.16701066428067124
0.0	0.1636679843697328
4.0	0.15768330559708868
3.0	0.15691147861521196
0.0	0.1513825177048746
4.0	0.14920941939059815
3.0	0.14818474149146232
2.0	0.13789005066533844
3.0	0.13762047064079508
0.0	0.12903494352312728
3.0	0.1285889248535496
1.0	0.1284457725980754
2.0	0.1253399232298219
4.0	0.12483755678647183
4.0	0.1160517706371319
4.0	0.1152857439776791
4.0	0.11384800053918412
3.0	0.10842271852991385
1.0	0.10834840880751465
4.0	0.10555008273018725
0.0	0.10467947366982797
4.0	0.1032420201695132
3.0	0.1028049523374639
4.0	0.09869275424396536
3.0	0.09847319278346618
2.0	0.09656090991705352
1.0	0.09475587393582686
0.0	0.09373535499483372
4.0	0.0909090909090909
3.0	0.09074425108007847
4.0	0.08983222540938543
0.0	0.08782180171943166
2.0	0.08764963426440373
4.0	0.08538708719341415
0.0	0.08471737420873574
4.0	0.0832373824283604
