True Label: 0.0
4.0	0.25928148942086576
4.0	0.24525573579398632
4.0	0.15430334996209194
4.0	0.14824986333222026
4.0	0.1336306209562122
4.0	0.1336306209562122
4.0	0.12964074471043288
4.0	0.12964074471043288
4.0	0.1267731382092775
4.0	0.1267731382092775
4.0	0.12087344460380704
4.0	0.12087344460380704
4.0	0.12087344460380704
3.0	0.11952286093343936
4.0	0.11952286093343936
4.0	0.11952286093343936
4.0	0.11396057645963795
4.0	0.10910894511799621
4.0	0.10619884881071831
2.0	0.10482848367219184
4.0	0.10458250331675945
1.0	0.10182663499531962
4.0	0.10101525445522107
4.0	0.10022296571715915
4.0	0.0944911182523068
4.0	0.09197090092274487
4.0	0.08964214570007953
4.0	0.0890870806374748
4.0	0.0890870806374748
4.0	0.08451542547285167
3.0	0.08017837257372733
4.0	0.08012830802150038
4.0	0.07862136275414389
4.0	0.07715167498104597
4.0	0.07715167498104597
4.0	0.07484811885651198
4.0	0.07412493166611013
4.0	0.07412493166611013
4.0	0.07319250547113998
4.0	0.07319250547113998
4.0	0.07319250547113998
0.0	0.0730435887238472
4.0	0.07142857142857144
3.0	0.07142857142857144
4.0	0.07142857142857144
4.0	0.07142857142857144
4.0	0.06900655593423542
4.0	0.06900655593423542
4.0	0.06900655593423542
3.0	0.06788442333021308
