True Label: 0.0
4.0	0.24806946917841693
3.0	0.24806946917841693
4.0	0.2386980188146657
3.0	0.19069251784911848
3.0	0.149071198499986
4.0	0.14815943949743846
3.0	0.1386750490563073
2.0	0.12403473458920847
2.0	0.1224744871391589
4.0	0.1224744871391589
4.0	0.11858541225631422
4.0	0.11504474832710557
4.0	0.11180339887498951
4.0	0.11180339887498951
4.0	0.11180339887498948
3.0	0.10801234497346435
2.0	0.10540925533894598
4.0	0.10350983390135313
0.0	0.10293700253099575
4.0	0.10077822185373186
0.0	0.09866902717204079
4.0	0.09644856443408242
4.0	0.0944911182523068
4.0	0.09396184772996341
3.0	0.0912870929175277
4.0	0.0912870929175277
4.0	0.08770580193070293
3.0	0.08524929243380919
4.0	0.08519427513705972
2.0	0.08519427513705972
4.0	0.08451542547285167
4.0	0.08451542547285167
4.0	0.08385254915624211
1.0	0.08377078165833911
4.0	0.0816496580927726
4.0	0.0816496580927726
4.0	0.0816496580927726
4.0	0.0816496580927726
4.0	0.0816496580927726
4.0	0.0814835345064508
3.0	0.08134892168199606
0.0	0.08032193289024989
4.0	0.08017837257372733
4.0	0.07669649888473705
4.0	0.07559289460184544
4.0	0.074535599249993
2.0	0.074535599249993
4.0	0.074535599249993
4.0	0.07335643066073017
3.0	0.07329943395104671
