True Label: 0.0
4.0	0.08451542547285165
4.0	0.0816496580927726
0.0	0.054635836470815304
3.0	0.05234239225902137
4.0	0.04879500364742666
1.0	0.04612656040144425
0.0	0.04517539514526256
2.0	0.04152273992686998
0.0	0.040655781409087086
0.0	0.03834824944236852
3.0	0.03492151478847891
4.0	0.033709993123162106
2.0	0.03296902366978935
0.0	0.03296902366978935
4.0	0.032274861218395144
3.0	0.032274861218395144
4.0	0.031158847642487792
4.0	0.03015113445777636
4.0	0.027986569669065056
4.0	0.02711630722733202
3.0	0.022941573387056175
4.0	0.02258769757263128
0.0	0.02182178902359924
4.0	0.02182178902359924
4.0	0.021616885058355843
4.0	0.021107926341908754
2.0	0.01735525336251558
3.0	0.015007505629691605
0.0	0.014776353114138541
4.0	0.012253577034896795
3.0	0.010050378152592122
0.0	0.009815249038111776
3.0	0.009316949906249122
4.0	0.008016692097435824
4.0	0.007198157507486945
3.0	0.007121091148698563
0.0	0.006794707624925293
3.0	0.005971878941208125
4.0	0.005424857226417658
2.0	0.0
4.0	0.0
4.0	0.0
2.0	0.0
4.0	0.0
0.0	0.0
4.0	0.0
4.0	0.0
4.0	0.0
4.0	0.0
0.0	0.0
