True Label: 0.0
4.0	0.23735633163877062
4.0	0.20186664163241066
4.0	0.18807622405419627
4.0	0.1873171623163388
4.0	0.18644988120419437
0.0	0.18389242812245682
4.0	0.17813014048088058
4.0	0.17391639824998362
4.0	0.16412198797244362
0.0	0.1540833878403414
4.0	0.15032166784612472
4.0	0.15032166784612472
4.0	0.14937635992171197
4.0	0.14547859349066158
3.0	0.14547859349066158
4.0	0.14547859349066158
4.0	0.14547859349066158
3.0	0.1386750490563073
4.0	0.1386750490563073
3.0	0.13749298523071757
4.0	0.13749298523071757
4.0	0.13699915608779772
3.0	0.13671495346561433
2.0	0.13631013668492178
2.0	0.13386988815041645
4.0	0.13074409009212268
4.0	0.13074409009212268
4.0	0.12909944487358055
4.0	0.12909944487358055
4.0	0.12899332118538342
4.0	0.12883678042065427
4.0	0.12830005981991682
2.0	0.12700012700019048
3.0	0.12438564216005848
4.0	0.12276908053344458
4.0	0.1217161238900369
4.0	0.12028130608117203
4.0	0.11973686801784994
4.0	0.11973686801784994
4.0	0.11785113019775792
4.0	0.11785113019775792
4.0	0.1178511301977579
2.0	0.11673153554388725
4.0	0.11547005383792514
4.0	0.11470786693528086
3.0	0.11446713662390752
4.0	0.11433239009500587
4.0	0.1111111111111111
4.0	0.10910894511799618
4.0	0.10832228060328025
