True Label: 0.0
4.0	0.3375215642241575
3.0	0.32347756513583714
1.0	0.29751423327446386
2.0	0.27382660118842195
2.0	0.25099941929310526
4.0	0.231446952854798
1.0	0.21595228974177028
3.0	0.21187814889010087
3.0	0.2045825743984375
4.0	0.20189633828768977
2.0	0.19291620788109634
0.0	0.18419951578425642
0.0	0.17917627643285097
0.0	0.1760736519644902
1.0	0.17603258893032328
3.0	0.1702885813198948
2.0	0.16877201328135932
3.0	0.15882898238187504
0.0	0.15579258093564805
4.0	0.15179996660401104
3.0	0.1439648077851633
2.0	0.14093363025053043
0.0	0.13878184541334226
2.0	0.13597788272980102
4.0	0.12681870226429617
2.0	0.1221403520483492
0.0	0.12199255190433672
0.0	0.12070759758761329
4.0	0.11951147942972996
0.0	0.11934084559388325
4.0	0.11687818874495158
1.0	0.11670413326677698
4.0	0.11568735818711644
4.0	0.11507182723729042
3.0	0.11465800478689789
1.0	0.11208562633135519
0.0	0.10849075915068655
4.0	0.10776112433315024
2.0	0.10729693339314987
4.0	0.10570022268789783
3.0	0.105578334820592
4.0	0.1028761478099435
0.0	0.10186968399510732
3.0	0.10179849183710685
1.0	0.10084389681792215
1.0	0.10026551656425871
0.0	0.09943342320224884
3.0	0.09916820144793743
4.0	0.09865354117537131
4.0	0.09861186198551102
