True Label: 0.0
4.0	0.21304517217774588
4.0	0.1714285714285714
0.0	0.13989092759813318
4.0	0.13871939432708516
4.0	0.13659755535250212
1.0	0.1301200097264711
0.0	0.12923183892749068
0.0	0.12483755678647183
4.0	0.11832159566199232
4.0	0.11769797726729994
4.0	0.11501092655705901
4.0	0.10801234497346432
3.0	0.10386503729722045
1.0	0.1025978352085154
4.0	0.10145993123917846
4.0	0.09968895725584535
3.0	0.09923721235559482
4.0	0.09759000729485331
4.0	0.09583148474999097
0.0	0.0944911182523068
0.0	0.09258200997725513
3.0	0.09172982344145957
3.0	0.08982852701191132
4.0	0.08964214570007951
0.0	0.08859623899229174
1.0	0.08827348295047495
4.0	0.08794100160729891
4.0	0.08728715609439694
4.0	0.08728715609439694
4.0	0.08707586552446057
4.0	0.08479275329108026
4.0	0.08451542547285167
3.0	0.08451542547285165
4.0	0.08429618923981849
4.0	0.08199200616907877
2.0	0.08132500607904443
1.0	0.08095689876252216
4.0	0.0806842348321658
4.0	0.07985957062499247
4.0	0.07985957062499247
3.0	0.07972711688538502
4.0	0.07968190728895957
0.0	0.07866339502806552
2.0	0.07559289460184544
4.0	0.07476671794188401
1.0	0.07439272850477585
3.0	0.07244179326244427
3.0	0.07244179326244427
3.0	0.07194430788361927
4.0	0.07142857142857142
