True Label: 0.0
4.0	0.37839373433213475
4.0	0.26837252006084666
4.0	0.266474020049506
3.0	0.25765419598497924
4.0	0.24152294576982403
4.0	0.2390457218668787
2.0	0.21424667872399397
4.0	0.20916500663351886
4.0	0.19138975058773816
2.0	0.19114400419929495
4.0	0.18752289237539818
4.0	0.17824294111201244
4.0	0.17684493567566834
3.0	0.17266633892068625
4.0	0.16642586454351901
4.0	0.16563533721722828
4.0	0.1643439337834791
1.0	0.16318603187348185
3.0	0.1544055037964936
3.0	0.1544055037964936
4.0	0.15430334996209188
4.0	0.15236235005501103
3.0	0.1516868231770197
3.0	0.1494035761667992
4.0	0.1494035761667992
4.0	0.1494035761667992
4.0	0.1485864128307904
4.0	0.14699368305183338
4.0	0.14699368305183338
4.0	0.14688547397803986
0.0	0.14688547397803986
4.0	0.14638501094227999
4.0	0.1450105986563896
4.0	0.1449427589131121
4.0	0.1449427589131121
4.0	0.14253932901995967
3.0	0.1422432560456473
4.0	0.14195682249281852
4.0	0.14124708462922747
4.0	0.14085904245475278
4.0	0.13833370024901637
3.0	0.13707231622678737
4.0	0.1366533436151313
4.0	0.1366533436151313
4.0	0.13498071841738363
4.0	0.13289638121822653
4.0	0.13203565444069848
4.0	0.1309307341415954
3.0	0.13066434376564756
3.0	0.13041013273932528
