True Label: 0.0
4.0	0.23354968324845687
4.0	0.23354968324845687
4.0	0.23239715750965068
4.0	0.23122574799241857
4.0	0.23063280200722122
4.0	0.22477359477665326
4.0	0.22473328748774735
4.0	0.21535276082326615
3.0	0.20701966780270625
4.0	0.1987615979999813
4.0	0.1951800145897066
4.0	0.19178532059415362
4.0	0.19178532059415362
4.0	0.18257418583505536
4.0	0.18257418583505533
4.0	0.18036108361264552
3.0	0.17728599875054227
4.0	0.1732050807568877
4.0	0.17213259316477406
4.0	0.1690308509457033
3.0	0.16609095970747992
4.0	0.15749984619163154
4.0	0.1556997888323046
4.0	0.15491933384829668
4.0	0.15064871543094188
1.0	0.1438389904456152
4.0	0.14322297480788657
0.0	0.14186538042638172
3.0	0.14070529413628968
4.0	0.13679711361135388
3.0	0.13561270072416204
4.0	0.13284223283101426
0.0	0.12620469433653805
0.0	0.12524485821702988
4.0	0.12524485821702988
4.0	0.12524485821702988
4.0	0.12422599874998831
4.0	0.1224744871391589
4.0	0.12171612389003691
4.0	0.12097167578182677
3.0	0.11952286093343936
4.0	0.11846977555181845
4.0	0.11677484162422844
4.0	0.11677484162422844
4.0	0.11619857875482535
2.0	0.1129865365732064
4.0	0.1126872339638022
0.0	0.11009637651263605
4.0	0.11009637651263604
3.0	0.10709591052033317
