True Label: 0.0
4.0	0.2622440272428743
3.0	0.22360679774997896
4.0	0.19445436482630057
4.0	0.19245008972987526
4.0	0.16641005886756877
3.0	0.1455213750217998
4.0	0.13151918984428584
3.0	0.13093073414159545
4.0	0.13093073414159545
4.0	0.12909944487358055
4.0	0.12909944487358055
2.0	0.12857142857142856
2.0	0.12857142857142856
4.0	0.1264911064067352
0.0	0.12609766499825611
0.0	0.1259881576697424
4.0	0.12572371141874245
3.0	0.12510864843424488
4.0	0.12247448713915893
4.0	0.12004900959975617
4.0	0.12000000000000002
4.0	0.11766968108291043
4.0	0.11547005383792518
4.0	0.11547005383792518
0.0	0.11547005383792518
0.0	0.11547005383792518
4.0	0.11547005383792518
4.0	0.11547005383792516
4.0	0.11338934190276816
4.0	0.11338934190276816
4.0	0.11285761872936696
4.0	0.11180339887498948
4.0	0.11180339887498948
4.0	0.11076975512434226
0.0	0.10769372379266073
3.0	0.10690449676496977
4.0	0.10497277621629561
3.0	0.1042572070285374
3.0	0.10256451881367415
4.0	0.1
2.0	0.09805806756909202
1.0	0.09759000729485334
0.0	0.09759000729485333
3.0	0.09570202978345287
4.0	0.09494253265550827
3.0	0.09494253265550827
4.0	0.0944911182523068
4.0	0.09370425713316365
3.0	0.09278687005699071
4.0	0.09237604307034011
