True Label: 0.0
4.0	0.2812843385630972
4.0	0.27664526826133534
4.0	0.2389760596996216
3.0	0.2142522539267409
4.0	0.20906050250177272
4.0	0.20801257358446093
4.0	0.20679254796712776
4.0	0.20254787341673333
4.0	0.20180183819889375
4.0	0.19611613513818404
4.0	0.1849000654084097
4.0	0.17739371879672478
4.0	0.17639430961135644
4.0	0.17541160386140586
4.0	0.1681681984990781
3.0	0.16781438805905452
4.0	0.16724840200141816
4.0	0.16724840200141816
3.0	0.16505632294338118
4.0	0.16012815380508716
4.0	0.15724272550828775
4.0	0.15544045708951462
0.0	0.15348515337873014
3.0	0.15170108327033324
3.0	0.14959151840135315
2.0	0.1494406444160154
4.0	0.14824986333222026
4.0	0.147087101353638
4.0	0.14470719035407653
3.0	0.14457873299156007
3.0	0.1430244674708963
4.0	0.13920875872244004
4.0	0.1386750490563073
3.0	0.1386750490563073
4.0	0.1386750490563073
4.0	0.13810553926175198
4.0	0.13810553926175198
4.0	0.1345345587992625
4.0	0.1345345587992625
4.0	0.13406223004292966
4.0	0.1307440900921227
2.0	0.1307440900921227
4.0	0.1298454946322391
4.0	0.1289651760438322
4.0	0.12725695259515554
4.0	0.12725695259515554
0.0	0.12725695259515554
3.0	0.12555049023795636
4.0	0.12543630150106364
3.0	0.12403473458920845
