True Label: 0.0
3.0	0.24019223070763074
3.0	0.13798683116522042
0.0	0.13678822577626598
4.0	0.1315587028960544
2.0	0.1307440900921227
4.0	0.1245338703466795
3.0	0.12104550653376049
4.0	0.12070113739631691
1.0	0.12033136751923737
4.0	0.11826247919781652
3.0	0.11020775375559677
4.0	0.10925355610938446
3.0	0.10675210253672476
4.0	0.10400628679223047
4.0	0.10336227882434039
4.0	0.09805806756909202
4.0	0.09805806756909201
4.0	0.09709195467257717
4.0	0.08770580193070293
0.0	0.08362420100070908
4.0	0.08362420100070908
4.0	0.08158924398306319
4.0	0.08006407690254358
4.0	0.07924288517503274
1.0	0.07767356373806174
4.0	0.07725393039369072
4.0	0.07692307692307693
4.0	0.07412493166611013
4.0	0.07412493166611013
4.0	0.07412493166611013
3.0	0.07412493166611013
4.0	0.0721534465358643
4.0	0.07161148740394328
2.0	0.07032108464077431
4.0	0.06933752452815364
4.0	0.06726727939963124
3.0	0.06726727939963124
4.0	0.06726727939963124
2.0	0.06537204504606135
3.0	0.06537204504606135
4.0	0.06362847629757777
0.0	0.06277524511897818
2.0	0.06201736729460423
4.0	0.06201736729460423
3.0	0.060522753266880246
3.0	0.060522753266880246
3.0	0.060522753266880246
0.0	0.05942214243884917
0.0	0.05913123959890826
0.0	0.05913123959890826
