True Label: 0.0
4.0	0.3077935056255462
3.0	0.2886646940756466
4.0	0.2738612787525831
4.0	0.27152254012497445
4.0	0.25555062599997597
0.0	0.25155764746872633
4.0	0.2480694691784169
4.0	0.2469323991623974
4.0	0.2051956704170308
4.0	0.19999999999999998
2.0	0.18257418583505539
4.0	0.16724246267713846
3.0	0.1526782251788776
4.0	0.1509463816279883
2.0	0.14907119849998596
4.0	0.14338192227236238
4.0	0.14314958357846708
4.0	0.14301938838683884
3.0	0.1414213562373095
4.0	0.1414213562373095
4.0	0.1405803892788833
4.0	0.13968605915391563
4.0	0.13801311186847084
4.0	0.13762047064079505
4.0	0.13483997249264842
4.0	0.13483997249264842
3.0	0.13416407864998736
4.0	0.13333333333333333
4.0	0.1315587028960544
4.0	0.12909944487358058
4.0	0.12777531299998798
0.0	0.1267731382092775
4.0	0.12565617248750865
4.0	0.12423233664947206
4.0	0.12423233664947206
3.0	0.12403473458920845
0.0	0.12403473458920844
0.0	0.12335879094879222
1.0	0.11677484162422844
1.0	0.11677484162422844
4.0	0.1164445019479164
4.0	0.11547005383792514
4.0	0.11537513392559245
4.0	0.11504474832710555
3.0	0.11455847525009617
2.0	0.11429952436866485
4.0	0.11268723396380219
4.0	0.11268723396380219
2.0	0.11186556368317063
4.0	0.11151337659949931
