True Label: 0.0
4.0	0.17407765595569782
4.0	0.17306923237489802
0.0	0.1651445647689541
4.0	0.16351748504193214
4.0	0.16351748504193214
4.0	0.14910801984141453
2.0	0.12535663410560172
4.0	0.11677484162422845
0.0	0.11236664374387367
0.0	0.10934588121703731
1.0	0.10660035817780521
2.0	0.10401664399466526
3.0	0.0982299486257503
4.0	0.09534625892455925
4.0	0.09045340337332908
4.0	0.08918825850158446
0.0	0.08715511236901938
4.0	0.08703882797784891
4.0	0.08653461618744901
4.0	0.0863667034175061
3.0	0.08568930704969753
4.0	0.08528028654224418
4.0	0.08528028654224418
2.0	0.08338467858363519
4.0	0.08225161211526649
3.0	0.07952427724875441
4.0	0.0778498944161523
3.0	0.0753614834300399
4.0	0.07420911673772304
4.0	0.07207499701564472
3.0	0.07186994682200862
3.0	0.0715096941934194
1.0	0.0714399626369093
3.0	0.07029019463944165
3.0	0.06782249720289893
0.0	0.0642228862990377
4.0	0.06098367211363063
3.0	0.06092717958449424
4.0	0.06054493496206036
4.0	0.06054493496206034
4.0	0.05868761518578634
4.0	0.05838742081211423
4.0	0.05838742081211423
4.0	0.057812161257860026
4.0	0.056890058104753734
4.0	0.05668859749842681
4.0	0.0553298975027626
4.0	0.05471149893120581
2.0	0.05405624776173354
4.0	0.0539791896359413
