True Label: 0.0
1.0	0.5000000000000001
4.0	0.47592258955430355
2.0	0.4362309825241484
4.0	0.40928314203657346
2.0	0.3894810992789338
4.0	0.33734954246999327
4.0	0.3344968040028363
1.0	0.33387888743541644
0.0	0.3289758474798845
4.0	0.32897584747988445
0.0	0.32897584747988445
2.0	0.325125633337426
0.0	0.32186969972351165
2.0	0.3113995776646092
4.0	0.3038948705590345
0.0	0.3018233067352699
3.0	0.28968272975116055
4.0	0.2869368599152863
0.0	0.28232985128663995
4.0	0.2777318603003539
0.0	0.26111648393354675
4.0	0.25547615401063417
4.0	0.250122159792289
4.0	0.24517195928059624
4.0	0.24123762618319178
4.0	0.23210354127426377
3.0	0.2305773772513343
4.0	0.21885688981825288
4.0	0.21885688981825285
4.0	0.21699680102187535
3.0	0.21560621613163938
4.0	0.21488612374010144
4.0	0.21110016546037452
4.0	0.2110579412044345
4.0	0.20313468644761024
4.0	0.20145574100634508
2.0	0.19931981224774048
4.0	0.19500597976723483
4.0	0.19152294809099643
4.0	0.18999014891433708
4.0	0.18999014891433708
4.0	0.18999014891433708
4.0	0.18749446208373208
4.0	0.18609684207969418
4.0	0.18593295227064197
4.0	0.18463723646899907
4.0	0.1837023583785173
4.0	0.1837023583785173
4.0	0.1837023583785173
3.0	0.18148850216015694
