True Label: 0.0
3.0	0.3508904977466217
4.0	0.32163376045133846
2.0	0.30512857662936466
4.0	0.29711254108328294
2.0	0.28057938012106604
4.0	0.2799462554779272
0.0	0.2718301411097812
4.0	0.26681493838602804
4.0	0.2483103350697351
4.0	0.24770754201107473
4.0	0.24505429367721024
4.0	0.24385480388234188
3.0	0.2323209277987099
4.0	0.23200591622629663
4.0	0.22518867455552247
4.0	0.22395700438234173
4.0	0.22181675182811808
4.0	0.214422506967559
4.0	0.2105587219030789
4.0	0.2076136996343499
4.0	0.2055270768301462
4.0	0.20370048878533328
4.0	0.195962378834549
4.0	0.19178532059415362
4.0	0.18960514247076027
4.0	0.18594692390166015
4.0	0.18274645480189683
2.0	0.18207845337733738
4.0	0.17868542247296582
3.0	0.17616606585441102
4.0	0.17507524381296344
4.0	0.1737020834449128
4.0	0.17236195204912813
4.0	0.1695158759052026
4.0	0.1695158759052026
4.0	0.16929558227619396
4.0	0.1679677532867563
4.0	0.1679677532867563
3.0	0.16796775328675628
4.0	0.16796775328675628
3.0	0.16480954899987268
0.0	0.15998577967379318
4.0	0.15975537106586435
3.0	0.15836151649297914
1.0	0.15772864864210479
1.0	0.15772864864210479
4.0	0.15575050474186472
4.0	0.1508360396010081
3.0	0.1505860615031832
4.0	0.1491283467476287
