True Label: 0.0
2.0	0.42918908699192587
4.0	0.4055328885251618
1.0	0.19583821698782103
4.0	0.18678761916453357
4.0	0.1815510292592647
0.0	0.17446515301534246
3.0	0.1705953651831193
3.0	0.16975425290977506
3.0	0.16937794571838466
4.0	0.16623171019564403
4.0	0.1658262002724986
4.0	0.16362867678777482
3.0	0.1570378892601357
3.0	0.1562375832484085
3.0	0.15177257540646716
3.0	0.1509584965763209
3.0	0.14411953217928247
4.0	0.14195997716961725
4.0	0.14195997716961725
1.0	0.14185074636232065
4.0	0.14089539533687317
4.0	0.13870629766666187
4.0	0.13851221196353025
3.0	0.13616380429127747
0.0	0.134352310438283
4.0	0.13430861583505838
3.0	0.13417949480915733
3.0	0.13385283993926037
3.0	0.13325106767887682
0.0	0.13289808409807347
4.0	0.13282977359029738
3.0	0.13274034487279981
3.0	0.13240409986715296
3.0	0.13130826751459754
3.0	0.12989914580378586
4.0	0.12978356815806036
3.0	0.1294714443636132
3.0	0.12917956104514564
4.0	0.12716318302857882
4.0	0.12655556488296196
4.0	0.12655556488296196
1.0	0.12533493194312562
0.0	0.12325314299522006
3.0	0.12193071216293971
4.0	0.12055386774062135
4.0	0.11997760120814521
0.0	0.11957515696253407
4.0	0.11919479036466361
4.0	0.1174605946182171
3.0	0.1172057760429686
