True Label: 0.0
4.0	0.18572686238348218
0.0	0.18558817811552744
3.0	0.13744576780979187
2.0	0.131290768507402
4.0	0.1282408373641055
3.0	0.11736818381714662
2.0	0.10900086292691392
4.0	0.10722837304532315
4.0	0.10607132087662173
4.0	0.10196097098380535
4.0	0.10155555796279846
4.0	0.09131087488821056
4.0	0.09000450033752813
0.0	0.08737561667649617
0.0	0.08546928566778936
4.0	0.08485705670129738
4.0	0.08259782678799128
4.0	0.08214040219227786
4.0	0.08200732175829785
0.0	0.08124444637023875
4.0	0.07831025010813789
4.0	0.07831025010813789
3.0	0.07769935060708123
3.0	0.07760768717758652
3.0	0.07663319181750311
3.0	0.07663319181750311
3.0	0.07644087435100953
3.0	0.07288341131843382
4.0	0.07266724195127595
4.0	0.07266724195127595
4.0	0.07257054564503448
3.0	0.07181062370267827
3.0	0.07181062370267827
3.0	0.07175118375050896
4.0	0.06925563243221597
4.0	0.06899341558261021
2.0	0.06899341558261021
4.0	0.06899341558261021
4.0	0.06848315616615792
4.0	0.0673357131813427
4.0	0.06730904250057924
3.0	0.06727679319352645
0.0	0.06685972735299746
3.0	0.06648371880114275
0.0	0.06551592743849148
4.0	0.06532739200461746
3.0	0.06422937444233849
4.0	0.06380411798764823
4.0	0.06364279252597305
4.0	0.06358383670736646
