True Label: 0.0
4.0	0.28284271247461895
4.0	0.2777460299317654
4.0	0.26233033431358116
4.0	0.2284160962880643
4.0	0.21081851067789198
0.0	0.19051586888313607
4.0	0.18786728732554484
4.0	0.18700983288487377
4.0	0.18257418583505536
0.0	0.17986076970904816
4.0	0.1789066118330336
4.0	0.17712297710801905
3.0	0.17712297710801905
4.0	0.17690759253434066
4.0	0.17607380306844095
4.0	0.17499999999999996
4.0	0.17251638983558854
4.0	0.1695158759052026
4.0	0.16645007571529577
4.0	0.1651445647689541
4.0	0.1651445647689541
2.0	0.16425230069367702
4.0	0.16329931618554522
4.0	0.1632993161855452
4.0	0.15498260496951666
3.0	0.1540874357405799
0.0	0.15191090506254998
4.0	0.15149135553452467
3.0	0.15075313813289964
3.0	0.15061601901917732
3.0	0.14907119849998599
3.0	0.14808721943977307
4.0	0.14638501094227999
4.0	0.14509525002200233
4.0	0.14493772609105074
4.0	0.1419904585617662
4.0	0.14085904245475275
4.0	0.1405456737852613
4.0	0.13944333775567924
4.0	0.13912166872805048
4.0	0.13832083379312202
4.0	0.13832083379312202
3.0	0.13748801251926615
4.0	0.13693063937629152
4.0	0.1360532412479957
2.0	0.13602032587811194
4.0	0.1328422328310143
4.0	0.1328422328310143
4.0	0.13200091827045152
3.0	0.1318524079084806
