True Label: 0.0
3.0	0.3695727962447154
4.0	0.32007659211928485
4.0	0.3080761165269018
4.0	0.3065157505365821
0.0	0.28676966733820225
4.0	0.28364084272116824
4.0	0.27216552697590873
3.0	0.25086177435841867
4.0	0.24504901470490173
1.0	0.24122532033850388
3.0	0.23199018178458428
4.0	0.2275455136545516
4.0	0.2223078434952795
4.0	0.214422506967559
4.0	0.21252611539943972
4.0	0.20412414523193154
4.0	0.2041241452319315
3.0	0.19825271057404986
3.0	0.19166990162901482
4.0	0.19094065395649334
4.0	0.1907020319895945
3.0	0.18866750451491912
4.0	0.1884445903611023
4.0	0.18825455312816933
4.0	0.18655062681115916
4.0	0.18565266430812644
4.0	0.1828908802375725
3.0	0.18286121343693867
4.0	0.18162078931419476
4.0	0.18146654657782443
3.0	0.18057877962865382
4.0	0.17992424242424246
4.0	0.1795175827043134
0.0	0.17916245360735797
4.0	0.17588161767036214
4.0	0.1749635530559413
4.0	0.1749635530559413
4.0	0.17234549688642786
4.0	0.1703003023557391
4.0	0.1701454707751471
4.0	0.16838166805450427
2.0	0.16674285814199086
4.0	0.16666666666666669
4.0	0.16666666666666669
4.0	0.16535945694153692
4.0	0.16463819352454367
3.0	0.16390251702679648
4.0	0.16337903272248044
4.0	0.1617875572323585
4.0	0.16022447150029595
