True Label: 0.0
4.0	0.15512630699850571
4.0	0.13834289277321493
2.0	0.13110110602126895
4.0	0.11677484162422842
2.0	0.10811249552346706
4.0	0.10503645397539191
1.0	0.10487158913245039
4.0	0.09750298988361741
4.0	0.0895622151039798
4.0	0.08891084489487741
3.0	0.08703882797784893
4.0	0.08471737420873575
3.0	0.08471737420873575
4.0	0.08324089477650336
0.0	0.08227895185745919
2.0	0.08206099398622181
4.0	0.08035304331665312
4.0	0.0799502686333539
3.0	0.07693218186208296
3.0	0.07682527660117013
0.0	0.07537783614444091
3.0	0.0753778361444409
4.0	0.07336739820667776
3.0	0.07312724241271305
4.0	0.07312724241271305
4.0	0.07242839949065852
4.0	0.07242068243779012
2.0	0.07233379496506731
3.0	0.07207499701564471
4.0	0.07009996372327816
2.0	0.06988826808520127
4.0	0.06769129513423529
4.0	0.06668313367115805
3.0	0.06600045913522576
4.0	0.0650256088762355
3.0	0.06428243465332249
4.0	0.06428243465332249
4.0	0.06295330596403978
4.0	0.062270690928630267
4.0	0.06176856505397491
4.0	0.06154574548966637
4.0	0.06154574548966636
3.0	0.061107246044028
4.0	0.06075968838258529
2.0	0.06016870890901645
0.0	0.05938556868486719
4.0	0.05916680726504109
4.0	0.05913123959890826
2.0	0.05913123959890826
3.0	0.05843308950960249
