True Label: 0.0
3.0	0.4065494486176842
4.0	0.40061680838488767
4.0	0.3973597071195131
4.0	0.38788009629757864
3.0	0.3611575592573076
4.0	0.3267320196065356
4.0	0.316602665693264
4.0	0.2969845580745091
4.0	0.2948459875572344
1.0	0.2858966759567453
3.0	0.2809757434745082
4.0	0.26726124191242434
4.0	0.2581988897471611
4.0	0.2530377054273723
4.0	0.24618298195866542
3.0	0.24423898912120134
4.0	0.24343224778007377
4.0	0.2401922307076307
4.0	0.23728949893812473
4.0	0.23145502494313788
3.0	0.2310344266945573
2.0	0.22680460581325723
4.0	0.22566773346211
4.0	0.22457384561773838
3.0	0.22318529540017307
4.0	0.22176638128637186
4.0	0.21997067253202993
4.0	0.2152365080230696
4.0	0.2152365080230696
4.0	0.2139558026712799
3.0	0.2135057132070038
2.0	0.21081851067789192
4.0	0.20739033894608505
4.0	0.2057377999494559
4.0	0.20515248496555452
3.0	0.2043353446109627
4.0	0.2037037037037037
3.0	0.19830124063811055
3.0	0.19830124063811055
2.0	0.1951800145897066
4.0	0.19245008972987523
4.0	0.19245008972987523
4.0	0.19196101628426965
3.0	0.1907785610398459
3.0	0.1881482955788767
4.0	0.18681617943926832
4.0	0.18670401120373464
4.0	0.18647697592850526
3.0	0.1853461458285109
3.0	0.1849000654084097
