True Label: 0.0
4.0	0.36455813029551176
4.0	0.31792539222893695
1.0	0.3167230329859583
4.0	0.3149183286488867
4.0	0.30151134457776363
3.0	0.290180459757367
4.0	0.2696799449852968
4.0	0.24859153808806278
4.0	0.2345207879911715
2.0	0.22975187432024508
4.0	0.21622499104693413
3.0	0.21320071635561041
4.0	0.20683507599800763
4.0	0.1987340161145518
4.0	0.19564639521780736
4.0	0.19111769678910956
4.0	0.19069251784911845
4.0	0.18953562637585883
4.0	0.18659112407133685
4.0	0.1846372364689991
0.0	0.1846372364689991
4.0	0.18098069149825666
4.0	0.17766726362967533
4.0	0.17739371879672478
4.0	0.1709408646894569
3.0	0.16854996561581048
4.0	0.16724840200141816
4.0	0.16488712959331456
4.0	0.16116459280507603
4.0	0.1607060866333062
3.0	0.15911791414960394
4.0	0.1590909090909091
4.0	0.15896269611446848
1.0	0.15836151649297914
2.0	0.15569978883230456
4.0	0.15563575436986682
4.0	0.15441828729643656
4.0	0.15441828729643656
4.0	0.15362746694975674
3.0	0.1531679162134967
2.0	0.15075567228888181
4.0	0.1507556722888818
2.0	0.15013654986896885
3.0	0.149270358506633
3.0	0.1492405014489273
4.0	0.14673479641335552
4.0	0.14579197201848954
4.0	0.1446354779699756
3.0	0.14371729125475194
4.0	0.14360673947588817
