True Label: 0.0
4.0	0.42701867505895436
0.0	0.3738187970144929
1.0	0.35941942409813826
0.0	0.3379430821459342
4.0	0.32111443149518853
4.0	0.29462782549439487
3.0	0.2901294265928297
4.0	0.270621113787444
0.0	0.25979436665882194
3.0	0.25476402912455776
0.0	0.2536087865002785
1.0	0.24152294576982392
3.0	0.2270017415356663
0.0	0.22076637542634756
3.0	0.16723646889862379
0.0	0.12768847961381227
2.0	0.12606259676496367
1.0	0.12546210878484682
1.0	0.1154891445305972
0.0	0.10626278551055637
4.0	0.10102218050947295
3.0	0.09938079899999064
4.0	0.09166199015381171
1.0	0.08925069341192707
4.0	0.08844477175087206
0.0	0.08588788703174231
0.0	0.0858536993949886
1.0	0.08466675133346034
4.0	0.08341221014543854
3.0	0.07935567130882513
2.0	0.0777713771047819
0.0	0.07698914757285932
4.0	0.07586214112930056
1.0	0.0757455578519719
2.0	0.07453559924999299
4.0	0.07253235664820742
0.0	0.07226283918665934
3.0	0.07143288461787692
0.0	0.07001400420140048
4.0	0.0672132610514536
3.0	0.06711560552140243
4.0	0.0668153104781061
4.0	0.06570988732209603
2.0	0.06494814806163013
2.0	0.06392879290960579
4.0	0.06364688465216443
4.0	0.06338696077021341
2.0	0.06253989786553803
4.0	0.06188422143604215
0.0	0.06018518518518518
