True Label: 0.0
4.0	0.22917462425705282
1.0	0.18609684207969418
3.0	0.1475703340252388
4.0	0.14645825838791562
0.0	0.14638501094227999
4.0	0.12838814775327387
4.0	0.12698320154839282
3.0	0.1255529641148689
0.0	0.12437690002435545
3.0	0.12221398590420679
1.0	0.11952286093343939
3.0	0.11952286093343936
4.0	0.11572751247156896
3.0	0.11454053224818188
0.0	0.11206636293610517
4.0	0.10947447024610966
4.0	0.10910894511799618
0.0	0.1074430618700507
4.0	0.10690449676496977
2.0	0.10286889997472795
0.0	0.09869275424396536
4.0	0.09869275424396534
4.0	0.09759000729485331
4.0	0.09643959372630746
4.0	0.0944911182523068
1.0	0.09269795493186431
4.0	0.09197090092274487
4.0	0.09172492321316787
3.0	0.09035079029052512
0.0	0.08964214570007953
4.0	0.0890870806374748
4.0	0.08748177652797065
1.0	0.08391813582966891
0.0	0.08058229640253803
4.0	0.07881104062391008
4.0	0.078742598543589
2.0	0.07796811755854505
3.0	0.07715167498104597
4.0	0.07559289460184544
4.0	0.07509392614826384
4.0	0.07444375004781978
4.0	0.07319250547113998
4.0	0.0720023041105979
4.0	0.07142857142857144
4.0	0.07086833868923009
4.0	0.06952346619889824
0.0	0.06909874910284777
4.0	0.06900655593423542
4.0	0.06900655593423542
4.0	0.06900655593423542
