True Label: 0.0
4.0	0.40408541690413596
3.0	0.2432668163999206
4.0	0.20348923188911994
4.0	0.19134594929397594
2.0	0.17235882961354998
4.0	0.17131207221604822
1.0	0.1554174680400523
2.0	0.1522773975253762
4.0	0.15225484292293812
4.0	0.15048231635721154
4.0	0.14116492564331998
4.0	0.13900960937138318
4.0	0.13791932109184263
2.0	0.13609221466437219
1.0	0.12955760532325983
4.0	0.12267912301642962
4.0	0.1182165609358651
4.0	0.11656310103003922
0.0	0.1144371517807935
4.0	0.11002155735583799
3.0	0.1066473675042622
2.0	0.09884859800927696
0.0	0.09778665141358002
1.0	0.09700928802951526
4.0	0.09539445011233402
4.0	0.09325048082403138
4.0	0.09028938981432692
1.0	0.08983222540938543
3.0	0.08939981748151894
4.0	0.08785324411085339
4.0	0.08569889627388262
3.0	0.08557250996811162
4.0	0.08512565307587487
4.0	0.08470898071068662
4.0	0.08425254637422694
4.0	0.08159417072102747
4.0	0.08143879346968548
1.0	0.08114230434625663
4.0	0.08093928716242686
3.0	0.07991317326094427
4.0	0.07735869289794367
4.0	0.0744694335918124
4.0	0.07402751153299776
3.0	0.07379725432969614
4.0	0.07372097807744858
2.0	0.07372097807744857
4.0	0.07317421420371176
4.0	0.07175473098524097
4.0	0.07175473098524097
4.0	0.07175473098524097
