True Label: 0.0
3.0	0.2541970948447968
2.0	0.2525085593478303
4.0	0.22296442893576365
4.0	0.2193849120748882
3.0	0.21132980010649124
1.0	0.2017185733574866
0.0	0.19929637052160276
4.0	0.18821837011063702
4.0	0.18597042400827715
4.0	0.18396790213676628
4.0	0.17724434847641202
4.0	0.17008353216418012
4.0	0.15942010234151477
0.0	0.1574339573926097
3.0	0.1569248054863464
4.0	0.15288429218076888
4.0	0.1382604723086012
4.0	0.13629854400724295
4.0	0.13441415031764822
4.0	0.13361016540918041
3.0	0.1313617370693511
3.0	0.1270985474223984
3.0	0.12646881556301176
3.0	0.12592265149745796
0.0	0.12538654238325891
4.0	0.11963944967284877
4.0	0.11660441771265082
4.0	0.11557219608077982
4.0	0.11557219608077982
4.0	0.11535835288139276
4.0	0.11531741487667038
4.0	0.11420129286953751
2.0	0.1140955019317136
3.0	0.11366435097273245
0.0	0.11272703542313851
3.0	0.11063378739731933
4.0	0.11053127095678358
4.0	0.110279433603016
3.0	0.11027943360301598
4.0	0.10989024530005126
4.0	0.1096924560374441
4.0	0.10825750012630007
4.0	0.10715409105833691
4.0	0.1060440576645705
4.0	0.10554062072127424
4.0	0.10456576117257614
4.0	0.10308618768124463
4.0	0.10304418066308288
4.0	0.10281877818364651
3.0	0.10061238494102498
