True Label: 0.0
4.0	0.19611613513818404
0.0	0.1746667529218746
4.0	0.14166666666666666
4.0	0.1315587028960544
4.0	0.0968245836551854
2.0	0.09525009525014289
4.0	0.0950798536569581
4.0	0.09147396536063042
4.0	0.09095085938862488
4.0	0.08838834764831845
3.0	0.08219949365267865
4.0	0.07354355067681902
4.0	0.06846531968814576
3.0	0.06819309069874763
4.0	0.06815940677933083
4.0	0.06704986311113921
4.0	0.06662522386112825
4.0	0.06516075439283586
4.0	0.06450585581776751
4.0	0.06431196942844081
2.0	0.06316139407998893
1.0	0.0630630744371543
0.0	0.0625
4.0	0.06063390625908324
4.0	0.060392649382582264
2.0	0.060248847569397655
3.0	0.06014065304058602
4.0	0.05976143046671968
0.0	0.05933908290969266
4.0	0.05932237473453118
4.0	0.05905694890769175
1.0	0.05856516070822728
0.0	0.057735026918962574
0.0	0.05555555555555555
3.0	0.05542477189674149
4.0	0.05463482975759611
0.0	0.05416114030164013
2.0	0.053593307857034006
3.0	0.0532003472367219
4.0	0.05307027917844121
0.0	0.05304177654946909
0.0	0.05304177654946909
0.0	0.05304177654946909
3.0	0.05304177654946909
2.0	0.05301180810499818
2.0	0.05301180810499818
3.0	0.05282214092053228
3.0	0.05273098961720567
3.0	0.05251050315105037
4.0	0.05225497607187133
