True Label: 0.0
3.0	0.5000000000000002
2.0	0.31078711164162165
4.0	0.2910427500435996
3.0	0.282842712474619
3.0	0.259762652269372
4.0	0.2571428571428571
1.0	0.24370871833797697
4.0	0.24253562503633297
4.0	0.24120907566221092
4.0	0.2160010224924674
2.0	0.20604084592303357
3.0	0.18655463430037694
3.0	0.18569767689454333
4.0	0.18516401995451026
4.0	0.1670670296769033
4.0	0.16583123951776998
4.0	0.16288650096039864
3.0	0.15958413238833039
3.0	0.15666188929912195
4.0	0.15549092477038784
4.0	0.15275252316519466
4.0	0.1473139127471974
4.0	0.1473139127471974
3.0	0.14699368305183338
4.0	0.1414213562373095
4.0	0.1414213562373095
4.0	0.14080180684040888
4.0	0.1385804656311468
4.0	0.13647989069229313
4.0	0.13443872392954076
4.0	0.1336306209562122
4.0	0.13339459376998314
4.0	0.13339459376998314
4.0	0.13291140348544433
4.0	0.13273773335729736
4.0	0.13236628473041515
4.0	0.13202586882700562
4.0	0.13112201362143716
4.0	0.1299038105676658
4.0	0.12909944487358055
4.0	0.12857142857142856
4.0	0.12841489249843502
4.0	0.12701705922171763
4.0	0.1267105187249881
4.0	0.12612680293681938
3.0	0.12572371141874245
4.0	0.12519334891679787
3.0	0.12510864843424485
4.0	0.12510864843424485
2.0	0.12509255832441893
