True Label: 0.0
4.0	0.25
3.0	0.18592842168541807
0.0	0.17292861596651865
4.0	0.15386436372416595
3.0	0.13734256950779847
3.0	0.13500675050629218
3.0	0.12351231781710247
4.0	0.10879853497231115
4.0	0.1087454495654074
4.0	0.10526613340553966
4.0	0.09534625892455924
4.0	0.09534625892455924
2.0	0.09210565689380393
3.0	0.09196009797434057
3.0	0.08983222540938544
0.0	0.08206099398622183
0.0	0.08001280307281942
3.0	0.0788760559300846
0.0	0.07834789631600109
4.0	0.0778498944161523
4.0	0.07562363408856335
0.0	0.07537783614444091
4.0	0.07537783614444091
3.0	0.07537783614444091
1.0	0.07519009528967117
4.0	0.07488401252890212
3.0	0.07364677092872607
2.0	0.07265392195447241
4.0	0.07219887278223847
2.0	0.07156562669645132
4.0	0.07106690545187015
4.0	0.06897007348075543
0.0	0.06862145516956808
1.0	0.06818181818181819
2.0	0.06802647509865775
2.0	0.068012762865006
4.0	0.06792501192775892
4.0	0.06774722062753971
1.0	0.06762316094974827
2.0	0.06741998624632421
4.0	0.06716482625685773
0.0	0.06668313367115805
1.0	0.06540699401677286
4.0	0.06399221901922213
1.0	0.06333004963811235
2.0	0.06333004963811235
4.0	0.06306562238868914
4.0	0.06243067108237753
4.0	0.06237870608514197
4.0	0.061850371257617096
