True Label: 0.0
2.0	0.17777953363369445
1.0	0.12298800925361816
4.0	0.1091089451179962
2.0	0.10482848367219183
3.0	0.0944911182523068
4.0	0.09394227846020416
4.0	0.09166984970282112
4.0	0.09166984970282112
4.0	0.09166984970282112
4.0	0.09113532707206115
4.0	0.09035079029052512
2.0	0.08888976681684722
4.0	0.08671099695241198
4.0	0.08451542547285165
4.0	0.08104408984731076
4.0	0.08058229640253801
4.0	0.08058229640253801
4.0	0.08058229640253801
4.0	0.08058229640253801
4.0	0.08058229640253801
2.0	0.07957587675990378
0.0	0.0782014058862318
4.0	0.07559289460184544
4.0	0.07273929674533079
4.0	0.07273929674533079
3.0	0.06788442333021306
2.0	0.06788442333021306
1.0	0.06681531047810609
4.0	0.06681531047810609
4.0	0.0657951694959769
0.0	0.06503324771430899
4.0	0.06338656910463875
4.0	0.0629940788348712
3.0	0.06260879033472616
4.0	0.05976143046671968
4.0	0.05976143046671968
3.0	0.05976143046671968
3.0	0.05832118435198043
4.0	0.05698028822981897
4.0	0.05698028822981897
4.0	0.05698028822981897
3.0	0.055862919204289395
4.0	0.05572782125753528
0.0	0.05572782125753528
4.0	0.0545544725589981
4.0	0.0545544725589981
4.0	0.0545544725589981
4.0	0.0545544725589981
3.0	0.052925612402496304
4.0	0.052414241836095915
