True Label: 0.0
2.0	0.4999999999999999
4.0	0.21597969886241553
3.0	0.20584647651482296
0.0	0.147022529323354
4.0	0.13565237905857336
3.0	0.13278645192037483
3.0	0.13103560459023977
4.0	0.13006649542861798
4.0	0.12283845372799884
4.0	0.11805626722019105
4.0	0.11694189527970462
3.0	0.11338934190276817
2.0	0.11180339887498947
4.0	0.11118739749916517
0.0	0.1108671978402722
4.0	0.10798984943120776
1.0	0.10527936095153945
4.0	0.10482848367219183
4.0	0.10072787050317253
4.0	0.09841699859396696
4.0	0.09678678369916546
3.0	0.09643959372630745
4.0	0.09178009610430009
4.0	0.09178009610430009
4.0	0.09166984970282112
2.0	0.09166984970282112
4.0	0.09166984970282112
4.0	0.09166984970282112
4.0	0.09166984970282112
4.0	0.0909241209316635
4.0	0.0905108294728832
3.0	0.0890870806374748
4.0	0.08671099695241198
3.0	0.08552429234903064
4.0	0.08547043234472845
4.0	0.08547043234472845
2.0	0.08500864181358811
4.0	0.08451542547285165
4.0	0.08451542547285165
2.0	0.0831966988204849
4.0	0.08316847989130755
4.0	0.08269767696299568
4.0	0.08247860988423225
1.0	0.08247860988423225
4.0	0.08183170883849715
4.0	0.08125815443923906
3.0	0.07881104062391006
4.0	0.07795119555779045
4.0	0.07715167498104596
4.0	0.0763762615825973
