True Label: 0.0
4.0	0.4999999999999999
4.0	0.2759386380695814
4.0	0.23186944788008412
4.0	0.23186944788008412
0.0	0.1951800145897066
4.0	0.18257418583505533
4.0	0.1813690625275029
1.0	0.17978662999019787
2.0	0.1722283021480741
0.0	0.16709347060920096
4.0	0.1653796461189446
4.0	0.1632993161855452
0.0	0.1627913855112959
2.0	0.1573869187761005
4.0	0.1539600717839002
4.0	0.15064871543094188
3.0	0.14433756729740643
3.0	0.14322297480788657
4.0	0.14186538042638172
2.0	0.13944333775567924
4.0	0.13801311186847084
4.0	0.1372132622556689
4.0	0.13533299049019168
3.0	0.13459547551454137
4.0	0.13445852909056286
4.0	0.13012000972647106
0.0	0.12909944487358055
4.0	0.12909944487358055
4.0	0.12909944487358055
4.0	0.1242259987499883
4.0	0.1225702826071791
3.0	0.11978733415914553
4.0	0.11769797726729991
4.0	0.1161895003862225
0.0	0.11547005383792515
4.0	0.11547005383792514
3.0	0.11472573281295877
0.0	0.11420804814403214
4.0	0.1126872339638022
4.0	0.1126872339638022
4.0	0.1126872339638022
4.0	0.1126872339638022
4.0	0.1118033988749895
4.0	0.1118033988749895
4.0	0.11123730207865241
4.0	0.1107018606925119
3.0	0.11009637651263604
4.0	0.10748184298009181
4.0	0.10748184298009181
4.0	0.10639903531978628
