True Label: 0.0
4.0	0.12499999999999997
4.0	0.11306675421666135
4.0	0.10660035817780521
4.0	0.09805806756909201
2.0	0.09712858623572641
2.0	0.09547032697824664
4.0	0.0944911182523068
4.0	0.08574929257125441
4.0	0.08574929257125441
4.0	0.08574929257125441
4.0	0.08333333333333333
4.0	0.08164965809277258
4.0	0.08111071056538126
0.0	0.07905694150420947
4.0	0.07905694150420947
4.0	0.07715167498104596
4.0	0.07372097807744857
4.0	0.07284643967679481
4.0	0.07216878364870323
0.0	0.06900655593423542
4.0	0.06804138174397717
2.0	0.06454972243679027
3.0	0.06419407387663693
4.0	0.06350006350009525
4.0	0.06063390625908323
4.0	0.05661385170722978
4.0	0.056214876674689614
4.0	0.05590169943749474
4.0	0.05590169943749474
3.0	0.05455447255899809
4.0	0.05455447255899809
4.0	0.053300179088902604
4.0	0.053300179088902604
4.0	0.053300179088902604
0.0	0.053300179088902604
3.0	0.052128603514268686
4.0	0.05103103630798288
4.0	0.05103103630798288
4.0	0.049029033784546004
4.0	0.049029033784546004
2.0	0.04856429311786321
1.0	0.047351372381037836
4.0	0.0472455591261534
3.0	0.0472455591261534
4.0	0.0472455591261534
4.0	0.0472455591261534
4.0	0.04564354645876383
4.0	0.04564354645876383
4.0	0.04564354645876383
4.0	0.04564354645876383
