True Label: 0.0
0.0	0.223606797749979
3.0	0.17378533390904768
4.0	0.15954480704349314
0.0	0.15396007178390023
2.0	0.1460593486680443
4.0	0.140028008402801
2.0	0.13545709229571928
0.0	0.1322875655532295
4.0	0.13093073414159545
4.0	0.12780193008453877
4.0	0.12780193008453877
2.0	0.12362450755382012
2.0	0.12362450755382012
3.0	0.12060453783110546
4.0	0.12060453783110546
4.0	0.12
4.0	0.11547005383792518
4.0	0.11470786693528089
0.0	0.10976425998969036
4.0	0.10776318121606494
4.0	0.10482848367219183
1.0	0.10213243599737853
3.0	0.09952332040455557
4.0	0.09864531720481826
4.0	0.09844519133102711
4.0	0.09486832980505139
4.0	0.09428090415820635
4.0	0.0923760430703401
3.0	0.0917662935482247
4.0	0.09128709291752768
4.0	0.0903696114115064
4.0	0.08980265101338746
0.0	0.08962581595302718
4.0	0.08955334711889903
3.0	0.08838834764831843
1.0	0.08767945989619057
4.0	0.08728715609439697
0.0	0.08728715609439697
4.0	0.08660254037844388
2.0	0.08574929257125441
0.0	0.08486684247915055
4.0	0.08387421368293256
3.0	0.08164965809277262
3.0	0.07724539357611741
4.0	0.07698003589195011
2.0	0.07698003589195011
0.0	0.07645458696117137
4.0	0.07624928516630233
3.0	0.07504787743864563
0.0	0.07448452997421312
