True Label: 0.0
4.0	0.4999999999999999
4.0	0.3265986323710904
4.0	0.27386127875258304
4.0	0.24152294576982394
4.0	0.2073221072156823
0.0	0.19599157740244455
4.0	0.16927779169233603
4.0	0.1675415633166782
4.0	0.15978709238739222
4.0	0.1564921592871903
4.0	0.15498260496951666
2.0	0.1545762119788634
4.0	0.15214515486254612
4.0	0.1460593486680443
0.0	0.14433756729740643
4.0	0.1439165525922309
4.0	0.14142135623730948
4.0	0.1333333333333333
4.0	0.13300397918683549
4.0	0.13300199504488863
4.0	0.13223592098145723
4.0	0.12909944487358058
4.0	0.12565617248750863
4.0	0.1217161238900369
4.0	0.11952286093343936
4.0	0.11952286093343936
3.0	0.11909826683508273
4.0	0.11744404390294068
4.0	0.11677484162422844
4.0	0.11677484162422842
2.0	0.11666666666666664
4.0	0.11547005383792515
4.0	0.11344607913018795
2.0	0.11114765480922502
4.0	0.11070186069251191
4.0	0.10954451150103321
2.0	0.1084001822894394
2.0	0.10540925533894599
4.0	0.10471347707292387
0.0	0.10418352464744142
4.0	0.10366105360784116
4.0	0.1022619985129827
3.0	0.10188843784909903
4.0	0.09999999999999998
4.0	0.09999999999999998
4.0	0.09837387536759293
4.0	0.09731236802019036
4.0	0.09707562007250356
4.0	0.09633432944855655
3.0	0.09587062360592127
