True Label: 0.0
4.0	0.23447857265779773
4.0	0.191662969499982
2.0	0.15204345262576896
4.0	0.14754222271266348
4.0	0.14078963666465347
4.0	0.13808921505146327
0.0	0.12754909509521123
0.0	0.12469593727770993
0.0	0.12469593727770993
0.0	0.12469593727770993
4.0	0.12126781251816646
2.0	0.11995202878081343
4.0	0.107682623063487
3.0	0.10428519929834734
4.0	0.10398160273188704
2.0	0.1034694240485926
4.0	0.10049500075885895
3.0	0.09978581407157824
4.0	0.09799919151000504
3.0	0.09768049410826109
4.0	0.09712858623572643
0.0	0.09622504486493763
0.0	0.09545044354015154
1.0	0.09414668904919875
4.0	0.0926979549318643
4.0	0.0913717355809759
4.0	0.09133743044157229
4.0	0.09097089450141438
4.0	0.09091372900969896
3.0	0.09091372900969896
4.0	0.09012760973486356
4.0	0.08976258290162668
0.0	0.0887227147725884
0.0	0.08868155074917154
4.0	0.08822522477161829
4.0	0.08817334283548109
2.0	0.08817334283548109
3.0	0.08670156928215285
4.0	0.08537347209531382
4.0	0.08404977220207886
0.0	0.08333333333333334
4.0	0.08292080047823307
2.0	0.08164293878583674
0.0	0.0816326530612245
4.0	0.08099238707340584
1.0	0.080821768836574
4.0	0.08081220356417686
4.0	0.0796266302047563
4.0	0.07887966148203325
4.0	0.0788382496841455
