True Label: 0.0
4.0	0.2357022603955159
4.0	0.21650635094610968
1.0	0.21264228508244126
4.0	0.20412414523193156
4.0	0.19802950859533486
4.0	0.17407765595569785
4.0	0.16666666666666669
4.0	0.16012815380508716
4.0	0.15554275420956382
4.0	0.15075567228888184
4.0	0.15048231635721154
4.0	0.14808721943977313
4.0	0.12598815766974242
4.0	0.12598815766974242
3.0	0.12038585308576923
4.0	0.11572751247156896
4.0	0.11547005383792518
4.0	0.11489699792428523
3.0	0.11322770341445959
4.0	0.11111111111111113
4.0	0.11111111111111113
4.0	0.1072112534837795
4.0	0.10540925533894599
4.0	0.10314212462587935
4.0	0.10206207261596575
4.0	0.09622504486493763
4.0	0.09316949906249125
4.0	0.09231861823449955
4.0	0.09231861823449955
4.0	0.09231861823449955
4.0	0.09231861823449955
4.0	0.08703882797784893
3.0	0.08512565307587487
3.0	0.08492077756084469
3.0	0.08333333333333336
4.0	0.08247860988423227
4.0	0.08183170883849715
4.0	0.08006407690254358
4.0	0.07964825072682918
4.0	0.07715167498104597
3.0	0.07715167498104597
4.0	0.07715167498104597
2.0	0.07453559924999299
4.0	0.07453559924999299
4.0	0.07453559924999299
4.0	0.07453559924999299
4.0	0.07332355751067665
2.0	0.07181062370267827
3.0	0.0700140042014005
4.0	0.0700140042014005
