True Label: 0.0
4.0	0.2618614682831909
4.0	0.23904572186687872
4.0	0.2182178902359924
4.0	0.1870439059165649
3.0	0.17817416127494962
4.0	0.1752191610126156
4.0	0.173421993904824
4.0	0.1649572197684645
2.0	0.16422569855971142
4.0	0.1628347368197324
3.0	0.1543033499620919
4.0	0.14547859349066158
4.0	0.14547859349066158
4.0	0.14159846508095775
4.0	0.13957263155977062
4.0	0.13829563644637993
4.0	0.13638618139749525
4.0	0.1336306209562122
4.0	0.13231403100624078
4.0	0.1315903389919538
4.0	0.1314143707594617
4.0	0.1314143707594617
3.0	0.12843639765078435
3.0	0.12811469025908923
4.0	0.12469593727770993
4.0	0.1211183158675826
4.0	0.11952286093343936
4.0	0.11227217828476796
3.0	0.10856745817698685
0.0	0.10647942749999
4.0	0.10619884881071831
4.0	0.10585122480499264
4.0	0.10585122480499264
4.0	0.10547959852684763
4.0	0.10499013139145202
4.0	0.10408972546332562
0.0	0.10350983390135313
2.0	0.10286889997472795
3.0	0.10270600375222015
3.0	0.10269439789832102
3.0	0.10198924915138433
3.0	0.10180516020219088
3.0	0.10068021122891563
3.0	0.10068021122891563
4.0	0.10012523486435176
2.0	0.09960238411119947
4.0	0.09869275424396534
4.0	0.09759000729485331
4.0	0.09713574567894079
4.0	0.09652341781316803
