True Label: 0.0
3.0	0.4999999999999991
4.0	0.4392634433383775
4.0	0.4238479604225769
4.0	0.4163458756493404
3.0	0.31210865480963845
3.0	0.2940827436100276
3.0	0.2743797335915367
4.0	0.2583209984746053
4.0	0.2431658119673581
4.0	0.2423417424937531
4.0	0.2416724561117684
4.0	0.2402634732291977
3.0	0.23973732077144708
4.0	0.2387195702574164
3.0	0.23652216414889426
3.0	0.23294844303549062
3.0	0.22901535484430832
0.0	0.2278133122920327
4.0	0.22693825819911
4.0	0.22221822308203704
4.0	0.22170583159257273
4.0	0.21963172166918876
4.0	0.21671195964722317
4.0	0.21640391121908514
3.0	0.21587741791801227
4.0	0.21366530591971933
4.0	0.21330154431885176
4.0	0.21213489117030093
4.0	0.21131976794075913
2.0	0.21024431034033858
3.0	0.20741964278232555
4.0	0.20422068065715862
4.0	0.2019497186620218
0.0	0.20117087080023802
1.0	0.20040455656862563
4.0	0.19888285148071047
3.0	0.19887901802830263
4.0	0.1988517615041626
4.0	0.1988517615041626
4.0	0.19830124063811055
4.0	0.1982072530570979
4.0	0.19685654065407013
2.0	0.19675790844047483
2.0	0.19675790844047483
2.0	0.19654858579589535
4.0	0.1941221969051554
3.0	0.19364259793274285
4.0	0.19077383537557863
3.0	0.19058586751847148
4.0	0.19052390313471795
