True Label: 0.0
4.0	0.4999999999999998
4.0	0.2860794159408606
4.0	0.2766939578556056
4.0	0.2637521893583148
4.0	0.2024102261881841
4.0	0.18860838403857944
0.0	0.182006302077316
3.0	0.1814455960619758
3.0	0.1794349746689439
4.0	0.17693034738587657
4.0	0.1761223309024608
4.0	0.1744556751977294
4.0	0.17218598008529232
4.0	0.16990207233548293
4.0	0.1685056611611554
4.0	0.16670783417789514
4.0	0.16571045299983225
4.0	0.16494321125756767
4.0	0.16091967146673408
4.0	0.1579735244516755
4.0	0.1579735244516755
4.0	0.15468128214363608
2.0	0.15395669779725057
4.0	0.1538554437923503
4.0	0.15346245351121282
4.0	0.1523196640970055
4.0	0.1522147705856411
4.0	0.15171652122725207
4.0	0.1487341978309261
0.0	0.14744195615489714
4.0	0.14581254498308902
4.0	0.1453949995094499
4.0	0.14519080172812554
4.0	0.1444801229541758
4.0	0.1444801229541758
3.0	0.14282184770086429
4.0	0.1414562880289346
1.0	0.14116492564331998
1.0	0.14116492564331998
2.0	0.14014773984238166
3.0	0.13900960937138318
4.0	0.13670414920128873
4.0	0.13404498046526236
4.0	0.13404498046526236
0.0	0.13363062095621217
4.0	0.13240678533309402
0.0	0.13235357548664628
4.0	0.1318760946791574
4.0	0.1318760946791574
4.0	0.1318760946791574
