True Label: 0.0
4.0	0.22645540682891915
4.0	0.21281413268968719
4.0	0.20307285509118606
4.0	0.16823164622761333
4.0	0.15309310892394862
4.0	0.14345476043925112
3.0	0.1336306209562122
3.0	0.1305582419667734
4.0	0.1296841170106876
3.0	0.12587720374450337
2.0	0.12451456127293808
3.0	0.12067769800636949
3.0	0.12038585308576923
4.0	0.11547005383792516
3.0	0.1143323900950059
4.0	0.10998533626601499
4.0	0.10879853497231115
4.0	0.10825317547305485
0.0	0.10721125348377948
4.0	0.10540925533894598
4.0	0.10540925533894598
3.0	0.10471347707292387
2.0	0.10417336527229186
0.0	0.10056474833864124
3.0	0.09901475429766744
3.0	0.09901475429766744
4.0	0.09622504486493764
3.0	0.09231861823449956
3.0	0.09165444688834583
4.0	0.09028938981432692
4.0	0.08908708063747481
2.0	0.0887856006505722
3.0	0.08751750525175062
4.0	0.08751750525175062
4.0	0.08703882797784893
4.0	0.08703882797784893
4.0	0.08703882797784893
0.0	0.08679563435367671
4.0	0.08625819491779428
3.0	0.08389450690175305
3.0	0.08333333333333336
1.0	0.08238525545716346
4.0	0.08183170883849716
4.0	0.07905694150420949
4.0	0.07777137710478191
4.0	0.07654655446197432
4.0	0.07580980435789035
4.0	0.07468817996085599
4.0	0.07452455939223415
4.0	0.07450494508490874
