True Label: 0.0
4.0	0.36196138299651337
4.0	0.3034330424545042
4.0	0.2869720215917757
4.0	0.2860794159408606
4.0	0.2711630722733202
4.0	0.2613641051214193
4.0	0.25928148942086576
4.0	0.22715542521212734
4.0	0.21780342093451605
4.0	0.2079725827019257
4.0	0.20148578187619132
4.0	0.19871939970934405
4.0	0.19402850002906638
3.0	0.18678453818827898
4.0	0.18670401120373464
4.0	0.18297700923955837
4.0	0.18281810603178267
4.0	0.18203641092364123
4.0	0.18139991997635582
4.0	0.17712297710801905
4.0	0.1764705882352941
4.0	0.1764705882352941
4.0	0.1764705882352941
3.0	0.1764705882352941
4.0	0.17079427586224766
3.0	0.16796554471137945
4.0	0.16692446522239712
2.0	0.1665741511631924
2.0	0.1665741511631924
4.0	0.16637806616154058
0.0	0.16568337391590282
0.0	0.16568337391590282
4.0	0.1645362954286044
4.0	0.1645362954286044
4.0	0.1645362954286044
4.0	0.16269784336399215
0.0	0.16269784336399212
4.0	0.16269784336399212
4.0	0.16205093088804112
3.0	0.16091967146673408
4.0	0.16062314155080887
4.0	0.15949044456578
4.0	0.15919855597737562
4.0	0.15905225257008795
4.0	0.15877683720748895
4.0	0.15877683720748895
3.0	0.15814414307370353
4.0	0.15591575895192833
4.0	0.15591575895192833
4.0	0.15512630699850574
