True Label: 0.0
4.0	0.3012320380383547
2.0	0.27357111227281605
0.0	0.27075897736896515
4.0	0.26490647141300877
1.0	0.25819888974716115
2.0	0.25353374416555485
1.0	0.19543398999264294
4.0	0.184957509452929
0.0	0.17427416889423142
4.0	0.15811388300841897
4.0	0.15423817430978112
4.0	0.1540789086069842
0.0	0.15260951874330314
2.0	0.15072891171845906
4.0	0.15048231635721154
0.0	0.13845786012261624
3.0	0.13832350199334784
3.0	0.13832083379312204
4.0	0.12781315530193368
1.0	0.1270497710556396
0.0	0.12280701754385967
4.0	0.1194461283053603
4.0	0.11322770341445959
4.0	0.11268723396380224
0.0	0.11167838904560365
4.0	0.11062122317250536
3.0	0.10879222762803663
4.0	0.10369516947304254
4.0	0.09813512696610775
2.0	0.09722222222222224
4.0	0.09643959372630746
2.0	0.09474209111998338
4.0	0.0936585811581694
4.0	0.09292781383291611
3.0	0.0925159507394634
4.0	0.08758113121817135
0.0	0.08183170883849714
4.0	0.07856742013183862
0.0	0.0776455034172182
3.0	0.07749842582921286
2.0	0.07594353140548059
2.0	0.07453559924999299
3.0	0.07404360971988656
4.0	0.07216878364870322
4.0	0.07012392595034177
3.0	0.06944444444444445
4.0	0.06846531968814579
1.0	0.0652791209833867
4.0	0.06480948092065159
4.0	0.06468440621883657
