True Label: 0.0
4.0	0.5590169943749475
2.0	0.4216370213557839
4.0	0.2710523708715754
4.0	0.2
2.0	0.149071198499986
4.0	0.1414213562373095
2.0	0.12909944487358058
0.0	0.07905694150420949
4.0	0.07027283689263066
4.0	0.06454972243679029
2.0	0.04564354645876385
4.0	0.0408248290463863
4.0	0.0372677996249965
4.0	0.03450327796711771
2.0	0.0337099931231621
4.0	0.030429030972509232
1.0	0.02948839123097943
4.0	0.028867513459481287
4.0	0.0282842712474619
4.0	0.0282842712474619
4.0	0.02795084971874737
4.0	0.025
4.0	0.025
1.0	0.024397501823713332
3.0	0.023635972962353275
1.0	0.022941573387056175
1.0	0.02258769757263128
4.0	0.02258769757263128
1.0	0.02214037213850238
2.0	0.021952851997938068
2.0	0.02058467423981546
4.0	0.02041241452319315
4.0	0.018505830254940132
4.0	0.01790287185098582
3.0	0.01695158759052026
4.0	0.016666666666666666
4.0	0.015971914124998498
4.0	0.015971914124998498
4.0	0.0158113883008419
1.0	0.015430334996209194
0.0	0.01494035761667992
4.0	0.014433756729740644
4.0	0.014433756729740644
4.0	0.01244823994329923
4.0	0.011562432251572007
4.0	0.010611908999450222
2.0	0.010546786488216739
4.0	0.010249000771134848
3.0	0.00956948752938691
3.0	0.009159291318091397
