True Label: 0.0
4.0	0.5
4.0	0.5
4.0	0.27675936240866555
4.0	0.2552637351213155
4.0	0.24764219818702876
4.0	0.24758202513348904
4.0	0.2342460684935891
4.0	0.23099102039861963
4.0	0.2283148255687048
4.0	0.22831482556870478
4.0	0.22457384561773838
4.0	0.21021382614017325
4.0	0.19569842191603268
4.0	0.19492029389636262
3.0	0.19012817059842613
3.0	0.18929940971212042
3.0	0.18248971940174205
3.0	0.18224227560060588
4.0	0.17190354104313227
4.0	0.16882162837393883
4.0	0.1554926033927807
4.0	0.15471318693881903
4.0	0.15058675831730728
4.0	0.14819897956091455
4.0	0.14767063927109342
4.0	0.14586499149789456
4.0	0.14364758784526718
4.0	0.141755291427707
4.0	0.141509827535445
4.0	0.1389365433383574
4.0	0.13837968120433275
4.0	0.1354460635337592
4.0	0.13396235926758265
4.0	0.13142409449167686
4.0	0.12902312240467295
4.0	0.12763186756065775
0.0	0.12734646361774526
4.0	0.12684804110397171
4.0	0.12684804110397171
4.0	0.12632278815997786
4.0	0.1254569603541013
4.0	0.1254569603541013
3.0	0.12435434751878158
4.0	0.12382109909351438
4.0	0.12382109909351438
4.0	0.12327841818038449
3.0	0.12257995126633975
4.0	0.1215541595815788
4.0	0.12136700910941023
4.0	0.12094486171172418
