True Label: 0.0
4.0	0.2795084971874737
4.0	0.2552637351213155
4.0	0.23717082451262844
4.0	0.22360679774997896
4.0	0.1976423537605237
4.0	0.19050019050028574
3.0	0.1824501122999404
4.0	0.18190171877724973
4.0	0.17995393768717366
4.0	0.17334381132038412
4.0	0.1720618004029213
4.0	0.17149858514250885
4.0	0.16878498775964423
4.0	0.16864463002406882
4.0	0.16770509831248423
4.0	0.1643439337834791
3.0	0.1636634176769943
3.0	0.16222142113076254
4.0	0.16012815380508713
4.0	0.15818420272859918
4.0	0.15811388300841897
3.0	0.15731330124142315
3.0	0.15617376188860607
4.0	0.15158476564770812
3.0	0.1504823163572115
4.0	0.15000000000000002
4.0	0.14433756729740643
4.0	0.1336306209562122
4.0	0.12763186756065775
4.0	0.12763186756065775
3.0	0.125
4.0	0.125
4.0	0.125
4.0	0.12028130608117203
4.0	0.11907241805196005
4.0	0.11811389781538349
4.0	0.11785113019775793
4.0	0.11713032141645455
4.0	0.11572751247156893
3.0	0.11495498324651714
4.0	0.11470786693528087
4.0	0.11306675421666136
4.0	0.11225331376673432
2.0	0.11180339887498948
4.0	0.11180339887498948
3.0	0.11058146711617285
4.0	0.10875785501763716
3.0	0.10858884503981403
4.0	0.10825317547305485
4.0	0.10660035817780522
