True Label: 0.0
0.0	0.5000000000000003
3.0	0.272740723217479
4.0	0.27272727272727276
3.0	0.24077170617153845
4.0	0.23096744271857797
4.0	0.2268606277001962
4.0	0.21759706994462233
4.0	0.21666666666666667
4.0	0.20833333333333337
2.0	0.20619652471058064
4.0	0.20412414523193154
4.0	0.19583736295016008
4.0	0.17503501050350123
0.0	0.16903085094570336
4.0	0.16865429862834935
4.0	0.1684303842133038
4.0	0.1636634176769943
4.0	0.16137430609197573
3.0	0.14803913136594804
4.0	0.140028008402801
2.0	0.13878402750067526
3.0	0.13693063937629157
4.0	0.13638618139749525
4.0	0.1305582419667734
4.0	0.12842529172852038
3.0	0.12826726866912702
3.0	0.12598815766974242
4.0	0.12527870714644895
3.0	0.12325102535131585
4.0	0.12309149097933275
4.0	0.12252450735245088
4.0	0.12252450735245088
2.0	0.12198750911856666
4.0	0.12038585308576923
4.0	0.1201234565301181
3.0	0.12009611535381537
4.0	0.11589658124319133
4.0	0.11556254088025608
4.0	0.11547005383792518
4.0	0.11547005383792518
2.0	0.11509684013340965
4.0	0.11481983169296146
4.0	0.11340808859081936
4.0	0.11340808859081936
4.0	0.11322770341445959
4.0	0.1118033988749895
2.0	0.1113588507968435
3.0	0.11056724533396292
4.0	0.11023963796102462
4.0	0.10825317547305485
