True Label: 0.0
4.0	0.13231403100624078
3.0	0.11631052629980887
4.0	0.09252420041184499
4.0	0.08908708063747481
3.0	0.08314109932105399
4.0	0.07968190728895957
4.0	0.07810672765473771
3.0	0.07229440390678199
0.0	0.0716182890839134
4.0	0.06978631577988531
3.0	0.06856173904245096
4.0	0.06615701550312039
0.0	0.06419407387663695
4.0	0.06099375455928333
4.0	0.05892556509887897
4.0	0.05832118435198043
4.0	0.057863756235784464
4.0	0.0563436169819011
4.0	0.05542739954736933
4.0	0.05143444998736397
4.0	0.04941662111074008
4.0	0.048795003647426664
3.0	0.04854793875029462
4.0	0.046524210519923545
4.0	0.046262100205922495
4.0	0.046004370622823615
4.0	0.045891198567940085
3.0	0.045501575519329006
2.0	0.045501575519329006
4.0	0.044843500208385956
4.0	0.044086671417740544
4.0	0.043740888263985325
4.0	0.042796049251091296
2.0	0.042257712736425826
4.0	0.042257712736425826
4.0	0.042257712736425826
2.0	0.041570549660527
0.0	0.04008918628686366
3.0	0.03984095364447979
4.0	0.03984095364447979
4.0	0.03969420930187223
4.0	0.03857583749052298
4.0	0.03805097170738808
3.0	0.038009902109120086
4.0	0.03742405942825599
4.0	0.03742405942825599
3.0	0.037151880838356854
4.0	0.0363696483726654
4.0	0.03539961627023943
4.0	0.03539961627023943
