True Label: 0.0
4.0	0.2869022920265156
3.0	0.2349204928674698
4.0	0.21821789023599242
4.0	0.1749635530559413
4.0	0.15805215593871993
2.0	0.15430334996209194
3.0	0.15051153338813575
4.0	0.14285714285714288
4.0	0.1413690070383154
4.0	0.13957263155977062
4.0	0.13750477455423168
3.0	0.13646367250395836
3.0	0.12841737670020995
0.0	0.12452312927991693
3.0	0.12324720450266416
3.0	0.12260205965343744
4.0	0.12104550653376049
4.0	0.12001983962979583
4.0	0.11878277418329973
3.0	0.1174602464337349
1.0	0.11572751247156894
4.0	0.11572751247156894
4.0	0.11357492196459085
4.0	0.1126872339638022
4.0	0.11175975124542252
4.0	0.10952886563770968
4.0	0.10910894511799621
4.0	0.10638306204337375
4.0	0.10638306204337375
4.0	0.10585122480499264
4.0	0.10499013139145202
4.0	0.10350983390135313
1.0	0.10286889997472795
2.0	0.10264106159981964
2.0	0.10264106159981964
4.0	0.10228963604812144
4.0	0.1021618888477594
0.0	0.1021618888477594
3.0	0.10101525445522108
4.0	0.09883324222148016
4.0	0.09759000729485333
4.0	0.09759000729485331
4.0	0.09652341781316803
3.0	0.09523809523809525
2.0	0.09356014857063996
3.0	0.09356014857063996
4.0	0.09352195295828244
4.0	0.09328428560339959
4.0	0.09304842103984708
4.0	0.0909241209316635
