True Label: 0.0
0.0	0.335854623255751
3.0	0.2674487902207202
4.0	0.21829674880547967
3.0	0.21413869147987366
4.0	0.19711478598582827
1.0	0.19432769604337913
3.0	0.1897429818472713
4.0	0.1887521501044183
3.0	0.1863617487505633
4.0	0.1810512038002397
3.0	0.1797639524803984
3.0	0.17492143965096119
2.0	0.1658262002724986
4.0	0.1630642427076085
2.0	0.15284724858781923
3.0	0.15138962670099046
4.0	0.14669262227303714
4.0	0.1462582641252291
2.0	0.1437423937547286
0.0	0.14199357030629187
0.0	0.13876357447167895
3.0	0.13725270326150327
4.0	0.13674728041105133
3.0	0.13552082262845574
0.0	0.1316370392080739
3.0	0.13119275031154268
4.0	0.13078299623495443
2.0	0.12681870226429617
1.0	0.1262807635970402
4.0	0.1250152615835988
4.0	0.12464888862020655
3.0	0.12215565898072393
0.0	0.12181498633267139
4.0	0.12010768862268623
1.0	0.12004147831153895
2.0	0.1194880298498108
4.0	0.11914652116716767
1.0	0.11894020669001056
4.0	0.11804804116247142
3.0	0.11796515862212731
1.0	0.1167601121495427
1.0	0.11530544925839352
4.0	0.11503946170861015
4.0	0.11401129548678719
4.0	0.11356579823507376
2.0	0.11322770341445959
0.0	0.11253517273807995
2.0	0.11131687260422783
0.0	0.11019949493596207
4.0	0.10971743871830046
