True Label: 0.0
3.0	0.19374606457303215
1.0	0.17831573790537297
0.0	0.15740004693383916
4.0	0.1553424415003
4.0	0.13549162565314346
1.0	0.13077859358679667
4.0	0.12933570724136031
0.0	0.12755391544216985
4.0	0.12655439943366653
4.0	0.12556180058348065
2.0	0.11399018814688829
1.0	0.11115400287534567
4.0	0.10359208249112943
0.0	0.10283867552865913
3.0	0.10262104571787267
2.0	0.10254432451196417
1.0	0.10228428509895357
4.0	0.1017387650221051
1.0	0.10146925788636821
4.0	0.09913631941932194
4.0	0.09913631941932194
4.0	0.097988300169602
1.0	0.09687303228651607
3.0	0.09491579957524991
0.0	0.09491579957524988
3.0	0.09208185110322617
3.0	0.09004503377814962
3.0	0.08986182904354195
3.0	0.08483757897365093
2.0	0.08458258116519013
3.0	0.08275303185078305
4.0	0.08219949365267865
4.0	0.08219949365267865
3.0	0.08169673973980468
3.0	0.07974522228289
4.0	0.07930309760016496
1.0	0.07909649964604158
0.0	0.07751332793988404
4.0	0.07749842582921286
2.0	0.07703602408508738
3.0	0.07610194341477615
0.0	0.07604653609515219
4.0	0.07543142864047142
4.0	0.07435223956449145
4.0	0.07271792483455794
3.0	0.07174960033341753
4.0	0.07072787101030432
4.0	0.06906138832741962
4.0	0.06879847847130335
2.0	0.06839411288813299
