True Label: 0.0
4.0	0.4999999999999999
3.0	0.3180732125814322
4.0	0.31088091417902924
4.0	0.269069117598525
3.0	0.24931919733558858
4.0	0.249067740693359
4.0	0.1908854288927333
4.0	0.1849000654084097
4.0	0.17739371879672478
3.0	0.17713740961789087
4.0	0.17548961658657078
4.0	0.17118419700436516
4.0	0.16012815380508713
4.0	0.15348515337873012
3.0	0.14723928670355874
4.0	0.14470719035407653
2.0	0.1406421692815486
4.0	0.13974867836520904
4.0	0.13810553926175198
4.0	0.13810553926175198
4.0	0.1345345587992625
4.0	0.1345345587992625
4.0	0.13406223004292966
4.0	0.13375009404306795
4.0	0.1315587028960544
4.0	0.1307440900921227
2.0	0.1307440900921227
4.0	0.12844244597847712
4.0	0.12403473458920845
4.0	0.12403473458920845
3.0	0.12307779245763334
4.0	0.11720180773462385
3.0	0.11651034560709261
4.0	0.11538461538461539
4.0	0.11538461538461539
2.0	0.11322770341445959
4.0	0.1113498335207611
4.0	0.1113498335207611
4.0	0.11098534863604863
4.0	0.11064343551787093
4.0	0.10963225241337866
0.0	0.10963225241337866
4.0	0.10963225241337866
4.0	0.10675210253672476
4.0	0.10586037728914807
4.0	0.10567049305145204
1.0	0.10300524052492095
4.0	0.10241831129983782
2.0	0.10127393670836667
4.0	0.10090091909944687
