True Label: 0.0
2.0	0.5880797558273921
2.0	0.4648599479863048
1.0	0.33333333333333337
4.0	0.27586862953412267
2.0	0.27216552697590873
4.0	0.26403934479377983
2.0	0.2636248650982481
1.0	0.24948506639458298
1.0	0.24573659359149524
3.0	0.23640271442232508
0.0	0.23036491348836272
4.0	0.22815905695352723
0.0	0.2166445612065605
1.0	0.1840525434580776
3.0	0.17149858514250885
3.0	0.16933350266692068
0.0	0.15689290811054726
2.0	0.14994003597601682
4.0	0.14784425419091457
3.0	0.14606744127124016
3.0	0.14237369936287486
4.0	0.1421338109037403
1.0	0.14142135623730953
3.0	0.13934660285832356
3.0	0.13900960937138318
0.0	0.13654800506215234
4.0	0.13176156917368248
4.0	0.13176156917368248
4.0	0.1280049132136202
4.0	0.1280049132136202
4.0	0.12598815766974242
4.0	0.12263727728644858
2.0	0.11984874925111245
4.0	0.11556254088025608
4.0	0.11551721334727867
4.0	0.1143323900950059
4.0	0.1143323900950059
4.0	0.11331668394168083
4.0	0.11294530761424885
3.0	0.11271582148292023
3.0	0.11259433727776125
4.0	0.10622533917472994
4.0	0.10540925533894599
4.0	0.10286889997472795
3.0	0.10286889997472795
2.0	0.10286889997472795
4.0	0.10179731971185751
1.0	0.09877787655570372
4.0	0.09712858623572643
3.0	0.09687303228651607
