True Label: 0.0
3.0	0.2141851604894859
4.0	0.20980915701223476
2.0	0.19891957789757148
4.0	0.1879772644642645
4.0	0.18657075241749305
3.0	0.18474475561421222
4.0	0.18372028258605821
4.0	0.18340285135532647
4.0	0.1797054196370016
3.0	0.17899687196220046
0.0	0.17786387594901104
3.0	0.17786256285902072
4.0	0.17709699439434842
4.0	0.17709699439434842
4.0	0.17042035656119817
4.0	0.17035691786029675
0.0	0.16280654765015917
3.0	0.1624908319391298
0.0	0.1622336196058808
1.0	0.15978881477138282
4.0	0.15975325515502634
4.0	0.156742540680066
4.0	0.15456855213421813
1.0	0.15453763533180181
1.0	0.15297171361096748
3.0	0.1520987548355432
4.0	0.15077258625366882
4.0	0.15021061475793782
4.0	0.1495200904259935
1.0	0.14864320106631715
3.0	0.14841386825275885
3.0	0.14674474255082032
1.0	0.14612024479271138
4.0	0.1436437342494009
4.0	0.14353384139170094
3.0	0.14105266430839306
4.0	0.1408444388795765
4.0	0.14055330741313293
2.0	0.13971128415818215
2.0	0.13971128415818215
4.0	0.13954766434326238
4.0	0.13943513326760368
4.0	0.13943345866691337
4.0	0.13817471090981698
1.0	0.136805692576465
4.0	0.13652103965590143
4.0	0.13428612204965362
4.0	0.13428612204965362
4.0	0.13404659807372166
4.0	0.13364185073473753
