True Label: 0.0
1.0	0.3588771877818194
0.0	0.3555473090789375
3.0	0.3467943681051926
4.0	0.30015317846287876
3.0	0.277572601235535
0.0	0.270042461186177
4.0	0.2609675441799134
3.0	0.21727963411308784
4.0	0.21723492176893444
0.0	0.20633055257020724
4.0	0.19372766085256032
4.0	0.19333322393030125
4.0	0.1843604188673475
4.0	0.1819618615194378
4.0	0.1810512038002397
0.0	0.17961000236224556
4.0	0.1764344676789482
4.0	0.17426257801887124
4.0	0.1716754345559768
3.0	0.1699778099010221
3.0	0.16606127053486036
4.0	0.16591591209899204
4.0	0.16327166457306103
4.0	0.16191735072072877
4.0	0.16191735072072877
0.0	0.15746933183579126
3.0	0.15714693267512025
0.0	0.15679494187676124
2.0	0.15388020554350487
3.0	0.15380065742231522
4.0	0.1523049915090267
0.0	0.1519876197143117
4.0	0.1510434438877828
2.0	0.1502498616792092
3.0	0.14727759876865565
3.0	0.14382062372263346
4.0	0.14279768098449108
4.0	0.14139798660049174
4.0	0.14088580592324093
4.0	0.13914269071723204
1.0	0.13778566535631737
4.0	0.1375634899921818
4.0	0.13628544171510343
4.0	0.13512374686298534
4.0	0.1337491053485943
4.0	0.13326686757039838
4.0	0.13326686757039835
4.0	0.1325252132694664
3.0	0.13229573220851734
4.0	0.13229573220851734
