True Label: 0.0
2.0	0.5000000000000004
1.0	0.22420547833348164
4.0	0.22342222751815655
3.0	0.20272121351984576
4.0	0.19278391494126867
4.0	0.1712900399257872
4.0	0.1702294102856503
4.0	0.16984155512168936
4.0	0.1666666666666667
4.0	0.15957118462605635
4.0	0.15876322406928006
4.0	0.15590239111558088
3.0	0.1544993737759967
4.0	0.15446527436157478
3.0	0.15236949423616264
4.0	0.15214515486254615
4.0	0.1516970091030344
0.0	0.14360673947588817
4.0	0.14188377503654787
1.0	0.14085904245475278
4.0	0.140028008402801
4.0	0.14002800840280097
4.0	0.1399641737566906
4.0	0.1394047268348904
4.0	0.13911347406177363
4.0	0.13853967058401476
3.0	0.13809465581169675
4.0	0.13693063937629155
4.0	0.136816808292472
3.0	0.13675235141716732
4.0	0.13608276348795434
3.0	0.1358672720408206
3.0	0.13327042740656528
4.0	0.13041800750958332
3.0	0.1304180075095833
4.0	0.13022979303897736
4.0	0.12936372241705024
2.0	0.12909944487358058
4.0	0.12858612496840993
4.0	0.12835900770256756
4.0	0.1283162256436841
4.0	0.12830005981991682
4.0	0.12772694347576066
4.0	0.1272937693043289
4.0	0.12707395603497862
3.0	0.12601651996668883
1.0	0.1256297269074015
1.0	0.1256297269074015
4.0	0.1255073176418008
3.0	0.12509255832441893
