True Label: 0.0
3.0	0.3926257223466819
3.0	0.3856169322778272
4.0	0.3420837274641176
4.0	0.33127396699621064
3.0	0.33124982078334303
3.0	0.3300547988028139
4.0	0.292943002710219
4.0	0.2712004257031626
4.0	0.26093122922137685
3.0	0.2593482142316004
3.0	0.25852710248580124
4.0	0.2578553115646983
3.0	0.24809303088898704
4.0	0.24377804031954886
4.0	0.24310831916315762
4.0	0.24273401821882046
4.0	0.23819653367016547
4.0	0.2320697804082285
4.0	0.23159177829329275
4.0	0.23159177829329272
4.0	0.21655752843197895
4.0	0.21655752843197895
3.0	0.215375979032619
4.0	0.2049226221651187
0.0	0.1944866553305261
4.0	0.19353468360700946
4.0	0.18929940971212036
4.0	0.1856558243265828
4.0	0.18524872445114315
4.0	0.18248971940174205
4.0	0.181141103733185
4.0	0.18049871809528883
4.0	0.17799036455757872
2.0	0.1775996058764362
0.0	0.1764114247738145
4.0	0.16900621626642862
3.0	0.1615926535664718
4.0	0.15804073293140258
2.0	0.15746141578347167
2.0	0.15593623511709007
2.0	0.15064871543094188
4.0	0.150093837982278
4.0	0.14586499149789456
4.0	0.14586499149789456
4.0	0.14486247108551026
3.0	0.14197455728409028
3.0	0.14147303787485033
4.0	0.13922521388099016
4.0	0.1364442057274538
0.0	0.13582310328350414
