True Label: 0.0
3.0	0.5000000000000002
4.0	0.37796447300922725
3.0	0.33957841225098806
4.0	0.27438482430479083
4.0	0.26860765467512676
4.0	0.26462806201248157
4.0	0.2631806779839076
4.0	0.2439750182371333
4.0	0.2228124549277306
4.0	0.22043335708870276
2.0	0.20982172726556325
4.0	0.20158105227158782
3.0	0.19894589252079753
4.0	0.1973855084879307
4.0	0.19738550848793068
3.0	0.19738550848793068
4.0	0.19427149135788158
4.0	0.18609684207969418
3.0	0.18200630207731605
4.0	0.17118419700436519
0.0	0.170367083999984
4.0	0.16763962686813377
4.0	0.1649572197684645
4.0	0.1567723603339241
4.0	0.15275252316519466
4.0	0.15018785229652765
2.0	0.14754222271266348
4.0	0.14638501094228
4.0	0.14503165359114883
0.0	0.14433756729740646
4.0	0.14398646590827704
3.0	0.1437884052531082
4.0	0.14349920066683505
4.0	0.14310494381156322
4.0	0.14285714285714288
4.0	0.14285714285714288
4.0	0.1399264284050994
3.0	0.13801311186847084
4.0	0.13448799637279435
4.0	0.13295400586957762
4.0	0.1315903389919538
4.0	0.13149797743281127
0.0	0.1311326320782405
4.0	0.13098420799889596
0.0	0.12898484259189558
3.0	0.12858612496840993
4.0	0.12651520683686845
0.0	0.12598815766974242
4.0	0.12598815766974242
4.0	0.12598815766974242
