True Label: 0.0
4.0	0.276172385369497
4.0	0.22941573387056174
4.0	0.22360679774997896
4.0	0.21879748724684184
4.0	0.2175157100352743
4.0	0.20916500663351886
4.0	0.1599005372667078
4.0	0.15811388300841897
4.0	0.15625
3.0	0.1468887999253492
4.0	0.14433756729740646
4.0	0.14002800840280097
3.0	0.14002800840280097
2.0	0.13975424859373686
4.0	0.12909944487358055
0.0	0.12897231589653857
4.0	0.125
4.0	0.125
4.0	0.12257258446136503
4.0	0.12252450735245085
4.0	0.12126781251816648
4.0	0.12126781251816648
4.0	0.11811389781538349
4.0	0.11470786693528087
4.0	0.11470786693528087
4.0	0.11316968255314816
4.0	0.11316968255314816
4.0	0.11306675421666136
4.0	0.10939874362342092
4.0	0.10939874362342092
0.0	0.1091089451179962
4.0	0.10718661571406801
4.0	0.10660035817780521
3.0	0.10575858458679577
4.0	0.10206207261596577
4.0	0.10206207261596575
4.0	0.10054995831748047
3.0	0.09996451593714056
3.0	0.09996451593714056
4.0	0.09882117688026185
4.0	0.09882117688026185
3.0	0.09749345042220037
4.0	0.09682458365518541
4.0	0.09682458365518541
3.0	0.09652341781316803
4.0	0.09622504486493763
4.0	0.09622504486493763
3.0	0.09602765994967198
4.0	0.09422229518055114
4.0	0.09375
