True Label: 0.0
0.0	0.1590309552075113
4.0	0.1401930385230111
4.0	0.13471683424707276
4.0	0.12909944487358058
4.0	0.10660035817780525
3.0	0.08710914345557083
3.0	0.08625819491779428
4.0	0.08625819491779428
4.0	0.08512565307587487
3.0	0.08505172717997146
4.0	0.08068715304598786
4.0	0.08006407690254358
3.0	0.0790569415042095
3.0	0.07905694150420949
4.0	0.07905694150420949
4.0	0.07905694150420949
4.0	0.07856742013183862
4.0	0.07840625602339751
4.0	0.07777137710478191
4.0	0.07634798978389315
4.0	0.0760663263463838
4.0	0.07572990642138522
4.0	0.07524115817860577
4.0	0.07426106572325059
4.0	0.0740834074167778
0.0	0.0739221270954573
4.0	0.07382551319394139
4.0	0.07381956797148219
0.0	0.07216878364870323
4.0	0.07216878364870323
4.0	0.07181062370267827
3.0	0.07177115647040182
4.0	0.07172738021962556
4.0	0.0716727723851245
1.0	0.06967330142916177
3.0	0.06854837902408804
4.0	0.06849957804389888
4.0	0.06846531968814577
4.0	0.06846531968814577
4.0	0.06759225880448441
4.0	0.06685478776986835
4.0	0.0668153104781061
4.0	0.0668153104781061
4.0	0.0661570155031204
4.0	0.0652791209833867
4.0	0.0652791209833867
4.0	0.0652791209833867
4.0	0.06498440561375456
4.0	0.06495698024616309
4.0	0.06454972243679029
