True Label: 0.0
4.0	0.22727272727272724
4.0	0.15075567228888181
4.0	0.14673479641335552
4.0	0.13762047064079505
4.0	0.12309149097933274
4.0	0.12309149097933274
4.0	0.12309149097933274
3.0	0.11941628680530642
4.0	0.11826247919781652
2.0	0.11677484162422842
4.0	0.11363636363636362
4.0	0.10341753799900381
4.0	0.10050378152592121
4.0	0.09913631941932194
4.0	0.09782319760890368
4.0	0.09642365197998373
4.0	0.09642365197998373
3.0	0.09572994763343545
3.0	0.09534625892455922
0.0	0.09422229518055111
4.0	0.09140905301589132
0.0	0.09140905301589132
4.0	0.0909090909090909
3.0	0.08891084489487741
3.0	0.08826602206359602
0.0	0.08721847487274972
3.0	0.08703882797784893
4.0	0.08547043234472845
4.0	0.08547043234472845
2.0	0.08398387664337813
4.0	0.08362420100070908
0.0	0.0832250378576479
4.0	0.08257228238447703
4.0	0.08257228238447703
4.0	0.08058229640253801
2.0	0.08001173793256854
4.0	0.07923542222141386
4.0	0.07756315349925286
4.0	0.07714820273031932
1.0	0.07696491199836993
3.0	0.07693218186208296
4.0	0.07422696190252055
4.0	0.07106690545187014
2.0	0.07019682706051919
2.0	0.07019682706051919
3.0	0.06917144638660747
4.0	0.06818181818181818
3.0	0.06769129513423529
4.0	0.06668313367115805
1.0	0.06662522386112825
