True Label: 0.0
4.0	0.2618614682831908
4.0	0.22131333406899523
4.0	0.21602468994692864
4.0	0.19030380670684913
4.0	0.19030380670684913
4.0	0.17457431218879388
4.0	0.15971914124998493
4.0	0.14907119849998593
4.0	0.14907119849998593
4.0	0.14638501094227996
4.0	0.14085904245475273
3.0	0.1357241785076592
4.0	0.13552618543578768
4.0	0.12777531299998796
4.0	0.11952286093343936
4.0	0.11952286093343936
4.0	0.11870985460751236
4.0	0.11769797726729994
4.0	0.11755159969607332
4.0	0.11720180773462385
2.0	0.11448213788688048
4.0	0.1129384878631564
4.0	0.11081832770072812
4.0	0.10910894511799618
4.0	0.10910894511799617
4.0	0.10811249552346708
4.0	0.1073314252360676
4.0	0.10690449676496976
4.0	0.10690449676496976
4.0	0.10509831290535677
4.0	0.10403129732205986
4.0	0.1019294382875251
0.0	0.1019294382875251
4.0	0.10079052613579392
4.0	0.10030135678562992
4.0	0.09944903161976938
4.0	0.09745586289152092
4.0	0.09634359589461942
0.0	0.09583148474999098
4.0	0.09583148474999095
4.0	0.09583148474999095
4.0	0.09576643706915483
2.0	0.09503819266229827
2.0	0.0944911182523068
4.0	0.09390602830316849
4.0	0.09183536867546747
4.0	0.08964214570007953
4.0	0.08964214570007951
4.0	0.089554732567929
4.0	0.08934871726729446
