True Label: 0.0
4.0	0.20998026278290405
4.0	0.19738550848793068
4.0	0.157485197087178
4.0	0.14638501094227996
4.0	0.1336306209562122
4.0	0.1302809498123842
4.0	0.12598815766974242
4.0	0.1227571540350591
4.0	0.11572751247156893
4.0	0.1126872339638022
4.0	0.11194341570991126
2.0	0.1114062274638653
4.0	0.10223972648864955
4.0	0.09759000729485331
4.0	0.09759000729485331
4.0	0.09356014857063996
4.0	0.09304842103984708
0.0	0.0899235973995271
4.0	0.08849904067559859
1.0	0.08767770460435939
4.0	0.08728715609439697
1.0	0.08689787431778351
4.0	0.08671099695241201
4.0	0.08559209850218259
3.0	0.0849411985729376
4.0	0.08399210511316162
4.0	0.08247860988423225
4.0	0.08183170883849715
2.0	0.07887457230744283
4.0	0.07838618016696206
4.0	0.07715167498104597
4.0	0.07715167498104596
4.0	0.07597371763975865
3.0	0.07491700807390765
4.0	0.07484811885651196
4.0	0.07142857142857144
2.0	0.07102387371589204
4.0	0.06988565578146122
4.0	0.06900655593423542
4.0	0.06900655593423542
4.0	0.06825236327899352
3.0	0.06788442333021306
4.0	0.06774797209007694
4.0	0.0675164347192825
4.0	0.06655583256397218
4.0	0.0657951694959769
4.0	0.06546536707079773
4.0	0.06497343129878755
0.0	0.0643489452087787
4.0	0.06366070140792304
