True Label: 0.0
0.0	0.23176179118107215
3.0	0.1854495467547289
4.0	0.17017425192460683
3.0	0.16357216402190616
4.0	0.1545078607873814
2.0	0.15191090506255
3.0	0.14008295367013146
0.0	0.14008295367013146
1.0	0.1298810833665328
1.0	0.12201777521731264
4.0	0.12131660543220452
0.0	0.10925355610938446
1.0	0.10127393670836665
4.0	0.09891748862459217
3.0	0.09513029883089882
4.0	0.08459098688756271
1.0	0.08200027552138864
1.0	0.07933288280219178
3.0	0.07637529907701665
1.0	0.07520710469952335
0.0	0.06383881894170368
2.0	0.06236480624445477
4.0	0.062017367294604234
0.0	0.06039860389867788
4.0	0.054392829322042126
3.0	0.05416186085055893
4.0	0.05349506156386412
1.0	0.052303826205070646
4.0	0.04774099160262886
2.0	0.04756514941544941
2.0	0.04622501635210244
4.0	0.04622501635210244
4.0	0.045039562110931256
3.0	0.044699015626767424
4.0	0.043852900965351466
3.0	0.043852900965351466
0.0	0.042796049251091296
4.0	0.042796049251091296
0.0	0.041773367652300254
3.0	0.04157653749630318
0.0	0.04111711414037299
0.0	0.04040793438302741
0.0	0.04024218182927669
0.0	0.04003203845127179
4.0	0.03927234818279926
2.0	0.03922322702763681
0.0	0.03896432500995984
4.0	0.038461538461538464
0.0	0.038057094641164524
3.0	0.03774256780481986
