True Label: 0.0
4.0	0.16857054433093707
2.0	0.16251426050278545
4.0	0.15419152487578394
0.0	0.14567140814584592
2.0	0.14361413797053765
3.0	0.14121975762272054
1.0	0.11984874925111245
4.0	0.1189402066900105
1.0	0.11564811108145182
3.0	0.11399018814688829
3.0	0.10639084227042907
2.0	0.10484720805988643
4.0	0.10453025125088633
4.0	0.10212858423763305
4.0	0.10159190903459459
4.0	0.1010920747865338
0.0	0.09924419302614057
0.0	0.0978560939919977
4.0	0.09664881244769812
4.0	0.09656090991705352
0.0	0.0954819832052577
4.0	0.09524241471993242
0.0	0.0931808743752816
1.0	0.09272477337736446
3.0	0.09061915769440534
4.0	0.09061915769440534
3.0	0.08997017891853441
4.0	0.0872027739283239
4.0	0.0872027739283239
1.0	0.08674723979493602
2.0	0.08664266201153363
3.0	0.08647908694379514
3.0	0.08574056712808034
0.0	0.08568260861500275
3.0	0.08559209850218256
0.0	0.08552978171306788
4.0	0.0851938354280761
4.0	0.08513824469684098
4.0	0.084303163709147
1.0	0.08302258023111964
3.0	0.08218816126224046
3.0	0.08198435159162952
4.0	0.0818659383620061
3.0	0.08178608201095307
0.0	0.08091133940627349
1.0	0.07941048166777183
4.0	0.07941048166777182
3.0	0.07845942362700067
4.0	0.07692307692307693
2.0	0.07631757831493757
