True Label: 0.0
2.0	0.46158679232520816
3.0	0.3978334554451879
4.0	0.3649118451943818
4.0	0.3333410464367401
3.0	0.3321361106966265
3.0	0.31909677683352383
2.0	0.30354174694363234
2.0	0.29347622897207615
3.0	0.2792177966437275
2.0	0.2702637524198868
2.0	0.2684624220856098
1.0	0.26143819322402895
0.0	0.25377596434240135
1.0	0.25009650646952775
2.0	0.24659848095803596
1.0	0.22421750104192978
2.0	0.21187814889010087
0.0	0.20345964269592334
4.0	0.19374606457303212
0.0	0.184768510738316
1.0	0.1842825195278306
0.0	0.1794267501365025
4.0	0.1689594545957618
4.0	0.16673100431301852
4.0	0.15506806546951526
4.0	0.15110651212172097
4.0	0.14530954842977412
0.0	0.14471279211610186
0.0	0.14201909433064902
4.0	0.14019992744655632
3.0	0.13902010343468818
2.0	0.13631243920156766
2.0	0.13287118395543585
0.0	0.12783038915225753
4.0	0.12584176035262956
4.0	0.12527215359889848
4.0	0.12322225062419365
3.0	0.12119654139092992
0.0	0.11716660671033247
3.0	0.11177488850888143
4.0	0.11057356025068663
4.0	0.1102613519280183
3.0	0.10963537135201212
4.0	0.10959932487023821
4.0	0.10794423597640361
3.0	0.1076244005001263
4.0	0.10632696304385333
4.0	0.10611908999450223
4.0	0.10514994558491725
4.0	0.10505253940784123
