True Label: 0.0
4.0	0.16169041669088863
4.0	0.13584712216226488
4.0	0.11764705882352941
4.0	0.11504474832710557
4.0	0.1143323900950059
4.0	0.10114434748483472
0.0	0.10114434748483472
3.0	0.0939336436627724
3.0	0.08712136837380642
4.0	0.08346223261119858
4.0	0.08199200616907877
4.0	0.08084520834544431
4.0	0.08084520834544431
4.0	0.07974522228289
4.0	0.07893862224383409
4.0	0.07845986714489121
4.0	0.07669649888473705
1.0	0.07575540190785703
4.0	0.07312724241271307
4.0	0.07312724241271307
4.0	0.07231015260621873
0.0	0.07048548430432512
2.0	0.0700140042014005
2.0	0.06876466777864759
4.0	0.06726727939963124
4.0	0.06726727939963124
4.0	0.06645435190240834
3.0	0.06568789547960588
4.0	0.06239177481057771
4.0	0.06063390625908324
4.0	0.06063390625908324
4.0	0.05941588446032937
2.0	0.05834500350116707
4.0	0.0582551728035463
3.0	0.05792930861458347
1.0	0.05716619504750295
4.0	0.05716619504750295
3.0	0.05677329558036596
3.0	0.05564148840746572
4.0	0.05564148840746572
3.0	0.05537447892436715
3.0	0.05292561240249632
4.0	0.05292561240249632
4.0	0.05292561240249632
2.0	0.05170876899950191
1.0	0.05057217374241736
3.0	0.04950737714883372
2.0	0.04950737714883372
4.0	0.048507125007266595
4.0	0.047338106833115096
