True Label: 0.0
4.0	0.28912041503006414
3.0	0.254626835905891
4.0	0.2240386959862663
4.0	0.19321492171444976
4.0	0.18617148085142723
4.0	0.1767144861427711
3.0	0.17566507182897592
4.0	0.1689805665920856
3.0	0.15964155769101995
4.0	0.14432606217066563
4.0	0.14232575760511246
4.0	0.139417974348783
4.0	0.13121220505220862
4.0	0.1295464315005329
3.0	0.12623374885344052
4.0	0.12503908082008885
4.0	0.12220220333713985
4.0	0.1218780911240845
4.0	0.1211815140588427
4.0	0.11968558354285735
4.0	0.11822873811889933
2.0	0.11799044270031472
3.0	0.1160830430091997
3.0	0.11300234452971203
4.0	0.11197301775369037
4.0	0.11054272810007656
4.0	0.1098477296328877
3.0	0.10950739663921877
4.0	0.1087454495654074
4.0	0.10874544956540735
2.0	0.10863577182740045
4.0	0.10838868562628377
4.0	0.1074044245278777
4.0	0.1069501401047753
4.0	0.1063471484584636
4.0	0.1063471484584636
4.0	0.1062627855105564
4.0	0.10573013661495896
4.0	0.103902270077747
4.0	0.10342860047301514
4.0	0.10271383165541755
4.0	0.10260885082635676
3.0	0.10241707220127448
4.0	0.1015060065775783
4.0	0.10051279329742785
4.0	0.10034048104942354
4.0	0.10003126465607108
4.0	0.09946797970636981
3.0	0.09906649065282938
4.0	0.09879173574014097
