True Label: 0.0
4.0	0.3682921664607742
4.0	0.3251338153202058
4.0	0.2792002075671001
4.0	0.2786923545804986
3.0	0.27228525851396035
3.0	0.25913041820945987
4.0	0.25794463179307714
3.0	0.2575404226836055
4.0	0.25469292723549053
3.0	0.23839503838118362
4.0	0.22181514344916847
4.0	0.2209499889970472
0.0	0.22001361761021768
4.0	0.20711794950273218
4.0	0.20711794950273218
4.0	0.20451970087710375
0.0	0.20036964228395265
0.0	0.1987631263651528
3.0	0.1971809771316501
4.0	0.1945940840619183
0.0	0.1897643240645197
2.0	0.18837612456057679
4.0	0.1874575125157344
4.0	0.18682567741639186
4.0	0.18682567741639186
2.0	0.18558817811552744
4.0	0.18286992114420214
4.0	0.18286992114420214
2.0	0.182394398311552
4.0	0.18208171384855573
3.0	0.1800840588457707
4.0	0.17947299800723954
4.0	0.17771761886766604
3.0	0.17736470303486618
4.0	0.17574249638649211
4.0	0.17565442358155364
4.0	0.17529588195067808
2.0	0.1752941064358111
4.0	0.1751092070777316
3.0	0.17354570071373265
4.0	0.17344255318562282
4.0	0.17324518845240203
4.0	0.172977628156128
0.0	0.1725503464129936
4.0	0.17196308786205142
2.0	0.17010881186468782
0.0	0.16959493633521386
3.0	0.16677162049738734
4.0	0.1667052603146696
4.0	0.16567709707034317
