True Label: 0.0
4.0	0.24845199749997662
3.0	0.223606797749979
4.0	0.19462473604038072
4.0	0.1878672873255448
4.0	0.18257418583505536
4.0	0.18257418583505533
4.0	0.17712297710801903
4.0	0.17516226243634267
4.0	0.17516226243634267
4.0	0.1690308509457033
4.0	0.16666666666666663
4.0	0.16129556770910236
4.0	0.1597870923873922
1.0	0.15561248869152916
4.0	0.15491933384829668
4.0	0.14907119849998599
4.0	0.13801311186847084
2.0	0.13679711361135388
3.0	0.13561270072416204
4.0	0.1348399724926484
4.0	0.12712834523274563
4.0	0.12524485821702988
4.0	0.12524485821702988
4.0	0.12524485821702988
4.0	0.12524485821702988
4.0	0.1224744871391589
4.0	0.12171612389003691
4.0	0.12103193564896714
4.0	0.11986582537134602
4.0	0.1178511301977579
3.0	0.11684842839920695
4.0	0.11677484162422844
4.0	0.11619857875482535
4.0	0.11547005383792514
4.0	0.11547005383792514
4.0	0.11547005383792514
2.0	0.11298653657320641
4.0	0.1126872339638022
4.0	0.1126872339638022
4.0	0.11236664374387367
4.0	0.1118033988749895
4.0	0.11180339887498948
4.0	0.11009637651263604
4.0	0.10893616758264876
4.0	0.10882143751650175
3.0	0.10846522890932808
3.0	0.10767638041163309
4.0	0.10767638041163309
4.0	0.10741723110591492
3.0	0.10709591052033317
