True Label: 0.0
0.0	0.22075539284417398
4.0	0.2004666487177069
2.0	0.20013236268821485
4.0	0.16571045299983225
4.0	0.16277602589775192
1.0	0.14306584587982538
0.0	0.14119562368122626
3.0	0.1386002751218192
4.0	0.12487810821089254
1.0	0.12279806626883456
0.0	0.11976347798506912
4.0	0.11773620951689279
4.0	0.1147078669352809
2.0	0.11470786693528087
2.0	0.11470786693528087
0.0	0.11327216746620858
4.0	0.11243619908556621
2.0	0.11208562633135519
0.0	0.10814761408717505
3.0	0.10619884881071831
2.0	0.1041454803694055
0.0	0.10342860047301516
0.0	0.10281225098096401
0.0	0.10273490652576323
0.0	0.10259783520851543
2.0	0.10259783520851541
4.0	0.10099464540584713
0.0	0.10057523818729522
1.0	0.09984038297885897
0.0	0.09940334199653782
3.0	0.09637388493048532
0.0	0.09637388493048532
4.0	0.0951572136139613
1.0	0.09498713802919553
3.0	0.09365858115816941
3.0	0.09365858115816939
4.0	0.09183979479633064
3.0	0.09096925576737039
0.0	0.09048278567177284
4.0	0.08918325397005952
0.0	0.08885233166386385
4.0	0.08849904067559859
1.0	0.08692243593239352
4.0	0.08671099695241201
4.0	0.08671099695241201
1.0	0.08346223261119859
0.0	0.08343769572029314
3.0	0.08285522649991613
4.0	0.08285522649991611
4.0	0.08274288037841214
