True Label: 0.0
4.0	0.3808750313077561
4.0	0.3533247964961152
4.0	0.2764294762875764
4.0	0.26600795837367097
4.0	0.25049409926449506
3.0	0.24922748156665644
4.0	0.24338965022470896
4.0	0.23693955110363701
4.0	0.23359561329339515
0.0	0.23102005924745997
1.0	0.22672515407888352
4.0	0.2245950556685191
2.0	0.22448148540588733
4.0	0.22220579737953275
4.0	0.21974390806001973
4.0	0.2176428750330035
3.0	0.21393127492027905
4.0	0.2026982669791056
3.0	0.2021390982807716
4.0	0.20206272811308867
1.0	0.20004536690542643
4.0	0.19906904071737583
3.0	0.19813025401848522
4.0	0.1968653876669132
4.0	0.19645989725150062
4.0	0.19645989725150062
4.0	0.19354921934639135
4.0	0.1905193970527871
4.0	0.18467610337532772
4.0	0.18315213658686813
2.0	0.17666239824805763
4.0	0.17595383576944668
4.0	0.1703003023557391
3.0	0.1677318434044831
4.0	0.16754156331667824
4.0	0.16582314288228836
4.0	0.16059101370939322
4.0	0.15795970073575796
4.0	0.15672078199387576
4.0	0.15552268806044986
4.0	0.15552268806044986
4.0	0.14930178053803184
4.0	0.14808721943977313
4.0	0.14808721943977307
4.0	0.14692810478265317
3.0	0.14615135554841693
4.0	0.14509525002200235
4.0	0.14420780897527016
4.0	0.14370864244381226
0.0	0.14363885804672016
