True Label: 0.0
0.0	0.375635399825354
4.0	0.3635395249789216
4.0	0.36313651960128146
4.0	0.35214760613688195
0.0	0.33511245116315586
4.0	0.332145786130958
1.0	0.32897584747988445
0.0	0.32043497223082784
3.0	0.3144854510165755
2.0	0.3135875570925969
2.0	0.3119940684446371
4.0	0.2976190476190476
1.0	0.29515063885057
2.0	0.29160592175990213
4.0	0.2886751345948129
4.0	0.2855457724081408
0.0	0.2834733547569204
4.0	0.27997481996506624
4.0	0.2773500981126146
4.0	0.254566587488299
3.0	0.2498209592300632
4.0	0.24611506370366187
3.0	0.2325302790260037
4.0	0.22493385271060934
4.0	0.2204792759220492
3.0	0.21957751641341994
4.0	0.21677749238102997
3.0	0.21564361617584918
4.0	0.21172108934192446
4.0	0.21152852805666233
4.0	0.21141429327592906
2.0	0.20672556077395293
4.0	0.2036532699906392
4.0	0.20203050891044216
4.0	0.20198059402174692
4.0	0.20044593143431827
4.0	0.19886840257443256
4.0	0.1965534068853597
0.0	0.19642857142857145
4.0	0.1957316020940641
4.0	0.1957316020940641
4.0	0.1951800145897066
4.0	0.19366526808018647
4.0	0.19296124624698996
2.0	0.19015970731391624
1.0	0.18879250886186957
4.0	0.18344984642633572
4.0	0.18333969940564224
4.0	0.18333969940564224
4.0	0.18000027221233772
