True Label: 0.0
4.0	0.4550157551932901
4.0	0.3947710169758614
4.0	0.3903600291794133
4.0	0.380952380952381
0.0	0.3704792868174742
4.0	0.3289758474798845
4.0	0.31173984319427483
4.0	0.3038948705590346
4.0	0.25717224993681986
4.0	0.25197631533948484
4.0	0.23855936180684895
3.0	0.23570226039551587
0.0	0.23262105259961774
4.0	0.2228124549277306
4.0	0.22271770159368703
4.0	0.2139802462554565
4.0	0.21170244960998527
4.0	0.21170244960998527
4.0	0.20935894733965596
4.0	0.2057377999494559
4.0	0.2057377999494559
4.0	0.1973855084879307
4.0	0.19399589841579262
4.0	0.18302853955092352
4.0	0.18093671611393647
4.0	0.18002057495577392
4.0	0.1752191610126156
3.0	0.1749635530559413
4.0	0.17457431218879393
4.0	0.1690308509457033
4.0	0.1649572197684645
4.0	0.1649572197684645
4.0	0.16448792373994225
2.0	0.15858376185413664
4.0	0.157485197087178
3.0	0.15677236033392414
4.0	0.15430334996209194
4.0	0.15430334996209194
4.0	0.15430334996209194
4.0	0.15344644254382386
4.0	0.1524329372026731
4.0	0.14638501094227996
4.0	0.14638501094227996
0.0	0.14547859349066158
4.0	0.14547859349066158
4.0	0.14182715723279388
3.0	0.14085904245475275
4.0	0.13801311186847084
4.0	0.13650472655798704
1.0	0.13638618139749525
