True Label: 0.0
4.0	0.49999999999999994
4.0	0.3344968040028363
4.0	0.27668578554642986
4.0	0.2631806779839076
2.0	0.23754227473946873
4.0	0.21320071635561041
3.0	0.20309059861498086
4.0	0.18181818181818182
4.0	0.16080605044147397
4.0	0.14625448482542613
4.0	0.14625448482542613
4.0	0.12820564851709268
4.0	0.11396057645963795
4.0	0.11240360037823713
4.0	0.09534625892455924
3.0	0.08810281178387355
3.0	0.08224396186997113
4.0	0.08058229640253803
4.0	0.07940077573956586
3.0	0.07792358103408359
3.0	0.0778498944161523
4.0	0.0761431129841466
0.0	0.07446413163616822
2.0	0.07391404949863534
4.0	0.07130029493218291
2.0	0.07106690545187015
4.0	0.06725413117037343
4.0	0.06614607955536354
3.0	0.06588619952003469
4.0	0.0652791209833867
4.0	0.06428243465332249
2.0	0.06353803065655182
4.0	0.06275587595740206
4.0	0.06196019963707621
4.0	0.05959141182784952
4.0	0.058880150398414474
3.0	0.0582964037329089
3.0	0.05658716047002041
4.0	0.056201800189118564
4.0	0.05504818825631803
4.0	0.05504818825631803
2.0	0.05504818825631803
4.0	0.05459510904326141
4.0	0.05459510904326141
4.0	0.05425815371412282
0.0	0.054258153714122806
0.0	0.05384300729437859
4.0	0.05370448459763444
4.0	0.05187858478995559
4.0	0.051009353266295285
