True Label: 0.0
4.0	0.22501758018520476
3.0	0.18210292080894883
4.0	0.18067900652188357
4.0	0.15503680267431083
4.0	0.14774635277549272
4.0	0.14231361339296403
1.0	0.12160762746959985
4.0	0.12023879087710315
4.0	0.11872936802173273
4.0	0.11487765597207096
2.0	0.11430904504318626
3.0	0.11420467035694286
0.0	0.11367471543078542
4.0	0.1125087900926024
4.0	0.1125087900926024
3.0	0.1112016490963012
4.0	0.10890815982602631
4.0	0.10876635272089798
4.0	0.10673521004472301
4.0	0.105031796913871
3.0	0.10366485453501106
2.0	0.10103587612624437
3.0	0.10063092108532552
4.0	0.09743547036924466
4.0	0.09643610579365919
4.0	0.09594781857618334
4.0	0.09508728264112049
4.0	0.09491793739070736
4.0	0.0936129719121445
4.0	0.09328736058850429
4.0	0.09217710503460784
4.0	0.09217710503460784
3.0	0.09167460522637388
4.0	0.09125667909262308
4.0	0.09033950326094178
4.0	0.08952331814783789
4.0	0.08908415912696725
4.0	0.08894600837060251
2.0	0.08825915632813758
4.0	0.08825915632813758
3.0	0.0880390333871469
3.0	0.0880390333871469
3.0	0.0868279424263957
4.0	0.08643164669089158
3.0	0.08643164669089158
4.0	0.08586350709912231
4.0	0.08531300454793293
0.0	0.08523828044739964
4.0	0.08504865111251245
2.0	0.08429930918316357
