True Label: 0.0
1.0	0.2277100170213244
4.0	0.21653278478430668
4.0	0.199723756774235
3.0	0.19082181270884688
4.0	0.16903085094570333
4.0	0.16333153465605413
3.0	0.1488875000956395
4.0	0.1471376380674995
1.0	0.14167457283441376
4.0	0.1406421692815486
3.0	0.13093073414159542
1.0	0.1288951881626097
0.0	0.12590183483831985
4.0	0.12582050868307793
4.0	0.12555296411486888
4.0	0.12298800925361816
4.0	0.12198750911856666
4.0	0.12143534814378325
4.0	0.11952286093343936
4.0	0.11952286093343936
4.0	0.1183452670827877
4.0	0.11633501014942217
4.0	0.11595420713048966
4.0	0.11428571428571427
4.0	0.11375549706078378
4.0	0.1133315344343652
4.0	0.1129384878631564
4.0	0.11065666703449763
4.0	0.11065666703449761
4.0	0.1086626898936664
0.0	0.10864436720743993
4.0	0.10811249552346706
4.0	0.10690449676496976
4.0	0.10221429055679959
4.0	0.10101525445522105
4.0	0.0998618783871175
4.0	0.09960238411119947
3.0	0.09960238411119947
4.0	0.09960238411119947
4.0	0.09906649065282938
4.0	0.09759000729485333
4.0	0.09759000729485331
2.0	0.09759000729485331
4.0	0.0971193209191236
4.0	0.09583148474999097
0.0	0.09551918529423226
4.0	0.09465044091124977
3.0	0.09333167411831966
2.0	0.09185566097656837
0.0	0.09182000516742599
