True Label: 0.0
4.0	0.2754306972098739
0.0	0.2661035011730795
1.0	0.26511347932983487
3.0	0.2501595914621521
0.0	0.21478077372861942
3.0	0.20441806064007687
3.0	0.20261022461827696
4.0	0.1993421034805062
4.0	0.19705820303570087
4.0	0.17616606585441102
2.0	0.17403064068424035
1.0	0.1724137931034483
0.0	0.16812065978477164
0.0	0.16250440681665204
3.0	0.16166106912431769
4.0	0.15746933183579126
3.0	0.1432670637653132
2.0	0.14294833797837264
4.0	0.1399731277389636
4.0	0.13876357447167895
4.0	0.13198153465088208
3.0	0.13040397245529342
0.0	0.12649588895041255
0.0	0.12634967392981722
4.0	0.11744404390294069
0.0	0.11715393878163385
4.0	0.1142875802206236
0.0	0.11210491258196666
4.0	0.11113970010196403
3.0	0.10721125348377948
4.0	0.1061116218154582
0.0	0.10341189524696039
0.0	0.10130511230913847
4.0	0.10005560189476051
4.0	0.09461635504451549
3.0	0.09238688376739371
2.0	0.0913916077860799
1.0	0.09100891931116015
1.0	0.09061004703659373
4.0	0.09037128496931669
0.0	0.08808303292720551
0.0	0.08808303292720551
4.0	0.08693598163686228
0.0	0.08452540544873492
1.0	0.08335477507647301
0.0	0.08318712864779597
4.0	0.08213785172900903
2.0	0.08125934677318297
4.0	0.08040844011283463
4.0	0.08040844011283463
