True Label: 0.0
4.0	0.44294039801783286
4.0	0.34426518632954817
4.0	0.2810913475705226
4.0	0.27216552697590873
2.0	0.27104779935001005
4.0	0.24343224778007386
3.0	0.23529524530959342
4.0	0.23338001400466832
4.0	0.23338001400466832
4.0	0.22222222222222227
4.0	0.20329053427801633
3.0	0.19802950859533486
4.0	0.19245008972987526
4.0	0.1887128390240993
4.0	0.1849000654084097
0.0	0.18332398030762342
3.0	0.1814436846506058
3.0	0.17660431427533915
0.0	0.17565442358155364
4.0	0.17407765595569785
4.0	0.16949172662437556
3.0	0.16798421022632323
4.0	0.16556654463313047
4.0	0.16556654463313047
4.0	0.16412198797244365
3.0	0.16217787759994706
3.0	0.16045277841011196
4.0	0.15713484026367724
4.0	0.15554275420956382
4.0	0.15430334996209194
4.0	0.15097027121927944
4.0	0.15058996764494129
4.0	0.14907119849998599
4.0	0.14814814814814814
4.0	0.14547859349066158
2.0	0.14483345242495158
4.0	0.14360673947588817
4.0	0.1405456737852613
2.0	0.1405456737852613
3.0	0.1404501619333974
0.0	0.140028008402801
4.0	0.1395363930464869
2.0	0.13608276348795437
3.0	0.13261734944068254
4.0	0.13245323570650436
4.0	0.13025926105004015
4.0	0.12909944487358055
3.0	0.12830005981991682
0.0	0.1272937693043289
4.0	0.12422599874998833
