True Label: 0.0
4.0	0.1517165212272521
4.0	0.13240678533309402
4.0	0.1318760946791574
3.0	0.11544392751026941
4.0	0.11369243355522202
3.0	0.11113855611859676
4.0	0.11058146711617285
4.0	0.10767638041163309
4.0	0.10640706634484359
4.0	0.1057361065275362
4.0	0.10425720702853739
4.0	0.10425720702853739
4.0	0.10216767230548135
4.0	0.10114434748483472
3.0	0.09430419201928972
4.0	0.09362573578414228
0.0	0.09362573578414228
4.0	0.09325048082403138
4.0	0.09325048082403138
1.0	0.09176997043730904
2.0	0.09124485970087104
3.0	0.08939981748151894
4.0	0.08891084489487741
4.0	0.08541668179859152
4.0	0.0845637614364673
4.0	0.08359173188630294
4.0	0.08359173188630294
4.0	0.08359173188630294
4.0	0.0834057656228299
2.0	0.08178608201095308
4.0	0.08141120112822953
1.0	0.08043618151097337
0.0	0.08010600624655545
4.0	0.07858682668274143
4.0	0.07819290527140305
3.0	0.07685943273766821
4.0	0.07585826061362605
3.0	0.07585826061362605
3.0	0.07524115817860576
4.0	0.07372097807744858
4.0	0.07317421420371176
4.0	0.0716041437657756
2.0	0.07144841269879539
3.0	0.0714358611741054
4.0	0.07122123116119197
3.0	0.06825236327899352
4.0	0.06765100914917384
4.0	0.06712316486202691
4.0	0.06668313367115805
4.0	0.06620339266654701
