True Label: 0.0
3.0	0.49552737563403154
4.0	0.4431067606145036
4.0	0.4264014327112209
4.0	0.38859504437909387
3.0	0.3457820374040623
4.0	0.34090909090909094
4.0	0.3290725908572088
4.0	0.31875425969681775
4.0	0.3154645880857123
4.0	0.3133397807202561
4.0	0.2799462554779272
4.0	0.27988314572479134
4.0	0.26967994498529685
2.0	0.26920249413283925
4.0	0.2611164839335468
3.0	0.2577030497790186
4.0	0.25297539470208424
0.0	0.2501082016930124
3.0	0.2383656473113981
4.0	0.23596995186213474
0.0	0.23168362255435676
4.0	0.22933216105300208
4.0	0.2238141290858972
4.0	0.2193817272381392
4.0	0.2193817272381392
4.0	0.2193817272381392
4.0	0.21885688981825285
0.0	0.21759706994462233
3.0	0.21691764149672962
4.0	0.21390088479654878
4.0	0.21349662311336
4.0	0.21320071635561044
4.0	0.20935894733965593
4.0	0.20891791262329812
4.0	0.20109991663496093
3.0	0.20002367284141576
3.0	0.19860840984774442
4.0	0.1979097737100941
3.0	0.1973855084879307
4.0	0.19738550848793068
3.0	0.19543398999264294
0.0	0.19482527677986858
2.0	0.1911105945502402
4.0	0.1895775748141424
4.0	0.18953562637585883
4.0	0.1830604592079279
4.0	0.1830604592079279
4.0	0.18181818181818182
0.0	0.18118576883486964
4.0	0.18093671611393647
