True Label: 0.0
3.0	0.2387195702574164
4.0	0.22256595362986287
4.0	0.20437475815041778
4.0	0.17149858514250885
4.0	0.1533929977694741
4.0	0.1517165212272521
4.0	0.14625448482542613
3.0	0.145580807891348
4.0	0.1385917857350474
4.0	0.13592873654160806
1.0	0.13391789600139503
4.0	0.12964074471043288
3.0	0.12936634922709142
4.0	0.12927192249875477
3.0	0.12875702108477904
3.0	0.12393574172878484
3.0	0.1237684428720843
4.0	0.12126781251816648
3.0	0.1193597851287082
4.0	0.11764705882352941
4.0	0.11764705882352941
4.0	0.11764705882352941
4.0	0.11669000700233415
2.0	0.1143323900950059
3.0	0.11413844188055969
4.0	0.11128297681493143
4.0	0.10914103126634983
3.0	0.10868726645779395
3.0	0.10846522890932808
3.0	0.10585122480499264
4.0	0.10555008273018726
4.0	0.10551061737725403
4.0	0.10367968680487516
4.0	0.10341753799900381
4.0	0.10341753799900381
4.0	0.10294117647058823
4.0	0.10283489934581216
4.0	0.10249000771134846
4.0	0.10121282376642432
3.0	0.10114434748483472
4.0	0.1010565104318054
3.0	0.10098021256480767
0.0	0.10004084133313015
4.0	0.09968152785361249
4.0	0.09901475429766744
4.0	0.0983611844205792
3.0	0.09811049102515929
4.0	0.09709195467257717
4.0	0.09601952966035754
4.0	0.0947263466926009
