True Label: 0.0
4.0	0.17118419700436519
4.0	0.17118419700436519
4.0	0.1636634176769943
4.0	0.16217092418910928
4.0	0.16208817969462155
4.0	0.16087236302194674
3.0	0.15877683720748895
3.0	0.15282874487084938
4.0	0.15018785229652765
4.0	0.14969623771302396
3.0	0.14228788554074387
4.0	0.14085904245475275
1.0	0.13801311186847084
4.0	0.13625810535103042
4.0	0.13501543121683043
4.0	0.13093073414159545
4.0	0.12598815766974242
4.0	0.12344267996967354
3.0	0.12324720450266416
2.0	0.12269377914491106
3.0	0.12104550653376049
4.0	0.12001983962979583
4.0	0.11757927025044308
4.0	0.11514154661795957
4.0	0.11514154661795957
3.0	0.11375393879832253
4.0	0.1091089451179962
4.0	0.1091089451179962
4.0	0.10585122480499264
4.0	0.10585122480499264
4.0	0.10350983390135313
4.0	0.10293952744612744
2.0	0.10286889997472795
3.0	0.1004874893395781
3.0	0.0983285730970038
4.0	0.09778978233974471
4.0	0.09759000729485331
3.0	0.09734894474315844
4.0	0.09713574567894079
4.0	0.09698572899377439
4.0	0.09695646250131684
0.0	0.09652341781316805
4.0	0.09592280186219025
4.0	0.09479989339802375
4.0	0.09328428560339959
4.0	0.092524200411845
4.0	0.09197090092274487
3.0	0.09166984970282113
4.0	0.09166984970282113
4.0	0.09100315103865803
