True Label: 0.0
4.0	0.3215314718348136
4.0	0.3087983842558637
4.0	0.27031126055398896
3.0	0.260290254481496
4.0	0.23638449186588284
4.0	0.21913175916521774
2.0	0.21038748719667394
4.0	0.193429969812702
0.0	0.18900567616194466
1.0	0.1853185909759878
4.0	0.17313584026611092
4.0	0.1688291572242736
0.0	0.16847187668411606
1.0	0.15784463545095392
4.0	0.15619414759479233
2.0	0.1550723338435574
1.0	0.14994003597601682
2.0	0.13978197804706446
2.0	0.1346698687022584
4.0	0.1342627569379857
4.0	0.13411044519645504
1.0	0.1305872284998378
4.0	0.12619754258901658
4.0	0.12327952679426823
4.0	0.12001448753473648
0.0	0.11995202878081343
4.0	0.11973865411655948
4.0	0.11644047432908021
4.0	0.11508236308970202
3.0	0.11213050859159163
1.0	0.11147386464263695
4.0	0.11132479702049618
3.0	0.11100709154344186
0.0	0.10950071996960069
3.0	0.10864690015770634
3.0	0.10829746939516313
4.0	0.10702333716987925
4.0	0.10690507416363496
4.0	0.10663746022365668
2.0	0.10561429471853923
2.0	0.10516291036392064
3.0	0.10470271460030459
4.0	0.10319581017004897
4.0	0.10285801610441501
4.0	0.10285801610441501
3.0	0.09927300536880192
0.0	0.098599960283944
4.0	0.09822646733116534
2.0	0.09818766092721641
3.0	0.09729394288170841
