True Label: 0.0
0.0	0.23007892341722033
2.0	0.20368260427526966
0.0	0.1500468969841066
0.0	0.14708710135363803
4.0	0.1403458930534474
4.0	0.1403458930534474
2.0	0.12943004578588677
0.0	0.1235415527768502
2.0	0.11880561482848406
0.0	0.10678721258619792
4.0	0.10675210253672475
4.0	0.10413653892441202
3.0	0.10127393670836667
4.0	0.09913589800647199
4.0	0.09767725810110087
4.0	0.09666991568261889
1.0	0.09442147048117755
3.0	0.0888231183368655
1.0	0.08752735657406217
0.0	0.08627959628145762
0.0	0.08546760083846326
4.0	0.08534859274986485
3.0	0.08153326507837141
2.0	0.0805629233294362
0.0	0.07489308618940976
3.0	0.07305215537944738
4.0	0.07248660933577358
4.0	0.07226456955428219
0.0	0.07189966356788136
4.0	0.07161148740394328
0.0	0.07161148740394327
0.0	0.06988565578146122
4.0	0.06968683416725757
4.0	0.06947334742918748
4.0	0.06906825157099705
0.0	0.06862635163075162
4.0	0.0683559529159116
0.0	0.06766649524509584
0.0	0.06766649524509584
0.0	0.06766649524509584
0.0	0.06751595780557777
1.0	0.06581226581158205
0.0	0.06581226581158205
4.0	0.06581226581158205
4.0	0.06537204504606135
4.0	0.06537204504606134
4.0	0.06251954041004443
4.0	0.06201736729460422
4.0	0.06201736729460422
4.0	0.06190912096572062
