True Label: 0.0
4.0	0.4193139346887673
4.0	0.3146712622298427
4.0	0.28306925853614895
4.0	0.24140227479263382
4.0	0.21526542445480878
4.0	0.21483446221182984
4.0	0.21350420507344953
4.0	0.20180183819889375
4.0	0.19611613513818404
4.0	0.1849000654084097
4.0	0.18156825980064076
4.0	0.18156825980064073
4.0	0.16647802295407294
4.0	0.16641005886756877
4.0	0.16012815380508716
4.0	0.16012815380508716
4.0	0.16012815380508716
4.0	0.15907119074394444
4.0	0.147087101353638
4.0	0.147087101353638
4.0	0.14322297480788657
4.0	0.14322297480788657
4.0	0.14227759830611805
4.0	0.14153462926807447
4.0	0.14041945786821672
4.0	0.13259870882635919
4.0	0.1315587028960544
4.0	0.1287565506561512
4.0	0.1285757127148629
4.0	0.1285757127148629
4.0	0.1253015685926854
4.0	0.1253015685926854
4.0	0.12453387034667948
2.0	0.12403473458920845
4.0	0.12136700910941023
4.0	0.12104550653376049
4.0	0.12104550653376049
4.0	0.12059547765471654
4.0	0.12059547765471654
4.0	0.12009611535381537
4.0	0.1188643277625491
4.0	0.11720180773462385
4.0	0.11694106924093724
4.0	0.11378813331633993
4.0	0.11206636293610515
3.0	0.1111873974991652
4.0	0.11020775375559677
3.0	0.10878565864408425
3.0	0.10795837927188262
1.0	0.10574724342666643
