True Label: 0.0
4.0	0.22771001702132443
4.0	0.1863389981249825
4.0	0.1797866299901979
4.0	0.16537964611894462
2.0	0.15
0.0	0.14611900125320157
3.0	0.14070529413628968
4.0	0.12403473458920847
4.0	0.11959348005979774
4.0	0.11891767800211264
1.0	0.11638287479252929
4.0	0.11547005383792515
0.0	0.1126872339638022
4.0	0.1126872339638022
4.0	0.1107273064716533
4.0	0.10886621079036346
0.0	0.1084652289093281
4.0	0.10758287072798382
4.0	0.10412633627862855
0.0	0.10406189026414808
0.0	0.10350983390135313
4.0	0.10238251947232521
3.0	0.09960238411119948
0.0	0.09938079899999065
3.0	0.09938079899999065
4.0	0.09759000729485333
4.0	0.09759000729485333
0.0	0.09622504486493763
0.0	0.09534625892455924
1.0	0.09316949906249124
0.0	0.09312403943594377
4.0	0.09200874124564723
4.0	0.09128709291752769
4.0	0.09105972745135885
4.0	0.09038769075777342
4.0	0.08989331499509895
2.0	0.08947924869885987
3.0	0.08885233166386386
1.0	0.08885233166386385
4.0	0.08877060688188458
4.0	0.0879173964527716
4.0	0.08784104611578833
4.0	0.08784104611578833
4.0	0.08770580193070293
4.0	0.08606629658238704
4.0	0.08547960742202876
4.0	0.08385910090443795
1.0	0.08385254915624211
4.0	0.08333333333333334
3.0	0.08318953109791632
