True Label: 0.0
4.0	0.21442250696755893
4.0	0.16339011369947531
3.0	0.16081688022566923
4.0	0.14294833797837264
4.0	0.14294833797837264
4.0	0.14182715723279385
4.0	0.1376073355651267
4.0	0.1371450962647483
4.0	0.126183860637998
0.0	0.1255529641148689
4.0	0.11891427213142404
0.0	0.1186611131336418
4.0	0.11744404390294068
1.0	0.10869976188343201
3.0	0.10452395026222813
4.0	0.1040726808537592
4.0	0.10401019349846874
4.0	0.10285882219856124
3.0	0.09846277924013896
4.0	0.09589266029707683
4.0	0.09193289141911526
4.0	0.09189536012895384
3.0	0.09143006417649888
2.0	0.09093539834205497
4.0	0.08969937018449044
4.0	0.08934271123648291
4.0	0.08920515501750789
4.0	0.08880024184984024
4.0	0.086650693031805
3.0	0.0862366384524026
4.0	0.08304547985373996
4.0	0.08256918067035823
2.0	0.08253126141202305
3.0	0.08188394740675292
3.0	0.08104408984731076
4.0	0.08040844011283461
4.0	0.08024282008094155
4.0	0.08000130615443651
0.0	0.07930515857181442
4.0	0.07903718467733488
4.0	0.07800764512385157
3.0	0.07725393039369072
4.0	0.07688517444384894
4.0	0.07676743984768271
0.0	0.07580980435789034
4.0	0.07580980435789034
4.0	0.07580980435789034
3.0	0.07568120408826848
4.0	0.0746201572858078
4.0	0.07428692714340533
