True Label: 0.0
3.0	0.4999999999999991
2.0	0.42048862068067716
0.0	0.40234174160047603
0.0	0.37439877197404187
4.0	0.3737885739238743
4.0	0.36201448112593015
4.0	0.34557422278262856
4.0	0.31811138955048995
4.0	0.3094995502707333
4.0	0.30143146344122385
3.0	0.2940827436100276
4.0	0.287717668824218
3.0	0.2743797335915367
4.0	0.264455451505023
4.0	0.25532624687605115
0.0	0.2541970948447968
4.0	0.24263468833655
4.0	0.2423417424937531
3.0	0.23652216414889426
4.0	0.2349204928674698
3.0	0.23294844303549062
3.0	0.22901535484430832
0.0	0.2278133122920327
4.0	0.22693825819911
4.0	0.21963172166918876
4.0	0.21963172166918876
4.0	0.21671195964722317
4.0	0.21640391121908514
3.0	0.21587741791801227
4.0	0.21366530591971933
4.0	0.21330154431885176
4.0	0.21213489117030093
4.0	0.21192398021128844
4.0	0.21131976794075913
4.0	0.2081729378246702
3.0	0.20741964278232555
4.0	0.20422068065715862
4.0	0.2019497186620218
4.0	0.19888285148071047
3.0	0.19887901802830263
4.0	0.1988517615041626
4.0	0.1988517615041626
4.0	0.19830124063811055
4.0	0.1982072530570979
4.0	0.19685654065407013
2.0	0.19675790844047483
2.0	0.19675790844047483
2.0	0.19654858579589535
4.0	0.1941221969051554
3.0	0.19364259793274285
