True Label: 0.0
4.0	0.17677669529663687
2.0	0.1617491598051576
4.0	0.158554926774507
4.0	0.12141073279465803
4.0	0.09805806756909201
3.0	0.09622504486493762
4.0	0.09534625892455922
4.0	0.09128709291752767
4.0	0.08574929257125441
4.0	0.08333333333333333
4.0	0.08111071056538126
4.0	0.07819290527140303
4.0	0.07715167498104596
4.0	0.075
1.0	0.07332355751067664
3.0	0.07216878364870323
4.0	0.06804138174397717
0.0	0.06681531047810609
3.0	0.06350006350009525
4.0	0.06350006350009525
0.0	0.062499999999999986
3.0	0.06056269788893865
4.0	0.05892556509887895
3.0	0.05856516070822727
3.0	0.058123819371909635
4.0	0.0570544330734548
4.0	0.05621487667468961
4.0	0.05524271728019902
4.0	0.05521576303742327
3.0	0.05455447255899809
3.0	0.054410718758250876
4.0	0.05345224838248487
4.0	0.053300179088902604
4.0	0.053033008588991064
3.0	0.052128603514268686
4.0	0.052128603514268686
4.0	0.05163212931161356
0.0	0.049875466805381644
0.0	0.04959989558618094
4.0	0.04882084161780895
4.0	0.048412291827592706
0.0	0.04672693135159977
3.0	0.04490132550669372
3.0	0.04482107285003976
4.0	0.042874646285627205
4.0	0.042257712736425826
4.0	0.03857583749052298
4.0	0.03812464258315116
4.0	0.03792913030681302
4.0	0.03768891807222045
