True Label: 0.0
4.0	0.24525573579398632
4.0	0.21677749238102995
4.0	0.2051956704170308
4.0	0.20395079136182273
4.0	0.194544153234319
4.0	0.18914979873924992
4.0	0.1813690625275029
4.0	0.1675415633166782
4.0	0.1675415633166782
4.0	0.16059101370939322
3.0	0.16034468960895337
4.0	0.15789473684210523
4.0	0.15789473684210523
4.0	0.1471067483318
4.0	0.14673479641335552
4.0	0.14509525002200233
4.0	0.14119562368122623
4.0	0.1404878717372541
2.0	0.13497638119975425
4.0	0.13497638119975425
4.0	0.13245323570650436
4.0	0.13157894736842102
4.0	0.12725695259515554
4.0	0.11846977555181845
4.0	0.11633501014942219
4.0	0.11470786693528087
3.0	0.11470786693528087
4.0	0.11470786693528087
4.0	0.11470786693528087
4.0	0.11470786693528087
4.0	0.11128297681493143
4.0	0.11037769642208697
4.0	0.10882143751650175
4.0	0.10814761408717502
4.0	0.10814761408717502
4.0	0.10526315789473682
4.0	0.10526315789473682
4.0	0.10366105360784114
4.0	0.1025978352085154
4.0	0.1025978352085154
4.0	0.10039117221153819
4.0	0.09980305249223753
4.0	0.0993399267798783
4.0	0.09832102880166932
4.0	0.09782319760890369
4.0	0.09782319760890368
3.0	0.09595729317764545
4.0	0.09503743569649012
4.0	0.09457489936962496
3.0	0.09197090092274487
