True Label: 0.0
4.0	0.2732757376923763
2.0	0.23331413131434572
4.0	0.2247017658819415
4.0	0.20011120378952102
4.0	0.19602307884106446
4.0	0.18146654657782446
4.0	0.1796053020267749
3.0	0.17611748841908675
4.0	0.1567723603339241
0.0	0.1567723603339241
4.0	0.14664711502135333
1.0	0.14400460822119582
4.0	0.13953510699085483
4.0	0.13912166872805048
4.0	0.13116516715679058
4.0	0.12779141270558958
4.0	0.1270001270001905
3.0	0.12527215359889848
4.0	0.12453387034667948
4.0	0.1175792702504431
4.0	0.11503946170861015
0.0	0.11235088294097074
4.0	0.11225331376673432
4.0	0.109985336266015
4.0	0.10942844490912645
3.0	0.10890171046725802
4.0	0.10583343916682543
4.0	0.10583343916682543
4.0	0.10571198941788618
4.0	0.1054173897106322
4.0	0.10369516947304254
4.0	0.10369516947304254
4.0	0.10301070542879114
2.0	0.10264453275288594
3.0	0.10160251785998606
4.0	0.09978072334820828
4.0	0.09699794920789633
4.0	0.09677419354838711
0.0	0.09627854781311668
3.0	0.09600307214746387
4.0	0.09600307214746387
3.0	0.09515721361396132
1.0	0.0951572136139613
4.0	0.09476781318792941
2.0	0.09379580992210838
4.0	0.0936257357841423
4.0	0.09274777915203365
3.0	0.09208174266338817
4.0	0.09180201771811253
2.0	0.09179316935410171
