True Label: 0.0
4.0	0.3928371006591931
4.0	0.3628873693012116
4.0	0.33501260508640407
4.0	0.30588764516074907
4.0	0.2977194927949143
4.0	0.28724249481071307
2.0	0.280717307022173
0.0	0.2803970080640199
3.0	0.2793860253749832
4.0	0.2777777777777778
4.0	0.2764294762875764
4.0	0.2706356355594707
4.0	0.2580462448093459
4.0	0.24195539543709924
4.0	0.2381448361039201
4.0	0.2381448361039201
4.0	0.23688968483956716
4.0	0.22680460581325726
4.0	0.22222222222222227
4.0	0.2151657414559676
3.0	0.21479444568068928
4.0	0.21442250696755896
4.0	0.21038958142240088
4.0	0.20911833364250304
3.0	0.2064705961797684
4.0	0.20515248496555455
4.0	0.20100756305184242
4.0	0.19482401318221654
4.0	0.18898223650461363
4.0	0.18670401120373464
1.0	0.17868542247296582
4.0	0.17248496322273368
4.0	0.1684303842133038
1.0	0.16750630254320203
1.0	0.16750630254320203
0.0	0.16735967034880078
0.0	0.16735967034880078
4.0	0.16666666666666669
4.0	0.16502459049611234
4.0	0.16502459049611234
3.0	0.16480441082434805
4.0	0.16453801395794546
3.0	0.16051447078102563
4.0	0.16012815380508716
4.0	0.15554275420956382
4.0	0.15396007178390023
2.0	0.1498951950094402
3.0	0.14847846772912465
3.0	0.1475130382157481
4.0	0.14547859349066158
