True Label: 0.0
4.0	0.23570226039551587
0.0	0.21320071635561041
0.0	0.20100756305184242
4.0	0.16666666666666666
2.0	0.15713484026367724
1.0	0.1554174680400523
2.0	0.13231119466220664
3.0	0.12501526158359877
4.0	0.12379689211803457
0.0	0.1178511301977579
3.0	0.1178511301977579
4.0	0.10540925533894598
4.0	0.09342530911186842
3.0	0.0890870806374748
4.0	0.08830215713766959
4.0	0.08830215713766959
2.0	0.08606629658238703
4.0	0.08333333333333333
0.0	0.079555728417573
2.0	0.07856742013183862
4.0	0.07856742013183862
4.0	0.07624928516630233
3.0	0.07474350927519358
2.0	0.07453559924999298
4.0	0.07407407407407407
3.0	0.07273929674533079
1.0	0.07254762501100116
4.0	0.07106690545187014
3.0	0.06950480468569159
0.0	0.06950480468569159
4.0	0.06950480468569159
4.0	0.06711560552140243
4.0	0.06537204504606134
4.0	0.06537204504606134
2.0	0.06509445549041193
0.0	0.06468462273531508
4.0	0.06415002990995841
4.0	0.06415002990995841
4.0	0.0629940788348712
4.0	0.0629940788348712
4.0	0.0629940788348712
4.0	0.06085806194501845
4.0	0.05986843400892497
4.0	0.05986843400892497
4.0	0.05892556509887895
4.0	0.0563436169819011
4.0	0.05270462766947299
4.0	0.052057920629535355
4.0	0.048112522432468816
4.0	0.046676002800933654
