True Label: 0.0
4.0	0.1091089451179962
4.0	0.1091089451179962
1.0	0.1091089451179962
1.0	0.10275246654751795
3.0	0.09759000729485331
3.0	0.09304842103984708
4.0	0.09304842103984708
4.0	0.0915583775955893
4.0	0.0909241209316635
4.0	0.08559209850218259
4.0	0.08183170883849716
4.0	0.08146212919121326
4.0	0.07968190728895957
4.0	0.07964913660803874
3.0	0.07923034575171269
3.0	0.07838618016696206
4.0	0.07824607964359516
4.0	0.0763915414190176
3.0	0.0763915414190176
4.0	0.07565344158360031
4.0	0.07565344158360031
4.0	0.07484811885651196
4.0	0.07413283032153944
0.0	0.07365429242103545
4.0	0.07023629858283459
3.0	0.06984984452838908
2.0	0.06928424943421166
4.0	0.06904742449330173
4.0	0.06900655593423542
1.0	0.06827690124968705
4.0	0.06825236327899352
4.0	0.06779699969660707
4.0	0.06752237049095156
3.0	0.06716604942594676
3.0	0.06590621627456202
3.0	0.0657951694959769
4.0	0.0657951694959769
0.0	0.06546536707079773
4.0	0.06520506636966264
1.0	0.06506000486323556
3.0	0.0645049428806296
2.0	0.06438285514574749
3.0	0.06421819882539218
3.0	0.06299407883487121
4.0	0.060522753266880246
1.0	0.06037778838023016
3.0	0.06024533658898498
4.0	0.05988131309566295
3.0	0.05980817386883422
4.0	0.05976143046671968
