True Label: 0.0
4.0	0.19687927906754543
4.0	0.16258268270557805
4.0	0.1535490363704589
4.0	0.12526872119871107
0.0	0.12509052068678547
4.0	0.12332928675220725
3.0	0.12072542118080247
2.0	0.11763833444692175
3.0	0.11733836106538441
4.0	0.11580258089224914
4.0	0.11580258089224914
4.0	0.11539144348270017
4.0	0.1150230069023008
4.0	0.11345030265838625
4.0	0.11343565162162877
4.0	0.11342745993421154
0.0	0.11238834197676667
3.0	0.11208172491899629
3.0	0.11195491972903271
1.0	0.11194983429973392
4.0	0.11131338892485423
4.0	0.11131338892485423
3.0	0.11076773505757553
3.0	0.11019297877753399
4.0	0.10902310689755144
4.0	0.10759417085623599
2.0	0.10735343686084099
4.0	0.1062422218363415
4.0	0.10621998711682153
4.0	0.10614991754277608
4.0	0.10608723674750083
4.0	0.10608723674750083
4.0	0.1059557692500353
4.0	0.10587519202477333
4.0	0.10587519202477333
4.0	0.10512966748616123
4.0	0.10512966748616123
4.0	0.10374247790563074
4.0	0.10277589392277621
3.0	0.10264113013225427
4.0	0.1026064075304762
4.0	0.10218812190769168
4.0	0.10210185342142358
4.0	0.1000494193259719
4.0	0.09877691962790255
4.0	0.0985204870100535
4.0	0.0971966063507217
4.0	0.09662386246164521
4.0	0.09630150498416501
4.0	0.09584997444239662
