True Label: 0.0
4.0	0.2439163633454966
1.0	0.22315643113416925
4.0	0.21246680465495643
3.0	0.2124642695389533
4.0	0.20394019220243326
0.0	0.1994310088043664
4.0	0.1846372364689991
4.0	0.17407765595569785
0.0	0.16701066428067124
4.0	0.16670783417789517
4.0	0.16070608663330627
3.0	0.15612819927991745
3.0	0.15204507581546467
4.0	0.15101717408522408
3.0	0.14782809899727067
4.0	0.14747401920978415
3.0	0.14722190145648764
4.0	0.14538815787476106
4.0	0.14506471329641488
4.0	0.13998740998253312
4.0	0.13998740998253312
4.0	0.1382805246464718
0.0	0.13724291033913616
4.0	0.13649270751071763
4.0	0.13193984914006274
4.0	0.1319112132527716
3.0	0.1305878034393512
3.0	0.1305582419667734
2.0	0.13055824196677338
3.0	0.1292191476761844
4.0	0.12797267422224787
4.0	0.12797267422224787
2.0	0.12794157892978975
2.0	0.12637958671870725
4.0	0.12546485842835475
0.0	0.1252822027923931
0.0	0.12472624374000643
2.0	0.12424730498438734
2.0	0.12424730498438734
4.0	0.12392039927415242
4.0	0.12350385893835975
4.0	0.1232130628519078
3.0	0.12105003117656306
1.0	0.12087344460380706
3.0	0.12060453783110545
3.0	0.12060453783110545
1.0	0.11978971929834735
1.0	0.11978971929834735
4.0	0.11872936802173273
1.0	0.11809437324333255
