True Label: 0.0
2.0	0.22728373366010723
2.0	0.18692492926333937
4.0	0.1856060003872966
4.0	0.1761782164952404
4.0	0.1590309552075113
3.0	0.15892724437906372
4.0	0.14782181785203574
4.0	0.13946252633739406
4.0	0.13319129359739187
4.0	0.13287979975578576
4.0	0.13261106337369144
4.0	0.13106332645023808
4.0	0.12980172315524766
2.0	0.1294082193319429
2.0	0.12457681158113611
0.0	0.12431871105731913
4.0	0.12424026505706806
4.0	0.1216847395638013
4.0	0.12048476389974444
4.0	0.12048476389974444
3.0	0.11838676850871772
2.0	0.11628312586915973
0.0	0.11573861377084657
4.0	0.11545210141285032
4.0	0.11507319008442247
4.0	0.1143390627373469
4.0	0.11102023766625582
4.0	0.11056282088602323
4.0	0.1102841654084365
4.0	0.11019949493596207
1.0	0.10969409561953054
4.0	0.10958954886865374
3.0	0.10868382051020248
3.0	0.10864436720743993
4.0	0.10860354647813596
4.0	0.10815576561242038
4.0	0.10695439967200082
4.0	0.10695439967200081
0.0	0.10614332655252984
4.0	0.10387858495088263
4.0	0.10327088554595802
3.0	0.10318107355131523
1.0	0.10315097959150775
3.0	0.10234818877277842
4.0	0.10200674541906865
3.0	0.10175291040437563
4.0	0.10166534970369592
4.0	0.10120668016122479
1.0	0.10120668016122478
4.0	0.10067300997202612
