True Label: 0.0
4.0	0.19736548459657938
1.0	0.16933350266692068
0.0	0.16508332072280235
2.0	0.16295171711197048
2.0	0.15554275420956382
2.0	0.15401027590842437
4.0	0.15089863644835705
4.0	0.13107603009779922
3.0	0.11757927025044308
0.0	0.11401543113259058
1.0	0.11235088294097074
4.0	0.11235088294097074
0.0	0.11235088294097074
4.0	0.11013798774303998
1.0	0.10873404029781202
4.0	0.1070959105203332
4.0	0.10657169831489235
4.0	0.10510605295860624
4.0	0.10369516947304254
4.0	0.1016814793477605
4.0	0.09837387536759294
4.0	0.09817372485431253
4.0	0.09660122791674566
1.0	0.09525009525014289
4.0	0.09198440996365477
4.0	0.08980265101338746
4.0	0.08980265101338746
0.0	0.08966438664960921
2.0	0.08928104359436159
0.0	0.08901489323973531
0.0	0.08848518130026099
4.0	0.08712136837380642
4.0	0.08692868762802497
4.0	0.08466675133346034
4.0	0.08032193289024989
1.0	0.07857731963671402
4.0	0.07838618016696206
3.0	0.07835307090247888
4.0	0.0748355425111562
0.0	0.07426470623925754
3.0	0.07332355751067667
4.0	0.07332355751067667
0.0	0.07200230411059791
4.0	0.06956083436402524
3.0	0.06941930657882668
0.0	0.06913011298202835
3.0	0.06830738333087809
3.0	0.06768493884565054
4.0	0.06735198826004059
4.0	0.06670373459650701
