True Label: 0.0
0.0	0.2887084592857862
4.0	0.24225079155575463
2.0	0.14298689505723922
4.0	0.1361331925293325
4.0	0.12724933182511303
0.0	0.12432064275866703
4.0	0.1221188251519958
4.0	0.12112539577787731
4.0	0.1141981183045886
0.0	0.1135289844403248
0.0	0.11329833514827256
4.0	0.11267605633802816
0.0	0.11189084777289188
4.0	0.10565487660253799
3.0	0.10498884552771254
0.0	0.10484648770558727
4.0	0.10359079584873412
4.0	0.10320566094311019
4.0	0.09889847151615443
1.0	0.09831875995877304
4.0	0.09680444213892507
0.0	0.09670154653274195
4.0	0.09602691599615605
4.0	0.09532318489643435
4.0	0.09515422195433268
4.0	0.09494253265550827
3.0	0.093139437170684
4.0	0.09309881282314555
4.0	0.09309881282314555
3.0	0.09232243924509768
4.0	0.09208717037870587
4.0	0.09192771195538432
0.0	0.08946625526980731
4.0	0.08667027800348788
3.0	0.08661137872519122
4.0	0.08635104937551057
4.0	0.08526091126389751
0.0	0.08324661549877056
1.0	0.08263686767584087
1.0	0.08263686767584087
4.0	0.08253409459286175
4.0	0.08228850233457916
4.0	0.08222264517930378
4.0	0.08207355594480842
2.0	0.08150849892673401
2.0	0.08150849892673401
3.0	0.08114779313969792
4.0	0.08032695751976818
4.0	0.08025298739669307
0.0	0.07961173386514128
