True Label: 0.0
3.0	0.2752409412815901
4.0	0.2752409412815901
4.0	0.18786728732554484
4.0	0.17251638983558856
4.0	0.1640388744406238
4.0	0.15959855297967943
2.0	0.15191090506254998
4.0	0.14288690166235204
4.0	0.13762047064079505
4.0	0.13762047064079505
4.0	0.13762047064079505
4.0	0.13324272283470417
4.0	0.12909944487358055
4.0	0.12171612389003691
4.0	0.11986582537134602
4.0	0.11866111313364179
4.0	0.11846977555181845
2.0	0.11812488464372366
3.0	0.11448491654582649
4.0	0.11338934190276817
4.0	0.1126872339638022
4.0	0.11009637651263604
4.0	0.11009637651263604
4.0	0.10741723110591492
3.0	0.10596258856520349
3.0	0.10540925533894598
4.0	0.10327955589886444
4.0	0.09999999999999998
4.0	0.09837387536759293
4.0	0.09731236802019036
4.0	0.09731236802019036
4.0	0.09589266029707681
3.0	0.09517337345336012
4.0	0.0939336436627724
4.0	0.09320913722597879
4.0	0.09258200997725513
4.0	0.09128709291752768
4.0	0.09128709291752767
0.0	0.09128709291752767
4.0	0.08660254037844385
0.0	0.08606629658238703
4.0	0.08577503924427757
3.0	0.08553989227683015
0.0	0.08539125638299665
4.0	0.08451542547285165
3.0	0.08451542547285165
4.0	0.08451542547285165
4.0	0.08257228238447703
4.0	0.08064778385455118
3.0	0.07961173386514128
