True Label: 0.0
4.0	0.5
1.0	0.27225504038960213
4.0	0.21693800887276216
4.0	0.21693800887276216
4.0	0.19030380670684913
4.0	0.18355431078559414
4.0	0.1752191610126156
4.0	0.173421993904824
3.0	0.1727309417328402
4.0	0.1703665689090955
4.0	0.16884540837649264
4.0	0.16390251702679642
4.0	0.15585730003983936
4.0	0.15294382258037453
4.0	0.15018785229652765
4.0	0.14048787173725408
4.0	0.13834289277321493
4.0	0.13670414920128873
4.0	0.13518451760896882
4.0	0.1326581132237062
4.0	0.12865305149642156
4.0	0.1285757127148629
3.0	0.1284985132406471
4.0	0.12745318548364543
3.0	0.12389865694583803
4.0	0.12114956011313459
4.0	0.11969747440993464
4.0	0.11969747440993464
4.0	0.11822419580387442
4.0	0.1161228192269006
4.0	0.11353134489128947
4.0	0.11353134489128947
4.0	0.11264088922239573
4.0	0.11128297681493145
4.0	0.10982442127674487
4.0	0.10982442127674487
2.0	0.10814761408717505
4.0	0.10635399695598369
4.0	0.10544574807167814
3.0	0.10516136667785833
4.0	0.10390486669322624
2.0	0.10366105360784117
4.0	0.1034108800401396
4.0	0.1019206143738794
4.0	0.10178787637828085
4.0	0.101162829777814
4.0	0.0993399267798783
0.0	0.09838379358865637
4.0	0.09782319760890369
3.0	0.09764582085806336
