True Label: 0.0
4.0	0.5
2.0	0.14876521202068343
4.0	0.13068205256070964
4.0	0.12666009927622474
4.0	0.12524485821702988
3.0	0.12126781251816648
4.0	0.11669000700233416
4.0	0.1143323900950059
4.0	0.10502100630210075
4.0	0.09901475429766744
4.0	0.09901475429766744
4.0	0.09723055853282467
4.0	0.09513029883089882
4.0	0.09374252720097653
4.0	0.08823529411764705
4.0	0.08712136837380642
4.0	0.08574929257125442
4.0	0.08346223261119858
4.0	0.08134892168199606
4.0	0.07938841860374447
3.0	0.07938841860374447
4.0	0.07827803638564368
4.0	0.07756315349925286
4.0	0.07700513795421218
4.0	0.07669649888473705
4.0	0.07669649888473705
4.0	0.07669649888473705
4.0	0.07669649888473705
4.0	0.07397267214553091
4.0	0.07312724241271307
4.0	0.072790403945674
4.0	0.0727606875108999
4.0	0.0700140042014005
4.0	0.0699177649748767
4.0	0.0692958928675237
3.0	0.06792356108113244
4.0	0.06792356108113244
4.0	0.06755660236665674
4.0	0.06755660236665674
4.0	0.06710943652414492
4.0	0.06710943652414492
4.0	0.06642111641550714
4.0	0.06642111641550714
4.0	0.06534102628035482
4.0	0.06482037235521644
3.0	0.06482037235521644
4.0	0.06482037235521644
4.0	0.06482037235521644
4.0	0.06482037235521644
4.0	0.06482037235521644
