True Label: 0.0
3.0	0.14940357616679922
3.0	0.1493297783968401
4.0	0.13921151159742612
3.0	0.13477617311718537
4.0	0.13382992102364114
4.0	0.10758287072798381
3.0	0.10657169831489235
0.0	0.10564428184106456
4.0	0.10469071079869614
4.0	0.1043281061914602
4.0	0.10176144730133677
4.0	0.09991360689531965
4.0	0.0995485304256668
3.0	0.09739030513773345
4.0	0.09664206778384206
3.0	0.09576924332727951
4.0	0.09466817356484708
3.0	0.09460858853272565
4.0	0.09412426926956054
4.0	0.09359301528240506
0.0	0.09350252392113027
4.0	0.09266821663323266
0.0	0.09149063183892497
3.0	0.09128709291752768
1.0	0.09128709291752768
4.0	0.09105510501284467
0.0	0.09059076625181611
3.0	0.09022650821576841
0.0	0.08758320255102134
4.0	0.08547476863413765
4.0	0.0837707816583391
4.0	0.08333333333333331
4.0	0.08319197049476747
4.0	0.08299250027587321
4.0	0.08268982305947228
4.0	0.08115430675802944
2.0	0.08075728530872482
3.0	0.08000946913656629
4.0	0.07987043809059698
4.0	0.07749130248475833
2.0	0.07742870163531387
2.0	0.07742870163531387
4.0	0.07645566856462269
4.0	0.075955452531275
4.0	0.07566876850612222
4.0	0.07566876850612222
4.0	0.07508891526536748
4.0	0.07503752814845803
4.0	0.07441778294178292
2.0	0.07439515141604905
