True Label: 0.0
1.0	0.43660845608630183
2.0	0.3860818349376247
4.0	0.3636821818641819
4.0	0.33068986179496657
0.0	0.3079719062324201
0.0	0.2984036765180458
0.0	0.2896151323910714
4.0	0.27357111227281605
3.0	0.24594503898772155
4.0	0.23410708185330004
3.0	0.23180060814045955
4.0	0.23123129639530554
4.0	0.228047881398859
2.0	0.22266941056464568
4.0	0.2183245200445722
4.0	0.21616254127290124
1.0	0.21029534429262628
4.0	0.20762587603385801
4.0	0.20205596478012178
2.0	0.19741398529789886
4.0	0.1971538352760679
1.0	0.1959330567564817
4.0	0.19553742198406354
0.0	0.18426610597019596
0.0	0.17397735191051847
0.0	0.16819106759512772
4.0	0.16750829025547928
0.0	0.16592344482904672
4.0	0.15930426221069266
3.0	0.15923853431819657
2.0	0.15380479179302126
1.0	0.15338050190388622
4.0	0.15136233740515087
4.0	0.15009105918204332
4.0	0.14908270223874598
0.0	0.1483924472177952
4.0	0.14244326872904117
4.0	0.1400166012903709
2.0	0.13808827571865953
4.0	0.13016921787649477
1.0	0.12923161226521074
0.0	0.12548864039087923
4.0	0.12245816047280107
2.0	0.12159336427848004
2.0	0.11864335773363315
2.0	0.11670570316841973
2.0	0.11151298354748485
3.0	0.11111968549173207
4.0	0.10984240529430277
3.0	0.10919324067321659
