True Label: 0.0
2.0	0.32954102182865386
3.0	0.28915746598312014
3.0	0.2597056905574371
3.0	0.25799067679604304
4.0	0.2577631703461061
1.0	0.22966770070528586
1.0	0.21324467979898024
3.0	0.19161229372878624
4.0	0.16711703099536285
4.0	0.16531163063339516
4.0	0.16449086625250928
0.0	0.15691147861521196
4.0	0.15602161985357416
0.0	0.15101992432741995
3.0	0.1506909452787758
1.0	0.14954918583756077
0.0	0.14782809899727067
4.0	0.14678414098799655
2.0	0.14435120656673028
4.0	0.13798683116522042
0.0	0.1379728923974526
0.0	0.12045301395742894
0.0	0.1076327122274044
4.0	0.10741723110591492
0.0	0.10741723110591492
4.0	0.10719868107054556
1.0	0.10482848367219184
3.0	0.10481958141888104
4.0	0.10120511309409204
4.0	0.09805806756909202
4.0	0.09135033303104784
0.0	0.09126831536041913
3.0	0.0910818063401882
0.0	0.09104463009115371
4.0	0.08917378341287409
3.0	0.08492077756084469
4.0	0.08492077756084469
0.0	0.0843602382498464
0.0	0.08327010963883302
1.0	0.08314176219871604
1.0	0.08238525545716346
4.0	0.08178608201095308
0.0	0.08115343414514944
4.0	0.08047380502413905
0.0	0.08006407690254357
0.0	0.07965030629335272
0.0	0.07657048647896111
4.0	0.07580091431923673
3.0	0.0748561839520428
4.0	0.07363565284274862
