True Label: 0.0
4.0	0.4045773899393389
4.0	0.29038160345625114
4.0	0.2667325346846322
4.0	0.21506619680967012
4.0	0.21393127492027905
4.0	0.19658927487319622
3.0	0.19459743752898476
0.0	0.19332886183313763
4.0	0.1890250265507874
4.0	0.1872514715682846
3.0	0.18707173531974167
4.0	0.18430244519362143
4.0	0.18430244519362143
4.0	0.18152105323245887
4.0	0.18057877962865382
4.0	0.1796644508187709
4.0	0.17903666104523225
4.0	0.17903666104523225
4.0	0.1787266406203498
4.0	0.1787266406203498
4.0	0.17784273751306817
4.0	0.17782168978975482
4.0	0.17700260809846077
4.0	0.17353397747987498
3.0	0.17349447958987207
4.0	0.17289101870203116
3.0	0.1724442159841429
2.0	0.17053576968537743
4.0	0.17041945563090988
4.0	0.16985965321488597
4.0	0.16742770563222895
2.0	0.16571045299983225
3.0	0.16427570345801806
4.0	0.16357216402190616
4.0	0.16357216402190616
4.0	0.16051447078102563
4.0	0.15972878583447192
4.0	0.1571736533654829
4.0	0.15717365336548286
4.0	0.15717365336548286
4.0	0.15662770675937415
0.0	0.15611576059076776
4.0	0.15542931343224511
4.0	0.15488061853247326
1.0	0.15488061853247326
4.0	0.15399810070180361
3.0	0.15217391304347827
4.0	0.15217391304347827
4.0	0.1517165212272521
3.0	0.14744195615489716
