True Label: 0.0
3.0	0.4045773899393389
4.0	0.325203315628269
4.0	0.30492478930832245
4.0	0.2923449612445461
4.0	0.29109086821372976
4.0	0.2686866453119394
4.0	0.2647058823529412
3.0	0.26162797606709143
4.0	0.25854384499750954
4.0	0.25724787771376323
0.0	0.2569970264812942
4.0	0.25332019855244947
4.0	0.2526124011407279
3.0	0.2514977274139284
4.0	0.24842803761781476
4.0	0.24504901470490173
3.0	0.23808708279477087
4.0	0.23766353784131747
3.0	0.23685049687792076
4.0	0.23500799597021088
2.0	0.23307345260764167
4.0	0.2286647801900118
3.0	0.2286647801900118
4.0	0.2243630589181243
3.0	0.22292541435446867
4.0	0.21462419417145479
4.0	0.2134731774461514
3.0	0.2100420126042015
4.0	0.20917316911727693
4.0	0.20856983852806285
3.0	0.20228869496966945
4.0	0.20109991663496093
4.0	0.20109991663496093
4.0	0.20109991663496093
4.0	0.2000816826662603
1.0	0.199363055707225
1.0	0.199363055707225
4.0	0.19906904071737583
3.0	0.19802950859533489
4.0	0.1978335755221341
4.0	0.19418390934515434
4.0	0.19274776986097064
2.0	0.19274776986097064
4.0	0.19026059766179765
1.0	0.18999014891433708
1.0	0.18999014891433708
4.0	0.18938850476964256
4.0	0.18938850476964256
4.0	0.1878672873255448
4.0	0.18748505440195304
