True Label: 0.0
4.0	0.25018768817662007
3.0	0.1880126369868347
4.0	0.17791291759591937
3.0	0.1775997749921011
2.0	0.16505678012882796
2.0	0.15579258093564805
2.0	0.15512391047012108
3.0	0.14987742668076204
0.0	0.14669093606372427
4.0	0.14374360607847797
1.0	0.13873305995575166
1.0	0.13139604111703213
0.0	0.13132653129595237
3.0	0.12783038915225753
3.0	0.12685698213721508
0.0	0.12202653407541843
1.0	0.11977264774911854
0.0	0.11686338424087919
4.0	0.11594893164348789
2.0	0.11550651135050394
4.0	0.11093321279583497
4.0	0.10823807634815077
4.0	0.10807688776080374
2.0	0.10672418254081459
1.0	0.10281225098096401
1.0	0.10050678518042572
2.0	0.09991300344448148
4.0	0.09807867779745875
4.0	0.09803242141524184
1.0	0.09784487847136562
0.0	0.097774613303354
0.0	0.09653565533053104
3.0	0.09441373345710014
4.0	0.09441373345710014
0.0	0.0920938903071873
4.0	0.09147787074926965
2.0	0.08887301772376298
3.0	0.08885116257731072
3.0	0.088778812406755
4.0	0.08776416408493605
0.0	0.08692732859767739
4.0	0.08567687581747002
4.0	0.08567687581747002
2.0	0.08520071696704992
4.0	0.0850778017066554
0.0	0.08440860444844518
4.0	0.08239864793806512
0.0	0.08158858521804253
4.0	0.08106643212850931
4.0	0.0808779952754386
