True Label: 0.0
2.0	0.2082526725572571
4.0	0.2057377999494559
4.0	0.2057377999494559
4.0	0.18490006540840975
0.0	0.17507524381296344
3.0	0.16666666666666669
4.0	0.15452877499092182
4.0	0.15089291007086425
4.0	0.13986355971611486
4.0	0.13518451760896877
4.0	0.13336626734231613
3.0	0.1331221956975687
4.0	0.13183997535091208
4.0	0.12598815766974242
4.0	0.12562972690740154
4.0	0.12297746456210365
3.0	0.12163841528692224
4.0	0.1216334081999603
4.0	0.1216334081999603
4.0	0.12161606951727864
4.0	0.12126781251816648
4.0	0.11930485548442353
4.0	0.11526636133928726
4.0	0.11443323293305255
4.0	0.1143323900950059
4.0	0.1143323900950059
4.0	0.1143323900950059
2.0	0.11331668394168083
2.0	0.11331668394168083
3.0	0.11189084777289188
4.0	0.11180339887498951
4.0	0.11111111111111113
0.0	0.10926834468453098
4.0	0.10886621079036346
3.0	0.10744306187005072
4.0	0.10714285714285715
4.0	0.10714285714285715
3.0	0.1067407934522567
4.0	0.10660035817780524
4.0	0.10660035817780522
4.0	0.10540925533894599
3.0	0.10425720702853739
4.0	0.10411584125907072
3.0	0.10286889997472795
0.0	0.10286889997472795
4.0	0.10286889997472795
1.0	0.10257624248277729
1.0	0.10257624248277729
2.0	0.10120511309409205
4.0	0.1007585443719757
