True Label: 0.0
4.0	0.28072809844596597
4.0	0.24987801902176973
2.0	0.2359732760770793
4.0	0.23200591622629663
4.0	0.22439708538128578
4.0	0.20952908873087345
3.0	0.2058305379406603
2.0	0.19959308197927034
4.0	0.19672792029107614
4.0	0.19521720236075757
4.0	0.18224227560060588
2.0	0.18063828820816624
4.0	0.17442747325089586
4.0	0.1728526794136782
4.0	0.16564728911226984
4.0	0.16564728911226984
4.0	0.16316863627487058
4.0	0.15374555870010093
0.0	0.15240998561973754
4.0	0.15027827244457206
4.0	0.15027827244457206
4.0	0.14772558954847817
4.0	0.1475703340252388
4.0	0.1475703340252388
4.0	0.1433148727800037
4.0	0.1416909425905965
4.0	0.14126448280440335
4.0	0.14055638569974546
4.0	0.1391573985093984
0.0	0.1365204302941975
4.0	0.1312122050522086
4.0	0.1312122050522086
4.0	0.12963950956025863
4.0	0.12963950956025863
4.0	0.1283098384152452
4.0	0.1283098384152452
4.0	0.12769134731011966
4.0	0.12764128372248879
3.0	0.12733909464645346
4.0	0.11805626722019105
2.0	0.11798663803853965
4.0	0.11772040233700279
1.0	0.11635164023073029
4.0	0.11534196721631887
4.0	0.11270870433342906
4.0	0.11270870433342906
0.0	0.1121262265099487
0.0	0.1119647443593779
2.0	0.11059524970229394
3.0	0.11025665418987661
