True Label: 0.0
4.0	0.3659822946891389
4.0	0.36595401847911674
3.0	0.3427592556444707
4.0	0.3290725908572088
4.0	0.3283947887145926
4.0	0.28301965507089
4.0	0.2800560168056019
4.0	0.2699008633771315
4.0	0.2694977766525139
2.0	0.26651864186110785
3.0	0.26462806201248157
3.0	0.2528608687120868
3.0	0.2487554967702519
4.0	0.2193817272381392
4.0	0.2169304578186562
4.0	0.21693045781865616
4.0	0.21587762343877642
4.0	0.2100420126042015
3.0	0.20683507599800763
4.0	0.2018477805644745
3.0	0.20180183819889375
4.0	0.19871939970934405
4.0	0.19308211143030823
0.0	0.1917412472118426
1.0	0.18999014891433708
1.0	0.18999014891433708
4.0	0.18333969940564224
4.0	0.18098069149825669
2.0	0.17712297710801905
4.0	0.17700260809846077
4.0	0.1764705882352941
4.0	0.1764705882352941
4.0	0.1764705882352941
0.0	0.17503501050350123
3.0	0.17448847848657867
4.0	0.17424273674761284
4.0	0.16977493752543307
4.0	0.16692446522239712
4.0	0.1665741511631924
4.0	0.16647802295407294
0.0	0.16568337391590282
4.0	0.1645362954286044
4.0	0.1645362954286044
2.0	0.16398401233815754
4.0	0.16261489773363863
4.0	0.16169041669088863
4.0	0.16091967146673408
4.0	0.16091967146673408
4.0	0.15877683720748895
4.0	0.15877683720748895
