True Label: 0.0
1.0	0.2744885673080554
2.0	0.2627233070869614
2.0	0.23909314879929025
3.0	0.23866718525271902
3.0	0.23123706461737165
1.0	0.21932000780317515
4.0	0.21182677779240097
2.0	0.2095770157846963
2.0	0.20626611516977106
3.0	0.20345964269592334
4.0	0.20019281498035577
1.0	0.1848708067539962
2.0	0.1760736519644902
0.0	0.16612410261799818
0.0	0.16250440681665204
0.0	0.15806120471843166
0.0	0.15690249093134773
3.0	0.1531050707248751
4.0	0.14143240607568533
0.0	0.13888386569176292
2.0	0.1325481430201402
0.0	0.13030003552025707
3.0	0.12487176082234662
2.0	0.12398784841249492
2.0	0.12248405657990008
3.0	0.12132134845448851
4.0	0.11261528210895821
4.0	0.11143359610153966
2.0	0.11024869887732322
2.0	0.10927819720786573
3.0	0.10913841380648218
4.0	0.10908736289147351
3.0	0.10782535462318102
3.0	0.10741250978067668
4.0	0.10459601090523254
4.0	0.10381428734747244
4.0	0.10359099285514185
4.0	0.10130857804227128
4.0	0.10005376233303333
4.0	0.09947198507161861
0.0	0.09903626183331324
1.0	0.09820572322804724
0.0	0.097774613303354
4.0	0.09766652469029068
2.0	0.09694212304545444
2.0	0.09647549158488411
4.0	0.09647549158488411
1.0	0.09508728264112047
0.0	0.09452106113587624
4.0	0.0889460083706025
