True Label: 0.0
1.0	0.1388888888888889
4.0	0.12556180058348068
4.0	0.0912870929175277
3.0	0.08333333333333336
1.0	0.08211077318035777
4.0	0.08006407690254358
3.0	0.07814295770624799
4.0	0.07715167498104597
4.0	0.07715167498104597
3.0	0.07532435771547095
4.0	0.07453559924999299
3.0	0.07453559924999299
3.0	0.07324179433540853
4.0	0.07319250547113999
3.0	0.07216878364870323
3.0	0.07216878364870323
4.0	0.07216878364870323
4.0	0.07216878364870323
3.0	0.06950480468569159
1.0	0.06804138174397718
4.0	0.0652791209833867
4.0	0.06454972243679029
3.0	0.06154574548966637
2.0	0.06154574548966637
3.0	0.057448498962142616
2.0	0.05729242789126948
4.0	0.055367549752229114
4.0	0.0545544725589981
2.0	0.052704627669472995
3.0	0.052270837348931676
4.0	0.05184758473652127
4.0	0.05184758473652127
4.0	0.05174752497506926
3.0	0.05103103630798288
4.0	0.05008183311531247
4.0	0.048795003647426664
2.0	0.048795003647426664
4.0	0.048112522432468816
0.0	0.047781848256749665
4.0	0.04564354645876385
3.0	0.04541243840942218
1.0	0.04508348173337162
4.0	0.04351941398892446
4.0	0.04303314829119353
4.0	0.042562826537937436
4.0	0.04225771273642584
4.0	0.04181751622481225
4.0	0.04166666666666668
2.0	0.04166666666666667
4.0	0.041134503489486364
