True Label: 0.0
4.0	0.2860387767736777
3.0	0.22312227540868657
3.0	0.2075143391598224
4.0	0.19827263883864388
3.0	0.18609684207969418
4.0	0.18181818181818182
4.0	0.1773937187967248
4.0	0.17407765595569785
4.0	0.16861503026429298
2.0	0.15441828729643658
0.0	0.15075567228888181
4.0	0.14698932357154085
4.0	0.14698932357154085
4.0	0.14484136487558028
1.0	0.1421338109037403
3.0	0.1421338109037403
2.0	0.1418190069493499
0.0	0.13705061117171075
3.0	0.1368921586675281
4.0	0.13483997249264842
4.0	0.1344669704710584
3.0	0.13309528920795524
3.0	0.1315903389919538
2.0	0.1315903389919538
4.0	0.13116690839904502
3.0	0.12974513136252985
4.0	0.12971646502803338
4.0	0.12309149097933275
4.0	0.12227899701112964
4.0	0.12087344460380704
4.0	0.12065379433217113
4.0	0.12065379433217113
4.0	0.11936793817107019
4.0	0.11826247919781653
3.0	0.11801058864729899
2.0	0.1163447302488793
4.0	0.1160517706371319
2.0	0.11508236308970202
4.0	0.11338057787393882
4.0	0.11209021861728904
3.0	0.11148712271412087
4.0	0.11134044285378081
2.0	0.11113140871474239
4.0	0.11102547633067378
4.0	0.11009637651263605
2.0	0.11009637651263605
4.0	0.1098227829254536
4.0	0.1096908636190696
4.0	0.1096908636190696
3.0	0.10919021808652282
