True Label: 0.0
4.0	0.1611258466588724
4.0	0.15498260496951669
4.0	0.1296362432175337
4.0	0.11504474832710554
4.0	0.11420804814403215
4.0	0.11298653657320643
4.0	0.10954451150103323
4.0	0.10031397251510382
3.0	0.09837387536759294
2.0	0.09835190661514329
4.0	0.09128709291752768
4.0	0.08777472595071585
1.0	0.08606629658238704
3.0	0.08451542547285165
0.0	0.0839060777599422
4.0	0.08257228238447704
4.0	0.0816496580927726
2.0	0.08115430675802945
4.0	0.07989354619369612
4.0	0.07968190728895957
4.0	0.07854722025488003
2.0	0.07827803638564368
4.0	0.07667562056697311
4.0	0.07637626158259733
1.0	0.0761386987626881
4.0	0.07607257743127306
4.0	0.07607257743127306
2.0	0.07595545253127499
1.0	0.0757282445662753
4.0	0.07523547938632788
4.0	0.07453559924999299
4.0	0.07319250547113998
2.0	0.0704502327470793
1.0	0.07042952122737638
1.0	0.07027283689263066
3.0	0.07019592349853404
3.0	0.07019592349853404
4.0	0.07012868733182766
3.0	0.06977215890464485
2.0	0.06960575579871306
3.0	0.06960575579871306
3.0	0.06943650748294136
4.0	0.06900655593423541
4.0	0.06846531968814576
4.0	0.06846531968814576
3.0	0.06729773775727069
4.0	0.06666666666666665
4.0	0.06642111641550714
4.0	0.06642111641550714
4.0	0.06546536707079771
