True Label: 0.0
1.0	0.5880797558273921
2.0	0.39871649571703877
1.0	0.31074668915879233
4.0	0.28206376947068423
2.0	0.28187717508546717
3.0	0.26130573755886083
0.0	0.2457082555502527
1.0	0.23910664254859568
4.0	0.23026753682587675
1.0	0.2246515857151928
2.0	0.2128004464532867
4.0	0.20126358375455752
3.0	0.18393465855776436
1.0	0.1800619162297041
4.0	0.1791470688244654
0.0	0.17318984072143628
3.0	0.17316284596677584
3.0	0.17061993479587123
3.0	0.16295171711197048
4.0	0.16005639193888976
0.0	0.15884352021072798
3.0	0.14981003226962328
3.0	0.1480631781057229
4.0	0.14329327396785577
1.0	0.13609151450969825
2.0	0.1346698687022584
4.0	0.1331355714520056
4.0	0.1331355714520056
4.0	0.12642230352003667
4.0	0.12642230352003667
4.0	0.12540999447120296
3.0	0.12189478364277456
4.0	0.11811698658343624
4.0	0.11683504488552092
3.0	0.11574818363587984
0.0	0.11263013879704088
4.0	0.11113140871474239
1.0	0.11008956846288077
4.0	0.10747827771953064
3.0	0.10720543017159892
4.0	0.10564689482586212
2.0	0.10484720805988643
3.0	0.10417336527229186
3.0	0.10254432451196417
3.0	0.10143662586819475
3.0	0.10062201282833434
1.0	0.09942710631309475
4.0	0.09942710631309473
3.0	0.09919438716940225
4.0	0.09850746528351266
