True Label: 0.0
3.0	0.2472066162365221
4.0	0.2239946675952602
3.0	0.20789168874287883
4.0	0.16770509831248423
4.0	0.16329931618554522
4.0	0.16269784336399212
4.0	0.16151457061744967
4.0	0.14808721943977307
3.0	0.14391241890026546
4.0	0.14322297480788657
4.0	0.14090046549415863
0.0	0.13858697343671667
4.0	0.13801311186847084
4.0	0.13664859862498716
4.0	0.1333333333333333
4.0	0.1333333333333333
3.0	0.13176156917368248
0.0	0.13105264876364567
4.0	0.12909944487358058
4.0	0.12752819633404627
0.0	0.12713690692890195
4.0	0.12413220787308402
4.0	0.1224744871391589
4.0	0.12177204676176308
3.0	0.12084518968726131
4.0	0.12048411389909644
4.0	0.11986582537134603
4.0	0.11618950038622253
4.0	0.11618950038622253
3.0	0.11570643085877509
4.0	0.11547005383792514
4.0	0.11547005383792514
2.0	0.1139331787969125
4.0	0.11296201426438299
4.0	0.11236664374387369
4.0	0.11065666703449761
3.0	0.10767638041163309
4.0	0.10708993401928107
4.0	0.10696110492184387
4.0	0.10639903531978631
4.0	0.10606601717798211
4.0	0.10366105360784114
3.0	0.1027840972906244
4.0	0.10251804840493314
4.0	0.10248644896874036
4.0	0.10112997936948631
0.0	0.10031397251510381
4.0	0.10029717747535973
4.0	0.09999999999999998
4.0	0.09984411525986357
