True Label: 0.0
4.0	0.33295604590814587
3.0	0.2824002554887563
4.0	0.280056016805602
4.0	0.24956709924231085
4.0	0.2439905608521584
4.0	0.21455956195564546
4.0	0.2089785019092862
3.0	0.20180183819889375
2.0	0.19802950859533489
4.0	0.1941077438551307
4.0	0.18190171877724973
0.0	0.18015093964441797
4.0	0.17424273674761284
4.0	0.17279947800812526
3.0	0.17137962782223534
4.0	0.16867010103064664
4.0	0.16692446522239715
4.0	0.16692446522239712
3.0	0.16470407782377985
4.0	0.1619405180262789
0.0	0.16091967146673408
4.0	0.15949044456578
4.0	0.15877683720748895
4.0	0.15526752351113424
4.0	0.15512630699850574
4.0	0.15437424514155595
1.0	0.1533929977694741
4.0	0.1524808410329653
4.0	0.1517165212272521
4.0	0.14730968560153454
4.0	0.14705882352941177
4.0	0.14625448482542613
4.0	0.14625448482542613
4.0	0.14462030521243746
0.0	0.14335863748112893
4.0	0.1429154876187574
4.0	0.14269544824634822
4.0	0.141509827535445
4.0	0.13904655901870855
4.0	0.1385917857350474
4.0	0.1385917857350474
0.0	0.13750477455423168
4.0	0.13719886811400706
4.0	0.1362932551272764
4.0	0.13607239409231403
4.0	0.13584712216226488
1.0	0.13511320473331348
4.0	0.13474888832625695
4.0	0.13474888832625695
4.0	0.1345345587992625
