True Label: 0.0
4.0	0.27627330712889325
4.0	0.27617238536949706
3.0	0.2402634732291977
4.0	0.22586286561735092
3.0	0.18557407043479948
3.0	0.17045729691814088
4.0	0.16467739391852368
3.0	0.16285663940061293
4.0	0.16248558255167678
2.0	0.1544993737759967
4.0	0.15381753622437838
4.0	0.15356246163750753
4.0	0.15266002995467645
4.0	0.1426148065624585
3.0	0.14222820197936845
4.0	0.13948811890802557
4.0	0.1391190133036259
4.0	0.13878184541334224
4.0	0.13813665356444663
2.0	0.13808619268474853
4.0	0.13799996964001005
3.0	0.1345857970121831
4.0	0.13454635003902715
4.0	0.13449584980357304
4.0	0.13440323049513725
4.0	0.1321512892499941
4.0	0.13100006469140596
4.0	0.13100006469140596
4.0	0.13018891098082386
1.0	0.12939264105871254
3.0	0.128944756327002
4.0	0.12820117729284186
4.0	0.1264536919716524
4.0	0.1263776753179708
4.0	0.12630179559013455
4.0	0.12630179559013455
4.0	0.12630179559013455
4.0	0.1261482104435761
4.0	0.12538795238576367
4.0	0.12508145976752497
4.0	0.12501736472884672
3.0	0.1245159891512819
4.0	0.12376087691217517
4.0	0.12376087691217517
4.0	0.12350804543889277
4.0	0.12301695782628072
3.0	0.12131466369810631
4.0	0.12070759758761328
4.0	0.12053151055354619
3.0	0.12013173661459885
