True Label: 0.0
4.0	0.5000000000000002
2.0	0.3721042037676254
4.0	0.30120724833843715
4.0	0.2928938408885664
4.0	0.2681606092615964
4.0	0.25391668753850405
4.0	0.23904572186687872
4.0	0.23354968324845687
3.0	0.22683621507798668
4.0	0.21380899352993954
3.0	0.2046251913293025
4.0	0.1898886313281875
4.0	0.1863389981249825
4.0	0.1813690625275029
4.0	0.1813690625275029
3.0	0.1813296301838414
4.0	0.17928429140015906
3.0	0.17805307790297992
4.0	0.17677669529663687
4.0	0.17541160386140586
4.0	0.1649915822768611
4.0	0.1614429614050549
4.0	0.158113883008419
3.0	0.15811388300841897
4.0	0.15504341823651058
4.0	0.1533929977694741
4.0	0.1533929977694741
4.0	0.15283340880664026
3.0	0.15279384672152083
4.0	0.15061601901917732
4.0	0.15030706275739042
4.0	0.15030706275739042
4.0	0.15000000000000002
2.0	0.149071198499986
4.0	0.14658818246398736
3.0	0.14564581503017762
4.0	0.14509525002200233
4.0	0.14433756729740643
4.0	0.14301938838683886
2.0	0.1419904585617662
4.0	0.1414213562373095
0.0	0.1414213562373095
4.0	0.1414213562373095
3.0	0.1383773258656399
4.0	0.13756901411604217
4.0	0.13693063937629152
4.0	0.13552618543578768
4.0	0.1348399724926484
4.0	0.1315587028960544
4.0	0.13036250236349373
