True Label: 0.0
4.0	0.20464687117164015
2.0	0.15930426221069266
4.0	0.14824986333222023
2.0	0.14322297480788657
4.0	0.1320989873168695
0.0	0.12915925467288528
4.0	0.1271187949682817
4.0	0.12403473458920847
4.0	0.12267912301642962
4.0	0.12009611535381537
4.0	0.11483385035264293
3.0	0.11472023218852856
4.0	0.11322770341445959
1.0	0.11169959418041822
4.0	0.10963225241337866
4.0	0.10963225241337866
0.0	0.10526436282325602
4.0	0.10467600579705136
3.0	0.1046066054154028
4.0	0.10453025125088636
4.0	0.10453025125088634
4.0	0.10347966929808947
3.0	0.10213484415648846
4.0	0.10207171703579507
4.0	0.10044039219036509
4.0	0.09944903161976938
4.0	0.09881723813389708
4.0	0.09805806756909202
4.0	0.09805806756909202
4.0	0.09805806756909202
4.0	0.09762513800407736
4.0	0.09656090991705352
4.0	0.09560827001649261
4.0	0.09560827001649261
3.0	0.09558939059832275
3.0	0.09479631196434647
3.0	0.09464899825923331
2.0	0.09456437888449147
4.0	0.09421114395319916
4.0	0.09354720936668216
4.0	0.09302605094190636
4.0	0.09275364610837011
4.0	0.09245003270420488
2.0	0.09245003270420486
3.0	0.09200934226232221
4.0	0.0899842541331695
3.0	0.08942987187484416
0.0	0.08825915632813758
0.0	0.08770580193070293
4.0	0.08770580193070293
