True Label: 0.0
2.0	0.42918908699192587
4.0	0.3373625570218364
1.0	0.25460379268124084
3.0	0.22675114039330077
3.0	0.21262672258069404
3.0	0.20033363297925005
1.0	0.20008431918048208
0.0	0.1880121371476375
4.0	0.18772274998962432
4.0	0.17878810498386666
0.0	0.17312570698610244
3.0	0.16245825901621663
4.0	0.15235867226837183
4.0	0.15133098100140727
3.0	0.14704796683083451
4.0	0.14534201620996476
3.0	0.13725012490070543
3.0	0.13576453288908172
3.0	0.13533258833521855
3.0	0.1337558329690392
4.0	0.13345891346358593
0.0	0.13243602616499
0.0	0.12902145094114925
4.0	0.12856499504879174
3.0	0.12808265537236035
4.0	0.1220556395394707
4.0	0.12036112456567888
3.0	0.11917284077423852
3.0	0.11887499375890412
0.0	0.11834388968572321
3.0	0.11726310093128325
4.0	0.11619350712796507
0.0	0.11579214666396975
3.0	0.1136631622466789
4.0	0.11298326600928253
4.0	0.11298326600928253
4.0	0.11270375307116395
4.0	0.11256644750266195
4.0	0.11256644750266195
3.0	0.10914932932491067
4.0	0.10863251214853978
4.0	0.10749380552369767
4.0	0.10734756037557137
3.0	0.10601741086863596
3.0	0.1057432555083192
4.0	0.10483328384087223
4.0	0.10483328384087223
3.0	0.10114648215929778
0.0	0.10045046207838686
3.0	0.09933039991966074
