True Label: 0.0
4.0	0.5
4.0	0.41577535720514225
4.0	0.36196138299651337
4.0	0.3074140125637412
0.0	0.30678599553894814
4.0	0.2829582292090551
4.0	0.280056016805602
4.0	0.27500954910846337
4.0	0.25048971643405976
4.0	0.24956709924231088
4.0	0.24764219818702876
3.0	0.2475368857441686
4.0	0.23923566684866998
4.0	0.23338001400466832
2.0	0.22815832379813772
4.0	0.2187501580053834
3.0	0.21719877017577865
4.0	0.21693045781865616
3.0	0.21639460572527425
4.0	0.21455956195564546
0.0	0.2130214807490179
4.0	0.21170244960998527
4.0	0.20588235294117646
3.0	0.20211302086361077
4.0	0.20211302086361077
4.0	0.2000816826662603
2.0	0.19802950859533489
4.0	0.19672236884115843
4.0	0.19402850002906638
4.0	0.1917412472118426
2.0	0.19026059766179765
4.0	0.18981415059132414
4.0	0.18981415059132414
3.0	0.18717532443173313
4.0	0.18670401120373464
4.0	0.18481233109010925
4.0	0.18448201388042723
0.0	0.18286992114420214
4.0	0.18281810603178267
3.0	0.18190171877724973
4.0	0.18190171877724973
4.0	0.1808348373242636
4.0	0.1808348373242636
2.0	0.17712297710801905
3.0	0.17700260809846075
4.0	0.17515568270708254
4.0	0.17476551841063892
2.0	0.17149858514250885
3.0	0.17120766282083952
4.0	0.16692446522239715
