True Label: 0.0
4.0	0.14167274424815948
0.0	0.13269099076359303
0.0	0.12768847961381227
2.0	0.11420804814403215
3.0	0.11261065411536271
3.0	0.10283867552865913
1.0	0.10256643754758071
4.0	0.10216767230548135
3.0	0.09761906491267601
0.0	0.09113719611210547
1.0	0.09046625460638012
0.0	0.08956363212674102
2.0	0.08842980884095826
2.0	0.08842980884095826
4.0	0.08674723979493604
4.0	0.08627774432299828
4.0	0.08602647872386805
0.0	0.08389366837175637
2.0	0.08178608201095308
0.0	0.08096409047527363
4.0	0.08049163562408293
4.0	0.0802572353905128
4.0	0.07585826061362605
4.0	0.07585826061362605
4.0	0.07321429868450702
0.0	0.07259540086406277
2.0	0.07237640971394027
1.0	0.07049073768502413
2.0	0.06844820977417418
4.0	0.06825236327899352
0.0	0.06825236327899352
4.0	0.06825236327899352
4.0	0.06668313367115805
1.0	0.0643489452087787
4.0	0.06376700661892555
0.0	0.0631894097806702
4.0	0.06286946134619315
4.0	0.06286946134619315
3.0	0.06286946134619315
4.0	0.06286946134619315
4.0	0.06286946134619315
0.0	0.06281122190678598
4.0	0.06255432421712244
3.0	0.06255432421712244
4.0	0.06047354776828506
4.0	0.06019292654288461
3.0	0.060192926542884606
0.0	0.06019292654288459
4.0	0.05940605706521968
2.0	0.058304048701734855
