True Label: 0.0
4.0	0.20619652471058064
4.0	0.19446111706564934
3.0	0.16442642142942065
2.0	0.16393687387049033
4.0	0.16282454276476765
4.0	0.16116459280507606
4.0	0.15430334996209194
4.0	0.1527207096642425
4.0	0.14638501094227996
4.0	0.1458029608799511
1.0	0.13957263155977062
4.0	0.1393195531438382
4.0	0.13801311186847084
4.0	0.13181243254912406
4.0	0.12964074471043288
4.0	0.12964074471043288
4.0	0.1267731382092775
3.0	0.12598815766974242
4.0	0.12087344460380704
4.0	0.11952286093343939
4.0	0.1182165609358651
4.0	0.1182165609358651
4.0	0.11664236870396087
4.0	0.11458731212852641
0.0	0.11396057645963795
4.0	0.11396057645963795
4.0	0.11013346473215285
2.0	0.11013346473215285
3.0	0.10838874619051501
3.0	0.10821807582053324
4.0	0.10714285714285715
4.0	0.10714285714285715
3.0	0.10690449676496976
4.0	0.10631081389064057
4.0	0.10482848367219184
3.0	0.10309826235529032
4.0	0.10286889997472795
4.0	0.10101525445522107
4.0	0.10101525445522107
3.0	0.10022296571715915
4.0	0.09869275424396536
4.0	0.09759000729485331
4.0	0.09723055853282467
0.0	0.09723055853282467
4.0	0.09723055853282467
4.0	0.09600307214746387
3.0	0.09600307214746387
4.0	0.09520787531182658
0.0	0.09478411467100531
4.0	0.09449111825230681
