True Label: 0.0
4.0	0.34020690871988585
4.0	0.21879748724684184
4.0	0.20515248496555452
4.0	0.17766726362967533
4.0	0.16666666666666666
4.0	0.158999682000954
4.0	0.15436860830713756
3.0	0.15327331099535618
4.0	0.13654800506215234
4.0	0.11556254088025607
4.0	0.11353050040216181
4.0	0.10583343916682542
2.0	0.10583343916682542
4.0	0.10514887802400746
2.0	0.10166571355506979
4.0	0.10050378152592121
4.0	0.09960238411119947
4.0	0.09622504486493763
0.0	0.09622504486493763
0.0	0.0944911182523068
3.0	0.09288558931436196
4.0	0.09245003270420485
4.0	0.09157370929912602
0.0	0.09110136110168687
4.0	0.0909241209316635
4.0	0.08997696884358682
3.0	0.08980265101338746
3.0	0.0890870806374748
4.0	0.08883363181483767
4.0	0.08535791995526398
4.0	0.08451542547285165
3.0	0.08333333333333333
4.0	0.08333333333333333
4.0	0.08333333333333333
3.0	0.08292546357750376
4.0	0.08097213504812638
4.0	0.08084520834544431
4.0	0.08084520834544431
4.0	0.08084520834544431
4.0	0.08084520834544431
3.0	0.0793051585718144
4.0	0.07905694150420949
4.0	0.07856742013183862
4.0	0.07749842582921285
4.0	0.07647191129018724
4.0	0.07607257743127306
2.0	0.07607257743127306
4.0	0.07594353140548059
4.0	0.07537783614444091
3.0	0.07491109582924912
