True Label: 0.0
4.0	0.17706982279088618
4.0	0.1645207192637665
4.0	0.14151932739989984
0.0	0.13815528760660287
4.0	0.11903574805553323
4.0	0.11518599423459985
4.0	0.11411055139315873
4.0	0.10887588907733556
3.0	0.10755181372414788
4.0	0.10541294555776204
4.0	0.10247120237472229
2.0	0.10237985876936677
4.0	0.10189116930240022
4.0	0.10046604779771835
4.0	0.10016366623062493
4.0	0.09802861627917436
4.0	0.0949157995752499
4.0	0.09320546490018002
4.0	0.09307259888124252
4.0	0.09300911864272315
3.0	0.09263094582387257
3.0	0.09106252408308971
4.0	0.09075686330415036
4.0	0.08948747402853659
1.0	0.08909292452089065
4.0	0.08878560065057219
4.0	0.08812710750235653
4.0	0.08577503924427757
4.0	0.08438023020266956
4.0	0.083967426956286
4.0	0.08331790551993938
4.0	0.083213446444421
4.0	0.08297133681759826
3.0	0.0813896266741265
4.0	0.08100985791765382
4.0	0.08048866036389504
4.0	0.0800852058916171
3.0	0.07974522228289
4.0	0.07974522228289
3.0	0.07961488749683099
3.0	0.07916524933276792
4.0	0.07830153977496952
4.0	0.07799478181088813
4.0	0.07798128673650545
4.0	0.07749842582921287
4.0	0.07749842582921287
4.0	0.07671321382421517
4.0	0.07621312235413488
4.0	0.07610194341477616
3.0	0.07610194341477616
