True Label: 0.0
4.0	0.22430886163681765
2.0	0.21346619809405207
4.0	0.18734887875347842
4.0	0.18417958527119777
4.0	0.17483145522430754
3.0	0.1742806439395312
4.0	0.1587669693468921
4.0	0.1575633729158136
4.0	0.15700328159671167
4.0	0.15542413245411335
2.0	0.14186538042638172
3.0	0.14176897172994185
4.0	0.1383962695393601
4.0	0.1365204302941975
0.0	0.13270291214996663
0.0	0.132495095753598
4.0	0.1317841678479201
4.0	0.13084683595481034
4.0	0.1303116728289208
4.0	0.12970509852164896
4.0	0.12625427967391512
0.0	0.12364494642434977
3.0	0.12175712645946342
3.0	0.1195103713265842
1.0	0.11835541632744279
1.0	0.11835541632744279
4.0	0.11778571185788636
4.0	0.1165543034828717
4.0	0.11535509604168155
4.0	0.11215443081840884
4.0	0.10926965951519221
2.0	0.10673309904702603
4.0	0.10639903531978628
4.0	0.10639903531978628
4.0	0.10600714067209772
4.0	0.10600714067209772
2.0	0.10196485799471279
4.0	0.10116051893709009
4.0	0.10086223599802344
4.0	0.10031397251510381
4.0	0.09861913755929484
4.0	0.09811468853477788
2.0	0.09731113986366735
4.0	0.09648746644890156
4.0	0.09580704729332692
0.0	0.09538297481319469
4.0	0.09428518022706393
4.0	0.09346202568200737
4.0	0.09288646762668587
0.0	0.09214426752509267
