True Label: 0.0
4.0	0.13834289277321493
4.0	0.13483997249264842
2.0	0.13336626734231613
2.0	0.1311450235388945
4.0	0.1305582419667734
4.0	0.1305582419667734
4.0	0.1305582419667734
1.0	0.12439408271422457
4.0	0.12087344460380704
3.0	0.10830607221477648
4.0	0.1037571695799112
4.0	0.09642365197998373
4.0	0.09642365197998373
4.0	0.09642365197998373
4.0	0.09642365197998373
4.0	0.09534625892455924
4.0	0.09534625892455924
0.0	0.08912638665334599
4.0	0.0886968593983624
4.0	0.08326910724800535
4.0	0.08283153665625823
4.0	0.08257228238447704
4.0	0.08257228238447704
4.0	0.08257228238447704
2.0	0.08257228238447704
4.0	0.0799502686333539
4.0	0.07987230638308718
4.0	0.07987230638308718
4.0	0.0778498944161523
1.0	0.07658395810674837
4.0	0.07658395810674837
4.0	0.07537783614444091
4.0	0.07537783614444091
4.0	0.07537783614444091
4.0	0.07537783614444091
4.0	0.07312724241271307
4.0	0.07312724241271307
4.0	0.07312724241271307
4.0	0.07312724241271307
4.0	0.07312724241271307
4.0	0.07106690545187015
4.0	0.07106690545187015
3.0	0.07057846732405855
3.0	0.06917144638660747
4.0	0.06917144638660747
4.0	0.06917144638660747
3.0	0.06897007348075543
4.0	0.06818181818181818
3.0	0.06741998624632421
3.0	0.06659271582120269
