True Label: 0.0
2.0	0.34365568714452915
4.0	0.32163376045133846
0.0	0.2901593353013874
4.0	0.280717307022173
4.0	0.2765204519281134
2.0	0.24595492912420727
4.0	0.24468653523443512
0.0	0.24415567358823817
3.0	0.2383616404589732
4.0	0.23809523809523808
4.0	0.2321035412742638
4.0	0.2309401076758503
4.0	0.2298854360695321
4.0	0.22474747474747475
4.0	0.2151657414559676
4.0	0.181848241863327
2.0	0.1781741612749496
4.0	0.17568209223157663
4.0	0.17568209223157663
3.0	0.17545378532260505
3.0	0.17407765595569785
4.0	0.17401229922129147
4.0	0.1728252824550709
2.0	0.17182784357226458
4.0	0.16239245061540775
4.0	0.1568576498825131
4.0	0.15555555555555553
4.0	0.15552315827194782
3.0	0.15452877499092174
4.0	0.15352206215727943
4.0	0.15156628724104723
4.0	0.15027827244457206
4.0	0.14814814814814817
2.0	0.14559258410038142
4.0	0.14547859349066158
4.0	0.14506471329641488
4.0	0.14213381090374028
4.0	0.1402709019216955
4.0	0.140028008402801
4.0	0.140028008402801
0.0	0.1392197893039337
4.0	0.136816808292472
4.0	0.13608276348795437
4.0	0.13608276348795437
3.0	0.13608276348795434
0.0	0.1336306209562122
4.0	0.13245323570650436
0.0	0.13084683595481034
4.0	0.12909944487358058
1.0	0.12887411217117653
