True Label: 0.0
3.0	0.43617837214497923
3.0	0.4136199784962823
4.0	0.40555355282690636
4.0	0.36109269036423697
4.0	0.3608439182435162
4.0	0.34412360080584264
4.0	0.34320323649182205
4.0	0.31807084862998913
4.0	0.31622776601683794
4.0	0.3125
3.0	0.30000000000000004
4.0	0.29801978033963483
4.0	0.2946278254943948
0.0	0.2946278254943948
4.0	0.2926028679903264
4.0	0.28867513459481287
4.0	0.26940795304016235
4.0	0.2581988897471611
0.0	0.2578553115646983
4.0	0.2551551815399144
4.0	0.25
4.0	0.24253562503633297
4.0	0.23570226039551587
4.0	0.22613350843332272
4.0	0.22613350843332272
4.0	0.22450662753346864
4.0	0.22360679774997896
3.0	0.2211629342323457
4.0	0.21128856368212914
3.0	0.21128856368212912
4.0	0.19364916731037082
4.0	0.19153271942071842
4.0	0.1889822365046136
4.0	0.1875
4.0	0.18655062681115914
4.0	0.18633899812498247
4.0	0.18430244519362143
4.0	0.1767766952966369
3.0	0.17407765595569785
4.0	0.16960013132499205
4.0	0.165930827899993
2.0	0.16556654463313047
4.0	0.1646463899845355
4.0	0.16012815380508713
4.0	0.1599005372667078
3.0	0.1563858105428061
4.0	0.15625
4.0	0.15309310892394865
3.0	0.15309310892394865
0.0	0.15271180544538154
