True Label: 0.0
4.0	0.17038855027411945
4.0	0.1632993161855452
4.0	0.14301938838683886
4.0	0.14301938838683886
4.0	0.13801311186847084
4.0	0.13801311186847084
4.0	0.13693063937629157
4.0	0.1315587028960544
4.0	0.1264911064067352
3.0	0.11504474832710557
4.0	0.11359236684941297
4.0	0.10882143751650175
4.0	0.10846522890932808
4.0	0.10811249552346708
4.0	0.09632419486019037
4.0	0.09428090415820634
4.0	0.0912870929175277
4.0	0.0912870929175277
4.0	0.0912870929175277
4.0	0.09128709291752769
4.0	0.08964214570007953
4.0	0.08885233166386386
4.0	0.08808303292720553
4.0	0.08770580193070293
4.0	0.08770580193070293
4.0	0.08687444855261388
3.0	0.08528028654224418
3.0	0.08451542547285167
4.0	0.08451542547285167
4.0	0.08451542547285167
4.0	0.08451542547285167
4.0	0.08385254915624211
4.0	0.0816496580927726
4.0	0.0816496580927726
4.0	0.0816496580927726
4.0	0.0816496580927726
4.0	0.0816496580927726
4.0	0.0816496580927726
4.0	0.08017837257372731
4.0	0.08017837257372731
4.0	0.07905694150420949
4.0	0.07669649888473705
4.0	0.07669649888473705
4.0	0.07669649888473705
4.0	0.075955452531275
4.0	0.07595545253127499
3.0	0.07565909770424546
4.0	0.074535599249993
4.0	0.074535599249993
4.0	0.074535599249993
