True Label: 0.0
3.0	0.4999999999999997
3.0	0.25102185616940254
4.0	0.2438318968741906
3.0	0.243492376778837
4.0	0.24227185592617445
3.0	0.2343499700593521
4.0	0.22851768228209607
4.0	0.225304646367983
4.0	0.19862652384370802
4.0	0.19851262594808533
3.0	0.19277164398874674
4.0	0.19277164398874672
4.0	0.1853461458285109
4.0	0.17893203011998904
4.0	0.17297550002576423
2.0	0.17201561551404668
4.0	0.1657104529998322
3.0	0.1643156507909243
4.0	0.162933955720065
4.0	0.16087236302194674
3.0	0.15942474690730296
4.0	0.1539981007018036
3.0	0.15111212253175052
0.0	0.15060404471992614
4.0	0.1504823163572115
3.0	0.15040889243658906
4.0	0.14598929061844593
4.0	0.14187608845979144
0.0	0.14187608845979144
3.0	0.1413559288194023
3.0	0.1388574638007535
3.0	0.1388574638007535
4.0	0.1361163766201177
4.0	0.13128071423586216
2.0	0.13101754664587603
4.0	0.12985284527871854
4.0	0.12742547525710124
4.0	0.12704195151210984
4.0	0.12512933267815476
3.0	0.1246006644143917
4.0	0.12428283974987417
3.0	0.12411384919401104
4.0	0.12372538548936815
4.0	0.12342681344690276
3.0	0.12342514856034156
4.0	0.12331063213729507
3.0	0.12291039053455895
3.0	0.12286829679574762
4.0	0.12113592796308723
4.0	0.12038585308576918
