True Label: 0.0
3.0	0.18752289237539815
0.0	0.17246025956247907
0.0	0.15469371268775833
4.0	0.1511857892036909
4.0	0.15020430582991362
4.0	0.14917354742965408
2.0	0.14042189949988187
0.0	0.1255829569401492
2.0	0.11180339887498947
2.0	0.11180339887498947
4.0	0.11084861282842648
4.0	0.10821091383745125
4.0	0.10811249552346708
2.0	0.10733469768527296
3.0	0.10594569267279517
1.0	0.10303392409819245
4.0	0.09583148474999098
1.0	0.09166984970282112
3.0	0.0882108554271954
4.0	0.08728715609439694
4.0	0.08537347209531383
4.0	0.08518354199999197
4.0	0.08451542547285165
2.0	0.0828741930164745
4.0	0.08226127456606226
2.0	0.0797434614945772
4.0	0.07968190728895957
0.0	0.07968190728895957
4.0	0.07715167498104594
4.0	0.07533708035008839
0.0	0.07377111135633174
4.0	0.07377111135633174
4.0	0.07375916558484118
0.0	0.07242957813829329
2.0	0.07207499701564471
3.0	0.07046364516985038
4.0	0.07036338304137553
4.0	0.07032108464077431
4.0	0.07021094974994094
3.0	0.06900655593423542
3.0	0.06776309271789385
4.0	0.06764761869302333
4.0	0.06723686236013816
1.0	0.0668153104781061
0.0	0.06598288790738581
4.0	0.06388765649999398
3.0	0.06364601289048062
1.0	0.06338656910463875
1.0	0.06277648205743444
4.0	0.062418778393235924
