True Label: 0.0
4.0	0.3849001794597505
3.0	0.17213259316477406
4.0	0.17149858514250882
4.0	0.16666666666666666
4.0	0.16169041669088863
4.0	0.16169041669088863
4.0	0.15713484026367724
4.0	0.15294382258037448
4.0	0.15075567228888181
4.0	0.15075567228888181
4.0	0.13699915608779772
4.0	0.1111111111111111
4.0	0.1111111111111111
4.0	0.10540925533894598
4.0	0.09829463743659808
4.0	0.09245003270420485
4.0	0.09245003270420485
4.0	0.0890870806374748
4.0	0.0890870806374748
4.0	0.08679260732054925
4.0	0.08084520834544431
4.0	0.08084520834544431
4.0	0.07856742013183862
4.0	0.07647191129018724
4.0	0.07001400420140048
3.0	0.06950480468569159
3.0	0.06950480468569159
4.0	0.06666666666666667
0.0	0.06415002990995841
4.0	0.0629940788348712
4.0	0.0629940788348712
4.0	0.0629940788348712
4.0	0.06154574548966636
3.0	0.05802588531856595
0.0	0.05555555555555555
4.0	0.05360562674188974
3.0	0.05270462766947299
4.0	0.052057920629535355
4.0	0.052057920629535355
3.0	0.05158821550227578
4.0	0.05143444998736397
3.0	0.04926646390821465
2.0	0.04914731871829904
3.0	0.048112522432468816
1.0	0.048112522432468816
3.0	0.048112522432468816
4.0	0.046676002800933654
4.0	0.046225016352102424
4.0	0.0445435403187374
4.0	0.0445435403187374
