True Label: 0.0
3.0	0.36191641235393646
4.0	0.3582320028359548
4.0	0.3573873979440564
4.0	0.3383751574078812
0.0	0.310911917393915
4.0	0.29457912265490266
4.0	0.29206345641622106
4.0	0.2916830603234046
4.0	0.2763397118831029
4.0	0.2647704024654821
4.0	0.2577030497790186
4.0	0.2487554967702519
4.0	0.2456150850501438
3.0	0.23762422826087873
0.0	0.2335496832484569
4.0	0.22934123614693147
4.0	0.2211159971291128
2.0	0.21915164670578988
4.0	0.2160971607129433
4.0	0.215365246126974
3.0	0.19894589252079753
4.0	0.18233692233542073
4.0	0.18093671611393652
3.0	0.18018749253911182
3.0	0.1770003218190595
4.0	0.17584498711333246
4.0	0.17545378532260505
4.0	0.17509387974295532
2.0	0.17336567891911936
4.0	0.17180203318601237
4.0	0.17007533576245187
3.0	0.17007533576245187
4.0	0.16448792373994228
4.0	0.16448792373994225
4.0	0.16170168565902476
0.0	0.16166432917592521
2.0	0.16140353228810234
4.0	0.16138827728858143
2.0	0.15844661388983844
4.0	0.15686609568480062
4.0	0.15635262099882083
4.0	0.15578223511228537
4.0	0.15466078233808006
4.0	0.15466078233808006
4.0	0.15201724802626507
4.0	0.15201724802626507
4.0	0.15075567228888181
4.0	0.150422264570123
1.0	0.14878492516090389
1.0	0.14878492516090389
