True Label: 0.0
0.0	0.21505972236036827
3.0	0.19065241589159107
4.0	0.1811154190869897
4.0	0.18067231953631446
0.0	0.16589023320142832
4.0	0.16534058624350478
3.0	0.15430334996209194
1.0	0.1405590228543692
3.0	0.13281330062271493
0.0	0.12598815766974242
1.0	0.12000384018432983
2.0	0.11519542913605602
4.0	0.11071526204365267
4.0	0.10591481821704045
4.0	0.10101525445522107
4.0	0.10101525445522107
4.0	0.10022296571715913
0.0	0.09945847731781222
4.0	0.0985138007798876
0.0	0.09449111825230679
4.0	0.09354143466934856
4.0	0.09354143466934856
4.0	0.0930484210398471
0.0	0.09216911430120157
4.0	0.09187105190739588
4.0	0.09149063183892497
1.0	0.08994870660544453
4.0	0.08939417248451381
0.0	0.08558303106230311
4.0	0.08381981343406687
4.0	0.08351913809763262
4.0	0.08351913809763262
4.0	0.08267972847076846
2.0	0.08171092396256872
2.0	0.08171092396256872
0.0	0.08166315725101857
4.0	0.08151391459392224
0.0	0.08099238707340585
4.0	0.08058229640253803
3.0	0.08014992202960358
3.0	0.08014992202960358
4.0	0.0790569415042095
4.0	0.07874259854358902
4.0	0.07824607964359517
4.0	0.07715167498104597
0.0	0.07715167498104594
4.0	0.07664241743562072
3.0	0.07623395035425612
3.0	0.07537783614444091
1.0	0.07516722428786936
