True Label: 0.0
4.0	0.21500329089188291
4.0	0.21128856368212912
2.0	0.2086268914979924
4.0	0.19069251784911845
4.0	0.16269784336399212
4.0	0.15504341823651058
0.0	0.13801311186847084
0.0	0.12499999999999999
4.0	0.12403473458920845
4.0	0.11547005383792514
4.0	0.11180339887498948
4.0	0.10963225241337866
2.0	0.1043134457489962
0.0	0.09759000729485331
4.0	0.09682458365518543
4.0	0.09682458365518543
4.0	0.09534625892455922
4.0	0.09534625892455922
4.0	0.09534625892455922
4.0	0.09534625892455922
4.0	0.09325048082403138
3.0	0.09316949906249122
4.0	0.09302605094190634
4.0	0.09302605094190634
1.0	0.09274777915203365
4.0	0.09128709291752769
4.0	0.08944271909999159
4.0	0.08728715609439695
3.0	0.08625819491779428
4.0	0.08519427513705972
4.0	0.08385254915624211
4.0	0.08385254915624211
4.0	0.0816496580927726
4.0	0.08134892168199606
4.0	0.0790569415042095
4.0	0.0790569415042095
0.0	0.07905694150420947
4.0	0.07669649888473704
4.0	0.07453559924999298
4.0	0.07319250547113998
3.0	0.07319250547113998
4.0	0.07254762501100116
4.0	0.07197078935615439
4.0	0.07191949522280762
4.0	0.07150969419341942
3.0	0.07150969419341942
4.0	0.07071067811865475
4.0	0.07071067811865475
1.0	0.06918984060216637
0.0	0.06900655593423542
