True Label: 0.0
0.0	0.2914618832617291
4.0	0.2844400619942871
4.0	0.27086816944298064
3.0	0.2527625148017183
4.0	0.2282177322938192
4.0	0.22119801907589856
4.0	0.22019275302527214
0.0	0.2190061014783499
2.0	0.20457213731073856
2.0	0.19849711139180454
4.0	0.1864322375594512
2.0	0.17313584026611092
4.0	0.17195418655974795
4.0	0.17084570703744964
2.0	0.15713484026367722
4.0	0.1543033499620919
4.0	0.15309310892394862
3.0	0.15214515486254612
1.0	0.14119562368122626
2.0	0.1400166012903709
4.0	0.13781147763159413
4.0	0.13580030822584888
0.0	0.13514747567989718
4.0	0.13043729868748774
4.0	0.12961896184130314
2.0	0.12654736218287937
1.0	0.12144206934382144
1.0	0.12111702530309268
0.0	0.11752602301232419
0.0	0.11567103666619116
4.0	0.11501092655705902
2.0	0.1132427753218028
0.0	0.10958087544703807
4.0	0.1091089451179962
4.0	0.10910894511799618
3.0	0.10530400393442721
4.0	0.1051406485448467
4.0	0.10506251342789635
0.0	0.10286889997472794
4.0	0.10286889997472792
0.0	0.09924855569590227
1.0	0.09864537766768434
4.0	0.09776474334756886
0.0	0.09709065490544784
4.0	0.09338592095470354
4.0	0.09154172965460303
0.0	0.08858025448687273
4.0	0.08505172717997146
3.0	0.07938161203464003
3.0	0.07938161203464003
