True Label: 0.0
4.0	0.3131121455425747
3.0	0.26647402004950604
4.0	0.25854384499750954
0.0	0.24325638628366392
4.0	0.23320381162846937
4.0	0.2035228946026736
4.0	0.19174124721184263
2.0	0.18632102821336105
4.0	0.18098069149825669
3.0	0.17479178116808083
4.0	0.1681681984990781
4.0	0.16269784336399212
4.0	0.16269784336399212
4.0	0.16269784336399212
4.0	0.15512630699850571
4.0	0.1533929977694741
4.0	0.1533929977694741
4.0	0.15158476564770812
4.0	0.1455213750217998
2.0	0.14400122254618103
3.0	0.14034022285595996
4.0	0.13750477455423168
4.0	0.1345345587992625
4.0	0.1345345587992625
4.0	0.13299972219613668
4.0	0.1328422328310143
4.0	0.1328422328310143
4.0	0.1328422328310143
4.0	0.13068205256070964
3.0	0.12964074471043288
3.0	0.12681977169925246
3.0	0.12681977169925246
4.0	0.12524485821702988
2.0	0.1237684428720843
1.0	0.12320822072673948
0.0	0.12243052187789845
0.0	0.12162819314183196
0.0	0.12162819314183196
3.0	0.12126781251816648
3.0	0.12126781251816648
4.0	0.12126781251816647
4.0	0.12126781251816647
4.0	0.11979784531462546
3.0	0.11904354139738543
4.0	0.11834526708278775
0.0	0.11834526708278773
4.0	0.11803342130469505
4.0	0.11764705882352941
4.0	0.11764705882352941
3.0	0.11725431429986932
