True Label: 0.0
2.0	0.5
3.0	0.38824485802367653
4.0	0.37133874062352606
4.0	0.37006028361858634
4.0	0.3685770701003708
4.0	0.3606497548653875
2.0	0.3510989038028634
4.0	0.3460588737679175
4.0	0.34365568714452915
0.0	0.33512546094444323
4.0	0.2899103782969038
4.0	0.28549857085853186
4.0	0.28057938012106604
4.0	0.27472112789737807
4.0	0.26920249413283925
4.0	0.26651864186110785
4.0	0.25361874927309164
4.0	0.25221722547759984
4.0	0.24892565037940467
4.0	0.24088846937157604
4.0	0.23791547571544325
4.0	0.2359732760770793
4.0	0.23588370942962134
3.0	0.22913326005048193
0.0	0.22682401638637817
4.0	0.2257064381589836
4.0	0.2257064381589836
3.0	0.21915164670578988
0.0	0.21346619809405207
4.0	0.2111181358142314
3.0	0.20982172726556325
4.0	0.20970082738386558
4.0	0.207669652660466
3.0	0.20133811463605142
1.0	0.19546750924338122
4.0	0.1943464245655125
4.0	0.19425717247145285
3.0	0.19425717247145285
4.0	0.19194646967528659
0.0	0.18428853505018536
4.0	0.18323156627951165
4.0	0.18001742407975596
1.0	0.1793355374470539
1.0	0.1793355374470539
2.0	0.1767613945916014
3.0	0.17374889710522776
3.0	0.17331971020739498
2.0	0.1713212808097182
4.0	0.16956156135971895
2.0	0.16956156135971895
