True Label: 0.0
4.0	0.33553242866759736
1.0	0.2859584361023727
3.0	0.27922410657913344
0.0	0.25123889404696165
4.0	0.24922232018436336
2.0	0.24478174975308228
4.0	0.24106302110709235
4.0	0.23310943840225273
1.0	0.23110341016343408
2.0	0.21038748719667394
4.0	0.2100914517040045
0.0	0.20833669623328324
2.0	0.2083137988197118
4.0	0.20594974302626548
4.0	0.20457213731073856
4.0	0.20066441395681403
1.0	0.19892064509245716
2.0	0.19741398529789886
2.0	0.19528336647123584
0.0	0.194074169913194
4.0	0.18853077699746376
0.0	0.18039933688671925
2.0	0.17733324081659613
4.0	0.1691203563006365
2.0	0.14472134241588805
4.0	0.1440714089162344
0.0	0.14320237913291012
0.0	0.1425304939292765
4.0	0.14204774743178403
0.0	0.142047747431784
4.0	0.13723116159876972
4.0	0.13716354338249467
4.0	0.13621375087364448
4.0	0.13408658223946474
3.0	0.133103984125501
0.0	0.1256208790165845
4.0	0.12274328238644315
0.0	0.12274328238644314
3.0	0.11933983506575523
4.0	0.11891605749668122
1.0	0.1169996636264506
3.0	0.1163282318221187
4.0	0.11474967009517273
4.0	0.11189846599639869
4.0	0.11175932104994701
4.0	0.1110254763306738
3.0	0.1080470323049166
4.0	0.10021947040037718
1.0	0.09924282800458031
4.0	0.0987796160398175
