True Label: 0.0
1.0	0.12397524074874558
0.0	0.12343219696001853
3.0	0.11791171020679514
4.0	0.11235088294097074
3.0	0.11113855611859677
4.0	0.10907688725183692
4.0	0.0985138007798876
2.0	0.09723791520265983
0.0	0.09681026366935615
3.0	0.09652341781316803
4.0	0.09632178836545344
3.0	0.09576635971035923
4.0	0.09517337345336012
2.0	0.09517337345336012
4.0	0.0949122663126591
0.0	0.09268474973316582
4.0	0.09226898778556146
4.0	0.09223131928520185
4.0	0.09215122259681072
4.0	0.08695652173913045
4.0	0.08688100585711449
3.0	0.08587172915538824
3.0	0.08340774918385192
4.0	0.08178608201095307
1.0	0.0814112011282295
4.0	0.08075728530872482
3.0	0.0802572353905128
3.0	0.07944407119985641
4.0	0.0789509833928216
4.0	0.07819290527140303
4.0	0.07779698928301775
2.0	0.07767307963227175
1.0	0.07634255106530613
4.0	0.07372097807744857
4.0	0.07372097807744857
4.0	0.07321568783151895
3.0	0.07317421420371176
4.0	0.0730842643059077
4.0	0.07307523444215928
4.0	0.07151985398521515
3.0	0.07151985398521515
4.0	0.07151985398521515
3.0	0.07151985398521515
4.0	0.06950480468569159
0.0	0.06950480468569159
2.0	0.06844820977417419
0.0	0.06711310712746475
0.0	0.06552975829106539
4.0	0.06516075439283586
4.0	0.06463815540849595
