True Label: 0.0
4.0	0.5000000000000001
2.0	0.1331355714520056
1.0	0.13176156917368248
3.0	0.12076147288491199
3.0	0.11016316230980794
3.0	0.10476454436543672
4.0	0.10229915092057101
4.0	0.09975399716733133
4.0	0.09972337429718003
4.0	0.09393364366277242
1.0	0.08701542729777069
4.0	0.08660254037844385
2.0	0.08534736470372419
4.0	0.08417526702307614
3.0	0.08134892168199606
4.0	0.08134892168199606
4.0	0.08134892168199606
4.0	0.08032193289024989
3.0	0.07827803638564368
4.0	0.07796258693525267
4.0	0.0767868896042439
4.0	0.07669649888473704
0.0	0.07402332101976053
3.0	0.07319250547113998
3.0	0.0709952292808831
4.0	0.07071067811865475
4.0	0.07071067811865475
4.0	0.07071067811865475
3.0	0.06993786061802354
2.0	0.06947125179709106
3.0	0.06877767783794073
4.0	0.06842998274659794
4.0	0.06741998624632421
4.0	0.06741998624632421
4.0	0.06741998624632421
4.0	0.06741998624632421
2.0	0.0671094365241449
4.0	0.0659380473395787
2.0	0.06567418854872549
4.0	0.06454972243679029
4.0	0.06454972243679029
4.0	0.06454972243679029
4.0	0.06454972243679029
4.0	0.06454972243679029
1.0	0.06454972243679027
4.0	0.06412364700532212
4.0	0.06332377902572627
4.0	0.06329621044272915
4.0	0.06262242910851494
4.0	0.06201736729460423
