True Label: 0.0
4.0	0.28489155985644793
4.0	0.2733062457290543
1.0	0.20013236268821485
4.0	0.19840970348143971
1.0	0.19701273099093558
2.0	0.1836068339735431
4.0	0.17184994503786144
0.0	0.1498726623325452
1.0	0.14947774026973706
3.0	0.14810993893735055
4.0	0.14285046486419178
2.0	0.14186538042638172
3.0	0.13346853761208058
4.0	0.13300120746106484
2.0	0.13241305087025704
3.0	0.13207547169811323
4.0	0.1303116728289208
0.0	0.11778571185788639
1.0	0.11657357343480679
0.0	0.11550651135050394
3.0	0.11456663002524096
2.0	0.1112636327918363
0.0	0.10927819720786573
1.0	0.10775449168807308
2.0	0.10729693339314987
0.0	0.10726058003503604
4.0	0.10658775513008284
1.0	0.10639903531978628
4.0	0.10618929483766582
2.0	0.10574021142908589
2.0	0.10574021142908589
4.0	0.10192133460746192
3.0	0.10126355123567277
0.0	0.10068758264448044
4.0	0.10024580127208584
4.0	0.10024580127208584
2.0	0.09913144821476805
4.0	0.09913144821476805
3.0	0.09811468853477787
2.0	0.09712858623572643
4.0	0.09664655553706583
0.0	0.09631454182455403
1.0	0.09601551546429384
3.0	0.09580704729332695
2.0	0.09564561997176209
2.0	0.09535709557390087
4.0	0.09524241471993242
4.0	0.09453802374948816
1.0	0.0944353877147237
0.0	0.09359544762813837
