True Label: 0.0
0.0	0.13483997249264842
0.0	0.12909944487358058
4.0	0.11918282365569903
2.0	0.11428157422397427
2.0	0.10540925533894599
3.0	0.09759000729485331
1.0	0.08577503924427757
1.0	0.08577503924427757
1.0	0.08111071056538126
4.0	0.07559289460184544
4.0	0.07453559924999298
4.0	0.07071067811865475
4.0	0.06741998624632421
1.0	0.06693494407520822
4.0	0.06454972243679029
4.0	0.06201736729460423
0.0	0.05923488777590924
4.0	0.05838742081211422
2.0	0.05773502691896257
4.0	0.05773502691896257
1.0	0.05679618342470648
4.0	0.05590169943749474
3.0	0.05590169943749474
0.0	0.05514109665703558
2.0	0.052704627669472995
0.0	0.05190342490858747
1.0	0.04847292089559258
0.0	0.04794633014853841
2.0	0.04791574237499549
4.0	0.04767312946227961
4.0	0.04767312946227961
2.0	0.0469668218313862
3.0	0.04662524041201569
3.0	0.044721359549995794
4.0	0.043852900965351466
2.0	0.04366668823046865
4.0	0.04303314829119352
4.0	0.042257712736425826
0.0	0.04088117804359414
4.0	0.04008918628686366
3.0	0.039528470752104736
2.0	0.03892494720807615
0.0	0.03834824944236852
1.0	0.03816163884860883
0.0	0.036760731104690386
2.0	0.03627381250550058
2.0	0.035921060405354976
4.0	0.03580574370197165
0.0	0.035578403348241
4.0	0.035355339059327376
