Unlabeled	U_avg	U_sd	L_avg	L_sd
U[0]	0.3314219688600043	1.7537224691545952	0.3314219688600043	1.7537224691545952
U[1]	0.22767823535930656	1.346164026613074	0.22767823535930656	1.346164026613074
U[2]	0.22811146573749305	1.3726522856395353	0.22811146573749305	1.3726522856395353
U[3]	0.21713443809825136	1.2863777932322455	0.21713443809825136	1.2863777932322455
U[4]	0.23048282759367178	1.2889394694569878	0.23048282759367178	1.2889394694569878
U[5]	0.23309903419907535	1.3861883026505106	0.23309903419907535	1.3861883026505106
U[6]	0.22890685394315757	1.3174490301693929	0.22890685394315757	1.3174490301693929
U[7]	0.21270575969226313	1.323617201350429	0.21270575969226313	1.323617201350429
U[8]	0.22619319669329593	1.293192757622076	0.22619319669329593	1.293192757622076
U[9]	0.20740850819420917	1.2814003123000264	0.20740850819420917	1.2814003123000264
U[10]	0.2277319107718297	1.359846086730822	0.2277319107718297	1.359846086730822
U[11]	0.2584565865905512	1.4979392387640458	0.2584565865905512	1.4979392387640458
U[12]	0.22318143283866365	1.2952384162461237	0.22318143283866365	1.2952384162461237
U[13]	0.22880982930627483	1.348267000112789	0.22880982930627483	1.348267000112789
U[14]	0.25870667652671725	1.4995675707046277	0.25870667652671725	1.4995675707046277
U[15]	0.2262082191297934	1.3144552308885749	0.2262082191297934	1.3144552308885749
U[16]	0.24145157223534178	1.3890963500060938	0.24145157223534178	1.3890963500060938
U[17]	0.2369173933296299	1.4063083602921689	0.2369173933296299	1.4063083602921689
U[18]	0.24208844205604027	1.4177008830532933	0.24208844205604027	1.4177008830532933
U[19]	0.22960534119620724	1.3257256412892464	0.22960534119620724	1.3257256412892464
U[20]	0.24834763783288577	1.4564113127852618	0.24834763783288577	1.4564113127852618
U[21]	0.22069753301441422	1.1731836699618834	0.22069753301441422	1.1731836699618834
U[22]	0.24115282936172464	1.3629925375753789	0.24115282936172464	1.3629925375753789
U[23]	0.23557171335840774	1.3074556579153316	0.23557171335840774	1.3074556579153316
U[24]	0.2342190900142839	1.3577494995554773	0.2342190900142839	1.3577494995554773
U[25]	0.23256729653846717	1.367529755536397	0.23256729653846717	1.367529755536397
U[26]	0.2496484953626519	1.4429968090354108	0.2496484953626519	1.4429968090354108
U[27]	0.233926934737558	1.333466405837941	0.233926934737558	1.333466405837941
U[28]	0.28370760323928895	1.6678962855867132	0.28370760323928895	1.6678962855867132
U[29]	0.2297775730454054	1.331576911480306	0.2297775730454054	1.331576911480306
U[30]	0.22614266253671994	1.248605496982074	0.22614266253671994	1.248605496982074
U[31]	0.23508040673061487	1.3217426885103063	0.23508040673061487	1.3217426885103063
U[32]	0.23271248518296442	1.376079899571623	0.23271248518296442	1.376079899571623
U[33]	0.22848045884285237	1.2840913053400271	0.22848045884285237	1.2840913053400271
U[34]	0.23603967697382416	1.325724572177531	0.23603967697382416	1.325724572177531
U[35]	0.24723351422002415	1.3919243368946335	0.24723351422002415	1.3919243368946335
U[36]	0.25354812128661486	1.519401238122968	0.25354812128661486	1.519401238122968
U[37]	0.22544635287861337	1.2685251903554107	0.22544635287861337	1.2685251903554107
U[38]	0.23822322276308489	1.340612506906194	0.23822322276308489	1.340612506906194
U[39]	0.24483044954943786	1.3782866578382467	0.24483044954943786	1.3782866578382467
U[40]	0.23244756844547007	1.2807134922104748	0.23244756844547007	1.2807134922104748
U[41]	0.2148935599465437	1.2430266126891907	0.2148935599465437	1.2430266126891907
U[42]	0.2308185788889693	1.3736167158275792	0.2308185788889693	1.3736167158275792
U[43]	0.2405529323048512	1.3938525835757782	0.2405529323048512	1.3938525835757782
U[44]	0.2336082858865609	1.376074503938775	0.2336082858865609	1.376074503938775
U[45]	0.2496822903562266	1.3861402062146921	0.2496822903562266	1.3861402062146921
U[46]	0.23203355637682951	1.278219768421419	0.23203355637682951	1.278219768421419
U[47]	0.23848191868570817	1.4021783792590572	0.23848191868570817	1.4021783792590572
U[48]	0.22437442205556077	1.2269127480372288	0.22437442205556077	1.2269127480372288
U[49]	0.22361595371859277	1.1957087279555527	0.22361595371859277	1.1957087279555527
U[50]	0.23561016059349169	1.3383911720579755	0.23561016059349169	1.3383911720579755
U[51]	0.22304595453751544	1.2817085979912097	0.22304595453751544	1.2817085979912097
U[52]	0.22517964418549674	1.2791539523271167	0.22517964418549674	1.2791539523271167
U[53]	0.2245729699754015	1.3129706275535786	0.2245729699754015	1.3129706275535786
U[54]	0.23439745610583043	1.3301652124139043	0.23439745610583043	1.3301652124139043
U[55]	0.2298277542976608	1.2744220902399475	0.2298277542976608	1.2744220902399475
U[56]	0.2124328074546497	1.231287412930975	0.2124328074546497	1.231287412930975
U[57]	0.21387662498152957	1.201628714871044	0.21387662498152957	1.201628714871044
U[58]	0.20898142069041303	1.1841637309819741	0.20898142069041303	1.1841637309819741
U[59]	0.20959639374739042	1.154389801285098	0.20959639374739042	1.154389801285098
U[60]	0.21313096861730388	1.2114704572584793	0.21313096861730388	1.2114704572584793
U[61]	0.2319980691937824	1.3347402860872406	0.2319980691937824	1.3347402860872406
U[62]	0.2107754793130349	1.2591935874755804	0.2107754793130349	1.2591935874755804
U[63]	0.22098771930025646	1.209281395620477	0.22098771930025646	1.209281395620477
U[64]	0.20287420858779082	1.16701334593328	0.20287420858779082	1.16701334593328
U[65]	0.2501915781717604	1.3565967600226938	0.2501915781717604	1.3565967600226938
U[66]	0.21902994347617263	1.1346663475297507	0.21902994347617263	1.1346663475297507
U[67]	0.1943018974756045	0.9774720611222011	0.1943018974756045	0.9774720611222011
U[68]	0.22374033914121635	1.1724106324991526	0.22374033914121635	1.1724106324991526
U[69]	0.24689369857507565	1.229874098398882	0.24689369857507565	1.229874098398882
U[70]	0.25202185131148136	1.3253587772165996	0.25202185131148136	1.3253587772165996
U[71]	0.2347814900416938	1.2884821172141228	0.2347814900416938	1.2884821172141228
U[72]	0.23215518399051	1.2407713475525477	0.23215518399051	1.2407713475525477
U[73]	0.2134728443065073	1.1446198691987344	0.2134728443065073	1.1446198691987344
U[74]	0.20342961047696734	1.147330481851228	0.20342961047696734	1.147330481851228
U[75]	0.2188879239454129	1.1015701201244075	0.2188879239454129	1.1015701201244075
U[76]	0.24350579812108725	1.3307184144993756	0.24350579812108725	1.3307184144993756
U[77]	0.22245061758422963	1.1984536569940338	0.22245061758422963	1.1984536569940338
U[78]	0.23078356990413781	1.169679901985884	0.23078356990413781	1.169679901985884
U[79]	0.23902592894720387	1.2717046357187847	0.23902592894720387	1.2717046357187847
U[80]	0.21198542941545112	1.075297016277054	0.21198542941545112	1.075297016277054
U[81]	0.22040777025118657	1.0976290620712976	0.22040777025118657	1.0976290620712976
U[82]	0.2195745249476368	1.1194883028998452	0.2195745249476368	1.1194883028998452
U[83]	0.2425059322345131	1.2379704684582398	0.2425059322345131	1.2379704684582398
U[84]	0.19538218148914127	0.9998427389422138	0.19538218148914127	0.9998427389422138
U[85]	0.19900743652909575	0.9637708272004641	0.19900743652909575	0.9637708272004641
U[86]	0.20205258941629178	1.0838675927969459	0.20205258941629178	1.0838675927969459
U[87]	0.2518102934552621	1.370522832599786	0.2518102934552621	1.370522832599786
U[88]	0.24657067888654333	1.2582358271836225	0.24657067888654333	1.2582358271836225
U[89]	0.21396258903952606	1.059374851388175	0.21396258903952606	1.059374851388175
U[90]	0.20509750727383325	1.0313082402560172	0.20509750727383325	1.0313082402560172
U[91]	0.24228223553674144	1.2048829670352281	0.24228223553674144	1.2048829670352281
U[92]	0.21218898932746955	1.0436017928460972	0.21218898932746955	1.0436017928460972
U[93]	0.2246536954603562	1.1180224823215277	0.2246536954603562	1.1180224823215277
U[94]	0.23979128613094244	1.2141154732046897	0.23979128613094244	1.2141154732046897
U[95]	0.23664531579989137	1.1704109961928288	0.23664531579989137	1.1704109961928288
U[96]	0.22250146457504186	1.0952750725259708	0.22250146457504186	1.0952750725259708
U[97]	0.22161110075712334	1.290558462206334	0.22161110075712334	1.290558462206334
U[98]	0.2187184172872536	1.103103085616929	0.2187184172872536	1.103103085616929
U[99]	0.23151397834927487	1.1316342810598214	0.23151397834927487	1.1316342810598214
U[100]	0.2911202655874522	1.5307564558397493	0.2911202655874522	1.5307564558397493
U[101]	0.26691374541465157	1.350048738733124	0.26691374541465157	1.350048738733124
U[102]	0.2550627885932259	1.3234248851363482	0.2550627885932259	1.3234248851363482
U[103]	0.2580240455996961	1.3046330854754564	0.2580240455996961	1.3046330854754564
U[104]	0.22785780471369738	1.095165437550992	0.22785780471369738	1.095165437550992
U[105]	0.2289665606017357	1.113632709038242	0.2289665606017357	1.113632709038242
U[106]	0.24240265183969462	1.2124386315352502	0.24240265183969462	1.2124386315352502
U[107]	0.24747675940455652	1.2795146630905725	0.24747675940455652	1.2795146630905725
U[108]	0.2289085945704908	1.1160630374140312	0.2289085945704908	1.1160630374140312
U[109]	0.23345419337096884	1.1726007390832847	0.23345419337096884	1.1726007390832847
U[110]	0.23989720416467375	1.1664309909548367	0.23989720416467375	1.1664309909548367
U[111]	0.25862710345218376	1.3174551624542623	0.25862710345218376	1.3174551624542623
U[112]	0.23983099663996468	1.315485594229573	0.23983099663996468	1.315485594229573
U[113]	0.21957774295387036	1.0280222006906148	0.21957774295387036	1.0280222006906148
U[114]	0.23732783983182937	1.168441400199029	0.23732783983182937	1.168441400199029
U[115]	0.2428801197004043	1.168392973836255	0.2428801197004043	1.168392973836255
U[116]	0.25271480942790103	1.3067110127821506	0.25271480942790103	1.3067110127821506
U[117]	0.25737597512191485	1.211979793597033	0.25737597512191485	1.211979793597033
U[118]	0.2568066072918965	1.2819934717647867	0.2568066072918965	1.2819934717647867
U[119]	0.25618452572680356	1.322419364677062	0.25618452572680356	1.322419364677062
U[120]	0.25241840028825063	1.3407564700162595	0.25241840028825063	1.3407564700162595
U[121]	0.23692103416161647	1.1487939266682083	0.23692103416161647	1.1487939266682083
U[122]	0.2451389765946208	1.2127510983575254	0.2451389765946208	1.2127510983575254
U[123]	0.2313927373402178	1.0983815861030908	0.2313927373402178	1.0983815861030908
U[124]	0.23313763409842664	1.0993176833697724	0.23313763409842664	1.0993176833697724
U[125]	0.24182994800741794	1.2352941610748953	0.24182994800741794	1.2352941610748953
U[126]	0.2527209984589706	1.2747165077332454	0.2527209984589706	1.2747165077332454
U[127]	0.26008689134129354	1.2786590037763164	0.26008689134129354	1.2786590037763164
U[128]	0.2607263182876823	1.3223401021077357	0.2607263182876823	1.3223401021077357
U[129]	0.22555375610235126	1.0590690533852356	0.22555375610235126	1.0590690533852356
U[130]	0.2688997856906371	1.3311909567111626	0.2688997856906371	1.3311909567111626
U[131]	0.23725907664713616	1.1580071177423585	0.23725907664713616	1.1580071177423585
U[132]	0.2239773222581034	1.1160225828855226	0.2239773222581034	1.1160225828855226
U[133]	0.22358921822641237	1.1010306799325624	0.22358921822641237	1.1010306799325624
U[134]	0.23431966895887604	1.3144430998565606	0.23431966895887604	1.3144430998565606
U[135]	0.22202350729811826	1.0738265139943717	0.22202350729811826	1.0738265139943717
U[136]	0.23250257498596852	1.1425136542386751	0.23250257498596852	1.1425136542386751
U[137]	0.23376306320224333	1.1713643095629915	0.23376306320224333	1.1713643095629915
U[138]	0.238633879134231	1.2403267368239776	0.238633879134231	1.2403267368239776
U[139]	0.2275138484091564	1.1283261881735875	0.2275138484091564	1.1283261881735875
U[140]	0.23977385535487702	1.1548192334629337	0.23977385535487702	1.1548192334629337
U[141]	0.24008917986506767	1.2182647330123335	0.24008917986506767	1.2182647330123335
U[142]	0.24930155102467735	1.2217015152135364	0.24930155102467735	1.2217015152135364
U[143]	0.25950558627815373	1.370482000393669	0.25950558627815373	1.370482000393669
U[144]	0.22681890905667315	1.1599301011403793	0.22681890905667315	1.1599301011403793
U[145]	0.2336234380139399	1.1280013431207396	0.2336234380139399	1.1280013431207396
U[146]	0.24080925497411054	1.1879371128358749	0.24080925497411054	1.1879371128358749
U[147]	0.242002712104779	1.239985680717135	0.242002712104779	1.239985680717135
U[148]	0.23234017313142885	1.162623797286026	0.23234017313142885	1.162623797286026
U[149]	0.22282197870514017	1.0940327531783007	0.22282197870514017	1.0940327531783007
U[150]	0.15949869354155197	0.5244671509369117	0.15949869354155197	0.5244671509369117
U[151]	0.1547447656148076	0.5863151426469508	0.1547447656148076	0.5863151426469508
U[152]	0.150074552682346	0.5584043753920165	0.150074552682346	0.5584043753920165
U[153]	0.16808103562444995	0.7087364779972657	0.16808103562444995	0.7087364779972657
U[154]	0.13990513279412148	0.542134642811633	0.13990513279412148	0.542134642811633
U[155]	0.1280988676467721	0.4300181076695948	0.1280988676467721	0.4300181076695948
U[156]	0.14213790482134037	0.629098411479053	0.14213790482134037	0.629098411479053
U[157]	0.15912729422315863	0.6454797258349355	0.15912729422315863	0.6454797258349355
U[158]	0.14799199150769154	0.567685439318314	0.14799199150769154	0.567685439318314
U[159]	0.1532905130176537	0.5011739120560592	0.1532905130176537	0.5011739120560592
U[160]	0.15184452168718643	0.5591824558247648	0.15184452168718643	0.5591824558247648
U[161]	0.14431960108493408	0.48790317742284317	0.14431960108493408	0.48790317742284317
U[162]	0.22811904579774217	1.0402137575119075	0.22811904579774217	1.0402137575119075
U[163]	0.2092774744285083	1.021623940668154	0.2092774744285083	1.021623940668154
U[164]	0.20118277787056207	0.9667514359119256	0.20118277787056207	0.9667514359119256
U[165]	0.18071230190406865	0.7703810007270526	0.18071230190406865	0.7703810007270526
U[166]	0.1929982127058252	1.0100364705829845	0.1929982127058252	1.0100364705829845
U[167]	0.17864523707241997	0.8185387166373503	0.17864523707241997	0.8185387166373503
U[168]	0.17591702607328755	0.8594811707048291	0.17591702607328755	0.8594811707048291
U[169]	0.1744747650406721	0.834597252937854	0.1744747650406721	0.834597252937854
U[170]	0.18428927803809586	0.9215214018424535	0.18428927803809586	0.9215214018424535
U[171]	0.1964950755286465	0.9265565154519877	0.1964950755286465	0.9265565154519877
U[172]	0.16456374538635055	0.7378475393390956	0.16456374538635055	0.7378475393390956
U[173]	0.17751155789172668	0.8802451329080321	0.17751155789172668	0.8802451329080321
U[174]	0.17352424652974013	0.9410993965168143	0.17352424652974013	0.9410993965168143
U[175]	0.17363334213303072	0.843790320416371	0.17363334213303072	0.843790320416371
U[176]	0.17240253858993446	0.9023793201373906	0.17240253858993446	0.9023793201373906
U[177]	0.15751061054276405	0.7166917323975935	0.15751061054276405	0.7166917323975935
U[178]	0.1623220549564446	0.7874017816836566	0.1623220549564446	0.7874017816836566
